10AA01-0114-0086	
250	0.0786
251	0.0783
252	0.0781
253	0.0777
254	0.0775
255	0.0774
256	0.0771
257	0.0768
258	0.0766
259	0.0764
260	0.0762
261	0.0760
262	0.0759
263	0.0758
264	0.0756
265	0.0754
266	0.0752
267	0.0751
268	0.0750
269	0.0748
270	0.0746
271	0.0745
272	0.0744
273	0.0742
274	0.0741
275	0.0741
276	0.0739
277	0.0738
278	0.0738
279	0.0736
280	0.0734
281	0.0733
282	0.0733
283	0.0732
284	0.0730
285	0.0729
286	0.0728
287	0.0727
288	0.0727
289	0.0727
290	0.0726
291	0.0725
292	0.0724
293	0.0724
294	0.0724
295	0.0722
296	0.0721
297	0.0721
298	0.0721
299	0.0720
300	0.0718
301	0.0718
302	0.0717
303	0.0717
304	0.0715
305	0.0716
306	0.0716
307	0.0714
308	0.0713
309	0.0712
310	0.0712
311	0.0711
312	0.0710
313	0.0710
314	0.0710
315	0.0709
316	0.0709
317	0.0709
318	0.0711
319	0.0712
320	0.0710
321	0.0709
322	0.0708
323	0.0709
324	0.0707
325	0.0706
326	0.0707
327	0.0707
328	0.0707
329	0.0707
330	0.0707
331	0.0706
332	0.0705
333	0.0705
334	0.0706
335	0.0707
336	0.0705
337	0.0704
338	0.0703
339	0.0703
340	0.0704
341	0.0704
342	0.0705
343	0.0703
344	0.0702
345	0.0702
346	0.0702
347	0.0702
348	0.0703
349	0.0703
350	0.0702
351	0.0701
352	0.0701
353	0.0702
354	0.0701
355	0.0701
356	0.0701
357	0.0702
358	0.0700
359	0.0700
360	0.0700
361	0.0700
362	0.0700
363	0.0700
364	0.0700
365	0.0701
366	0.0701
367	0.0700
368	0.0700
369	0.0700
370	0.0701
371	0.0701
372	0.0701
373	0.0701
374	0.0701
375	0.0702
376	0.0701
377	0.0701
378	0.0700
379	0.0700
380	0.0699
381	0.0700
382	0.0700
383	0.0699
384	0.0699
385	0.0701
386	0.0701
387	0.0701
388	0.0701
389	0.0701
390	0.0701
391	0.0701
392	0.0701
393	0.0701
394	0.0701
395	0.0702
396	0.0703
397	0.0702
398	0.0702
399	0.0702
400	0.0703
401	0.0702
402	0.0703
403	0.0703
404	0.0704
405	0.0704
406	0.0704
407	0.0704
408	0.0704
409	0.0704
410	0.0704
411	0.0704
412	0.0705
413	0.0705
414	0.0706
415	0.0705
416	0.0705
417	0.0705
418	0.0705
419	0.0706
420	0.0706
421	0.0706
422	0.0707
423	0.0707
424	0.0707
425	0.0707
426	0.0707
427	0.0708
428	0.0708
429	0.0707
430	0.0708
431	0.0708
432	0.0708
433	0.0708
434	0.0709
435	0.0709
436	0.0709
437	0.0710
438	0.0710
439	0.0711
440	0.0711
441	0.0711
442	0.0711
443	0.0711
444	0.0712
445	0.0712
446	0.0711
447	0.0712
448	0.0713
449	0.0712
450	0.0713
451	0.0713
452	0.0714
453	0.0714
454	0.0714
455	0.0714
456	0.0715
457	0.0715
458	0.0716
459	0.0715
460	0.0716
461	0.0716
462	0.0718
463	0.0718
464	0.0717
465	0.0718
466	0.0718
467	0.0717
468	0.0719
469	0.0719
470	0.0719
471	0.0720
472	0.0719
473	0.0720
474	0.0721
475	0.0721
476	0.0722
477	0.0723
478	0.0723
479	0.0723
480	0.0723
481	0.0724
482	0.0724
483	0.0725
484	0.0726
485	0.0725
486	0.0726
487	0.0726
488	0.0727
489	0.0727
490	0.0727
491	0.0727
492	0.0728
493	0.0728
494	0.0729
495	0.0729
496	0.0729
497	0.0730
498	0.0730
499	0.0730
500	0.0730
501	0.0731
502	0.0731
503	0.0731
504	0.0732
505	0.0733
506	0.0732
507	0.0734
508	0.0734
509	0.0734
510	0.0735
511	0.0735
512	0.0735
513	0.0736
514	0.0735
515	0.0736
516	0.0737
517	0.0738
518	0.0739
519	0.0738
520	0.0738
521	0.0738
522	0.0740
523	0.0740
524	0.0740
525	0.0741
526	0.0742
527	0.0741
528	0.0741
529	0.0742
530	0.0743
531	0.0742
532	0.0744
533	0.0743
534	0.0744
535	0.0745
536	0.0745
537	0.0746
538	0.0746
539	0.0747
540	0.0747
541	0.0747
542	0.0747
543	0.0748
544	0.0748
545	0.0749
546	0.0750
547	0.0750
548	0.0750
549	0.0750
550	0.0752
551	0.0752
552	0.0752
553	0.0752
554	0.0752
555	0.0753
556	0.0753
557	0.0753
558	0.0754
559	0.0756
560	0.0756
561	0.0756
562	0.0756
563	0.0756
564	0.0758
565	0.0758
566	0.0758
567	0.0758
568	0.0758
569	0.0759
570	0.0760
571	0.0760
572	0.0761
573	0.0761
574	0.0761
575	0.0761
576	0.0762
577	0.0763
578	0.0763
579	0.0764
580	0.0765
581	0.0765
582	0.0766
583	0.0765
584	0.0765
585	0.0766
586	0.0767
587	0.0767
588	0.0767
589	0.0768
590	0.0769
591	0.0769
592	0.0770
593	0.0770
594	0.0770
595	0.0771
596	0.0772
597	0.0773
598	0.0772
599	0.0773
600	0.0774
601	0.0774
602	0.0774
603	0.0775
604	0.0775
605	0.0776
606	0.0777
607	0.0777
608	0.0776
609	0.0777
610	0.0779
611	0.0779
612	0.0779
613	0.0779
614	0.0779
615	0.0780
616	0.0781
617	0.0781
618	0.0782
619	0.0782
620	0.0782
621	0.0784
622	0.0784
623	0.0784
624	0.0785
625	0.0785
626	0.0786
627	0.0787
628	0.0787
629	0.0787
630	0.0788
631	0.0788
632	0.0789
633	0.0789
634	0.0790
635	0.0791
636	0.0791
637	0.0791
638	0.0791
639	0.0792
640	0.0792
641	0.0793
642	0.0794
643	0.0795
644	0.0795
645	0.0795
646	0.0796
647	0.0796
648	0.0797
649	0.0798
650	0.0798
651	0.0798
652	0.0799
653	0.0800
654	0.0800
655	0.0800
656	0.0800
657	0.0801
658	0.0801
659	0.0802
660	0.0803
661	0.0803
662	0.0803
663	0.0804
664	0.0805
665	0.0805
666	0.0806
667	0.0806
668	0.0806
669	0.0807
670	0.0807
671	0.0808
672	0.0808
673	0.0809
674	0.0809
675	0.0810
676	0.0810
677	0.0811
678	0.0812
679	0.0812
680	0.0813
681	0.0813
682	0.0813
683	0.0814
684	0.0815
685	0.0815
686	0.0815
687	0.0816
688	0.0817
689	0.0817
690	0.0817
691	0.0818
692	0.0818
693	0.0819
694	0.0819
695	0.0820
696	0.0821
697	0.0821
698	0.0821
699	0.0822
700	0.0822
701	0.0823
702	0.0824
703	0.0824
704	0.0824
705	0.0825
706	0.0826
707	0.0826
708	0.0827
709	0.0827
710	0.0828
711	0.0829
712	0.0829
713	0.0830
714	0.0830
715	0.0830
716	0.0831
717	0.0832
718	0.0832
719	0.0833
720	0.0833
721	0.0833
722	0.0834
723	0.0834
724	0.0835
725	0.0836
726	0.0836
727	0.0836
728	0.0837
729	0.0838
730	0.0838
731	0.0839
732	0.0840
733	0.0839
734	0.0840
735	0.0841
736	0.0841
737	0.0843
738	0.0843
739	0.0844
740	0.0844
741	0.0844
742	0.0845
743	0.0845
744	0.0846
745	0.0846
746	0.0846
747	0.0847
748	0.0847
749	0.0848
750	0.0849
751	0.0849
752	0.0849
753	0.0850
754	0.0851
755	0.0852
756	0.0852
757	0.0852
758	0.0853
759	0.0854
760	0.0854
761	0.0854
762	0.0855
763	0.0857
764	0.0856
765	0.0857
766	0.0857
767	0.0859
768	0.0859
769	0.0859
770	0.0860
771	0.0861
772	0.0861
773	0.0861
774	0.0861
775	0.0862
776	0.0863
777	0.0864
778	0.0863
779	0.0864
780	0.0865
781	0.0865
782	0.0866
783	0.0867
784	0.0867
785	0.0867
786	0.0868
787	0.0869
788	0.0869
789	0.0869
790	0.0870
791	0.0871
792	0.0872
793	0.0872
794	0.0872
795	0.0873
796	0.0873
797	0.0874
798	0.0875
799	0.0874
800	0.0876
801	0.0876
802	0.0878
803	0.0878
804	0.0878
805	0.0879
806	0.0878
807	0.0879
808	0.0879
809	0.0881
810	0.0880
811	0.0882
812	0.0882
813	0.0883
814	0.0885
815	0.0884
816	0.0885
817	0.0885
818	0.0886
819	0.0886
820	0.0887
821	0.0886
822	0.0888
823	0.0890
824	0.0889
825	0.0889
826	0.0890
827	0.0890
828	0.0892
829	0.0893
830	0.0893
831	0.0893
832	0.0896
833	0.0894
834	0.0893
835	0.0896
836	0.0896
837	0.0897
838	0.0896
839	0.0897
840	0.0897
841	0.0899
842	0.0899
843	0.0900
844	0.0901
845	0.0902
846	0.0901
847	0.0903
848	0.0904
849	0.0903
850	0.0905
851	0.0905
852	0.0905
853	0.0907
854	0.0907
855	0.0910
856	0.0907
857	0.0908
858	0.0911
859	0.0907
860	0.0900
861	0.0933
862	0.0912
863	0.0918
864	0.0905
865	0.0925
866	0.0914
867	0.0914
868	0.0928
869	0.0926
870	0.0916
871	0.0925
872	0.0923
873	0.0909
874	0.0917
875	0.0910
876	0.0922
877	0.0920
878	0.0922
879	0.0928
880	0.0930
881	0.0928
882	0.0919
883	0.0916
884	0.0930
885	0.0927
886	0.0928
887	0.0929
888	0.0936
889	0.0935
890	0.0936
891	0.0925
892	0.0927
893	0.0925
894	0.0929
895	0.0937
896	0.0923
897	0.0935
898	0.0932
899	0.0932
900	0.0931
901	0.0930
902	0.0934
903	0.0937
904	0.0939
905	0.0933
906	0.0938
907	0.0944
908	0.0938
909	0.0940
910	0.0941
911	0.0943
912	0.0933
913	0.0938
914	0.0945
915	0.0941
916	0.0945
917	0.0937
918	0.0945
919	0.0945
920	0.0949
921	0.0943
922	0.0943
923	0.0944
924	0.0943
925	0.0949
926	0.0954
927	0.0950
928	0.0953
929	0.0954
930	0.0952
931	0.0954
932	0.0956
933	0.0953
934	0.0950
935	0.0953
936	0.0955
937	0.0955
938	0.0956
939	0.0953
940	0.0953
941	0.0962
942	0.0958
943	0.0956
944	0.0957
945	0.0959
946	0.0959
947	0.0961
948	0.0960
949	0.0958
950	0.0960
951	0.0963
952	0.0966
953	0.0967
954	0.0968
955	0.0964
956	0.0965
957	0.0965
958	0.0969
959	0.0968
960	0.0969
961	0.0971
962	0.0970
963	0.0969
964	0.0967
965	0.0967
966	0.0968
967	0.0971
968	0.0974
969	0.0974
970	0.0975
971	0.0975
972	0.0975
973	0.0977
974	0.0975
975	0.0974
976	0.0977
977	0.0978
978	0.0977
979	0.0979
980	0.0978
981	0.0979
982	0.0981
983	0.0982
984	0.0983
985	0.0982
986	0.0983
987	0.0984
988	0.0985
989	0.0985
990	0.0985
991	0.0984
992	0.0985
993	0.0987
994	0.0986
995	0.0986
996	0.0988
997	0.0989
998	0.0988
999	0.0989
1000	0.0991
1001	0.0991
1002	0.0992
1003	0.0993
1004	0.0992
1005	0.0994
1006	0.0994
1007	0.0993
1008	0.0993
1009	0.0997
1010	0.0997
1011	0.0995
1012	0.0996
1013	0.0996
1014	0.0998
1015	0.0999
1016	0.1000
1017	0.0999
1018	0.1000
1019	0.1002
1020	0.1003
1021	0.1004
1022	0.1004
1023	0.1004
1024	0.1004
1025	0.1004
1026	0.1005
1027	0.1006
1028	0.1005
1029	0.1006
1030	0.1007
1031	0.1008
1032	0.1009
1033	0.1009
1034	0.1011
1035	0.1011
1036	0.1010
1037	0.1011
1038	0.1012
1039	0.1013
1040	0.1014
1041	0.1014
1042	0.1015
1043	0.1015
1044	0.1015
1045	0.1017
1046	0.1018
1047	0.1018
1048	0.1019
1049	0.1019
1050	0.1018
1051	0.1019
1052	0.1019
1053	0.1020
1054	0.1020
1055	0.1021
1056	0.1023
1057	0.1025
1058	0.1025
1059	0.1024
1060	0.1024
1061	0.1024
1062	0.1025
1063	0.1027
1064	0.1027
1065	0.1027
1066	0.1029
1067	0.1029
1068	0.1029
1069	0.1030
1070	0.1030
1071	0.1031
1072	0.1031
1073	0.1031
1074	0.1033
1075	0.1034
1076	0.1034
1077	0.1034
1078	0.1036
1079	0.1036
1080	0.1036
1081	0.1037
1082	0.1037
1083	0.1038
1084	0.1038
1085	0.1039
1086	0.1039
1087	0.1040
1088	0.1040
1089	0.1042
1090	0.1042
1091	0.1043
1092	0.1043
1093	0.1043
1094	0.1044
1095	0.1045
1096	0.1046
1097	0.1046
1098	0.1046
1099	0.1047
1100	0.1048
1101	0.1049
1102	0.1049
1103	0.1050
1104	0.1050
1105	0.1049
1106	0.1051
1107	0.1052
1108	0.1052
1109	0.1052
1110	0.1053
1111	0.1054
1112	0.1054
1113	0.1055
1114	0.1055
1115	0.1057
1116	0.1058
1117	0.1057
1118	0.1058
1119	0.1059
1120	0.1060
1121	0.1061
1122	0.1061
1123	0.1061
1124	0.1061
1125	0.1062
1126	0.1062
1127	0.1063
1128	0.1064
1129	0.1065
1130	0.1065
1131	0.1064
1132	0.1066
1133	0.1065
1134	0.1067
1135	0.1069
1136	0.1068
1137	0.1070
1138	0.1070
1139	0.1069
1140	0.1070
1141	0.1072
1142	0.1072
1143	0.1072
1144	0.1073
1145	0.1074
1146	0.1074
1147	0.1074
1148	0.1073
1149	0.1077
1150	0.1077
1151	0.1078
1152	0.1077
1153	0.1078
1154	0.1079
1155	0.1080
1156	0.1080
1157	0.1081
1158	0.1082
1159	0.1083
1160	0.1082
1161	0.1083
1162	0.1084
1163	0.1083
1164	0.1085
1165	0.1087
1166	0.1085
1167	0.1086
1168	0.1086
1169	0.1087
1170	0.1088
1171	0.1088
1172	0.1089
1173	0.1090
1174	0.1090
1175	0.1091
1176	0.1090
1177	0.1091
1178	0.1091
1179	0.1091
1180	0.1092
1181	0.1094
1182	0.1094
1183	0.1093
1184	0.1097
1185	0.1094
1186	0.1095
1187	0.1096
1188	0.1098
1189	0.1096
1190	0.1098
1191	0.1099
1192	0.1101
1193	0.1101
1194	0.1102
1195	0.1103
1196	0.1103
1197	0.1102
1198	0.1104
1199	0.1104
1200	0.1102
1201	0.1104
1202	0.1105
1203	0.1104
1204	0.1105
1205	0.1106
1206	0.1106
1207	0.1107
1208	0.1107
1209	0.1107
1210	0.1109
1211	0.1108
1212	0.1109
1213	0.1110
1214	0.1111
1215	0.1112
1216	0.1111
1217	0.1110
1218	0.1112
1219	0.1114
1220	0.1115
1221	0.1116
1222	0.1116
1223	0.1118
1224	0.1118
1225	0.1118
1226	0.1119
1227	0.1120
1228	0.1121
1229	0.1121
1230	0.1122
1231	0.1123
1232	0.1123
1233	0.1124
1234	0.1124
1235	0.1125
1236	0.1125
1237	0.1126
1238	0.1125
1239	0.1125
1240	0.1127
1241	0.1127
1242	0.1128
1243	0.1130
1244	0.1130
1245	0.1130
1246	0.1130
1247	0.1133
1248	0.1132
1249	0.1130
1250	0.1133
1251	0.1132
1252	0.1134
1253	0.1134
1254	0.1135
1255	0.1135
1256	0.1135
1257	0.1134
1258	0.1137
1259	0.1139
1260	0.1138
1261	0.1139
1262	0.1137
1263	0.1140
1264	0.1140
1265	0.1141
1266	0.1142
1267	0.1141
1268	0.1141
1269	0.1143
1270	0.1145
1271	0.1144
1272	0.1147
1273	0.1146
1274	0.1146
1275	0.1147
1276	0.1145
1277	0.1146
1278	0.1147
1279	0.1147
1280	0.1149
1281	0.1149
1282	0.1149
1283	0.1151
1284	0.1150
1285	0.1150
1286	0.1151
1287	0.1153
1288	0.1151
1289	0.1152
1290	0.1154
1291	0.1154
1292	0.1155
1293	0.1156
1294	0.1157
1295	0.1157
1296	0.1157
1297	0.1159
1298	0.1159
1299	0.1159
1300	0.1159
1301	0.1161
1302	0.1161
1303	0.1161
1304	0.1163
1305	0.1162
1306	0.1161
1307	0.1163
1308	0.1164
1309	0.1164
1310	0.1165
1311	0.1165
1312	0.1165
1313	0.1167
1314	0.1166
1315	0.1167
1316	0.1167
1317	0.1169
1318	0.1169
1319	0.1169
1320	0.1170
1321	0.1171
1322	0.1171
1323	0.1173
1324	0.1172
1325	0.1172
1326	0.1172
1327	0.1172
1328	0.1172
1329	0.1175
1330	0.1173
1331	0.1174
1332	0.1176
1333	0.1177
1334	0.1177
1335	0.1177
1336	0.1178
1337	0.1178
1338	0.1179
1339	0.1180
1340	0.1180
1341	0.1182
1342	0.1180
1343	0.1182
1344	0.1184
1345	0.1184
1346	0.1184
1347	0.1185
1348	0.1187
1349	0.1186
1350	0.1187
1351	0.1186
1352	0.1187
1353	0.1188
1354	0.1189
1355	0.1189
1356	0.1191
1357	0.1189
1358	0.1188
1359	0.1190
1360	0.1193
1361	0.1192
1362	0.1193
1363	0.1194
1364	0.1195
1365	0.1196
1366	0.1196
1367	0.1196
1368	0.1198
1369	0.1199
1370	0.1198
1371	0.1197
1372	0.1199
1373	0.1200
1374	0.1201
1375	0.1201
1376	0.1200
1377	0.1202
1378	0.1203
1379	0.1203
1380	0.1204
1381	0.1204
1382	0.1204
1383	0.1205
1384	0.1204
1385	0.1206
1386	0.1208
1387	0.1207
1388	0.1206
1389	0.1208
1390	0.1209
1391	0.1211
1392	0.1213
1393	0.1210
1394	0.1212
1395	0.1214
1396	0.1213
1397	0.1214
1398	0.1213
1399	0.1213
1400	0.1215
1401	0.1216
1402	0.1214
1403	0.1215
1404	0.1215
1405	0.1218
1406	0.1219
1407	0.1218
1408	0.1220
1409	0.1220
1410	0.1220
1411	0.1221
1412	0.1222
1413	0.1224
1414	0.1224
1415	0.1224
1416	0.1225
1417	0.1226
1418	0.1226
1419	0.1225
1420	0.1226
1421	0.1226
1422	0.1227
1423	0.1229
1424	0.1228
1425	0.1228
1426	0.1232
1427	0.1232
1428	0.1232
1429	0.1233
1430	0.1233
1431	0.1234
1432	0.1234
1433	0.1234
1434	0.1234
1435	0.1235
1436	0.1237
1437	0.1236
1438	0.1236
1439	0.1238
1440	0.1241
1441	0.1242
1442	0.1241
1443	0.1239
1444	0.1239
1445	0.1240
1446	0.1242
1447	0.1241
1448	0.1242
1449	0.1244
1450	0.1245
1451	0.1245
1452	0.1245
1453	0.1246
1454	0.1246
1455	0.1247
1456	0.1247
1457	0.1246
1458	0.1248
1459	0.1250
1460	0.1249
1461	0.1249
1462	0.1250
1463	0.1251
1464	0.1252
1465	0.1253
1466	0.1253
1467	0.1254
1468	0.1253
1469	0.1255
1470	0.1255
1471	0.1254
1472	0.1254
1473	0.1256
1474	0.1257
1475	0.1259
1476	0.1259
1477	0.1259
1478	0.1260
1479	0.1261
1480	0.1262
1481	0.1262
1482	0.1262
1483	0.1262
1484	0.1262
1485	0.1263
1486	0.1264
1487	0.1264
1488	0.1265
1489	0.1266
1490	0.1266
1491	0.1266
1492	0.1269
1493	0.1271
1494	0.1271
1495	0.1271
1496	0.1273
1497	0.1272
1498	0.1271
1499	0.1271
1500	0.1271
1501	0.1273
1502	0.1273
1503	0.1273
1504	0.1274
1505	0.1276
1506	0.1276
1507	0.1275
1508	0.1276
1509	0.1275
1510	0.1277
1511	0.1280
1512	0.1280
1513	0.1280
1514	0.1277
1515	0.1278
1516	0.1279
1517	0.1281
1518	0.1282
1519	0.1283
1520	0.1284
1521	0.1283
1522	0.1282
1523	0.1284
1524	0.1284
1525	0.1286
1526	0.1284
1527	0.1285
1528	0.1286
1529	0.1286
1530	0.1288
1531	0.1292
1532	0.1289
1533	0.1285
1534	0.1286
1535	0.1293
1536	0.1293
1537	0.1291
1538	0.1291
1539	0.1292
1540	0.1291
1541	0.1292
1542	0.1296
1543	0.1295
1544	0.1295
1545	0.1296
1546	0.1294
1547	0.1296
1548	0.1299
1549	0.1298
1550	0.1298
1551	0.1299
1552	0.1298
1553	0.1300
1554	0.1300
1555	0.1301
1556	0.1303
1557	0.1300
1558	0.1302
1559	0.1304
1560	0.1305
1561	0.1306
1562	0.1305
1563	0.1309
1564	0.1308
1565	0.1307
1566	0.1306
1567	0.1310
1568	0.1311
1569	0.1312
1570	0.1311
1571	0.1310
1572	0.1313
1573	0.1312
1574	0.1313
1575	0.1312
1576	0.1312
1577	0.1315
1578	0.1315
1579	0.1315
1580	0.1314
1581	0.1316
1582	0.1315
1583	0.1319
1584	0.1316
1585	0.1320
1586	0.1322
1587	0.1322
1588	0.1320
1589	0.1319
1590	0.1320
1591	0.1323
1592	0.1324
1593	0.1322
1594	0.1325
1595	0.1324
1596	0.1326
1597	0.1327
1598	0.1324
1599	0.1326
1600	0.1326
1601	0.1331
1602	0.1326
1603	0.1327
1604	0.1331
1605	0.1330
1606	0.1332
1607	0.1329
1608	0.1334
1609	0.1331
1610	0.1334
1611	0.1333
1612	0.1330
1613	0.1334
1614	0.1336
1615	0.1334
1616	0.1333
1617	0.1334
1618	0.1338
1619	0.1338
1620	0.1338
1621	0.1338
1622	0.1342
1623	0.1341
1624	0.1339
1625	0.1337
1626	0.1343
1627	0.1340
1628	0.1338
1629	0.1340
1630	0.1341
1631	0.1344
1632	0.1340
1633	0.1343
1634	0.1345
1635	0.1343
1636	0.1346
1637	0.1347
1638	0.1347
1639	0.1350
1640	0.1349
1641	0.1346
1642	0.1347
1643	0.1349
1644	0.1351
1645	0.1355
1646	0.1349
1647	0.1354
1648	0.1354
1649	0.1353
1650	0.1353
1651	0.1356
1652	0.1357
1653	0.1358
1654	0.1355
1655	0.1358
1656	0.1359
1657	0.1357
1658	0.1356
1659	0.1360
1660	0.1359
1661	0.1364
1662	0.1358
1663	0.1361
1664	0.1364
1665	0.1363
1666	0.1363
1667	0.1369
1668	0.1364
1669	0.1363
1670	0.1368
1671	0.1362
1672	0.1359
1673	0.1368
1674	0.1367
1675	0.1368
1676	0.1369
1677	0.1366
1678	0.1366
1679	0.1366
1680	0.1372
1681	0.1373
1682	0.1372
1683	0.1371
1684	0.1370
1685	0.1370
1686	0.1374
1687	0.1373
1688	0.1370
1689	0.1372
1690	0.1377
1691	0.1376
1692	0.1378
1693	0.1375
1694	0.1381
1695	0.1376
1696	0.1379
1697	0.1380
1698	0.1383
1699	0.1380
1700	0.1380
1701	0.1385
1702	0.1382
1703	0.1384
1704	0.1383
1705	0.1375
1706	0.1391
1707	0.1384
1708	0.1385
1709	0.1388
1710	0.1382
1711	0.1382
1712	0.1387
1713	0.1389
1714	0.1385
1715	0.1386
1716	0.1395
1717	0.1393
1718	0.1388
1719	0.1389
1720	0.1402
1721	0.1392
1722	0.1392
1723	0.1390
1724	0.1395
1725	0.1397
1726	0.1401
1727	0.1402
1728	0.1399
1729	0.1403
1730	0.1402
1731	0.1397
1732	0.1397
1733	0.1397
1734	0.1400
1735	0.1398
1736	0.1402
1737	0.1404
1738	0.1401
1739	0.1395
1740	0.1400
1741	0.1400
1742	0.1403
1743	0.1404
1744	0.1403
1745	0.1403
1746	0.1402
1747	0.1405
1748	0.1407
1749	0.1411
1750	0.1409
1751	0.1407
1752	0.1404
1753	0.1405
1754	0.1407
1755	0.1411
1756	0.1416
1757	0.1409
1758	0.1410
1759	0.1408
1760	0.1413
1761	0.1414
1762	0.1412
1763	0.1412
1764	0.1414
1765	0.1414
1766	0.1420
1767	0.1418
1768	0.1415
1769	0.1416
1770	0.1411
1771	0.1415
1772	0.1417
1773	0.1417
1774	0.1415
1775	0.1416
1776	0.1420
1777	0.1421
1778	0.1419
1779	0.1420
1780	0.1419
1781	0.1425
1782	0.1425
1783	0.1430
1784	0.1428
1785	0.1424
1786	0.1424
1787	0.1425
1788	0.1429
1789	0.1431
1790	0.1430
1791	0.1428
1792	0.1429
1793	0.1429
1794	0.1430
1795	0.1430
1796	0.1431
1797	0.1432
1798	0.1434
1799	0.1431
1800	0.1430
1801	0.1429
1802	0.1431
1803	0.1434
1804	0.1439
1805	0.1439
1806	0.1431
1807	0.1428
1808	0.1430
1809	0.1436
1810	0.1438
1811	0.1439
1812	0.1436
1813	0.1433
1814	0.1439
1815	0.1442
1816	0.1436
1817	0.1437
1818	0.1439
1819	0.1437
1820	0.1442
1821	0.1444
1822	0.1445
1823	0.1438
1824	0.1437
1825	0.1440
1826	0.1448
1827	0.1448
1828	0.1445
1829	0.1439
1830	0.1443
1831	0.1452
1832	0.1443
1833	0.1446
1834	0.1448
1835	0.1441
1836	0.1439
1837	0.1446
1838	0.1448
1839	0.1447
1840	0.1448
1841	0.1451
1842	0.1458
1843	0.1458
1844	0.1450
1845	0.1449
1846	0.1454
1847	0.1457
1848	0.1458
1849	0.1456
1850	0.1457
1851	0.1453
1852	0.1452
1853	0.1465
1854	0.1465
1855	0.1458
1856	0.1459
1857	0.1462
1858	0.1464
1859	0.1458
1860	0.1458
1861	0.1463
1862	0.1454
1863	0.1458
1864	0.1469
1865	0.1459
1866	0.1459
1867	0.1462
1868	0.1463
1869	0.1473
1870	0.1469
1871	0.1460
1872	0.1464
1873	0.1468
1874	0.1470
1875	0.1466
1876	0.1466
1877	0.1466
1878	0.1464
1879	0.1471
1880	0.1473
1881	0.1469
1882	0.1477
1883	0.1473
1884	0.1468
1885	0.1473
1886	0.1470
1887	0.1473
1888	0.1475
1889	0.1471
1890	0.1473
1891	0.1476
1892	0.1475
1893	0.1471
1894	0.1474
1895	0.1474
1896	0.1470
1897	0.1470
1898	0.1481
1899	0.1483
1900	0.1470
1901	0.1469
1902	0.1474
1903	0.1484
1904	0.1487
1905	0.1482
1906	0.1477
1907	0.1478
1908	0.1479
1909	0.1483
1910	0.1483
1911	0.1475
1912	0.1474
1913	0.1475
1914	0.1471
1915	0.1480
1916	0.1487
1917	0.1491
1918	0.1491
1919	0.1492
1920	0.1496
1921	0.1484
1922	0.1483
1923	0.1494
1924	0.1491
1925	0.1487
1926	0.1488
1927	0.1479
1928	0.1481
1929	0.1497
1930	0.1494
1931	0.1494
1932	0.1501
1933	0.1505
1934	0.1501
1935	0.1496
1936	0.1502
1937	0.1496
1938	0.1489
1939	0.1496
1940	0.1501
1941	0.1501
1942	0.1492
1943	0.1504
1944	0.1515
1945	0.1506
1946	0.1509
1947	0.1507
1948	0.1516
1949	0.1507
1950	0.1506
1951	0.1507
1952	0.1504
1953	0.1506
1954	0.1512
1955	0.1512
1956	0.1510
1957	0.1511
1958	0.1508
1959	0.1514
1960	0.1516
1961	0.1511
1962	0.1500
1963	0.1512
1964	0.1516
1965	0.1512
1966	0.1515
1967	0.1526
1968	0.1513
1969	0.1508
1970	0.1506
1971	0.1514
1972	0.1518
1973	0.1521
1974	0.1519
1975	0.1520
1976	0.1525
1977	0.1522
1978	0.1514
1979	0.1521
1980	0.1522
1981	0.1517
1982	0.1524
1983	0.1519
1984	0.1519
1985	0.1533
1986	0.1527
1987	0.1531
1988	0.1529
1989	0.1530
1990	0.1533
1991	0.1535
1992	0.1531
1993	0.1532
1994	0.1535
1995	0.1535
1996	0.1533
1997	0.1532
1998	0.1535
1999	0.1540
2000	0.1538
2001	0.1538
2002	0.1534
2003	0.1532
2004	0.1540
2005	0.1545
2006	0.1543
2007	0.1541
2008	0.1535
2009	0.1551
2010	0.1540
2011	0.1547
2012	0.1548
2013	0.1536
2014	0.1540
2015	0.1548
2016	0.1545
2017	0.1542
2018	0.1547
2019	0.1554
2020	0.1551
2021	0.1556
2022	0.1557
2023	0.1549
2024	0.1547
2025	0.1543
2026	0.1547
2027	0.1553
2028	0.1542
2029	0.1548
2030	0.1549
2031	0.1545
2032	0.1550
2033	0.1557
2034	0.1551
2035	0.1558
2036	0.1548
2037	0.1558
2038	0.1569
2039	0.1563
2040	0.1553
2041	0.1557
2042	0.1553
2043	0.1572
2044	0.1555
2045	0.1563
2046	0.1554
2047	0.1582
2048	0.1571
2049	0.1548
2050	0.1560
2051	0.1569
2052	0.1568
2053	0.1564
2054	0.1544
2055	0.1564
2056	0.1546
2057	0.1568
2058	0.1567
2059	0.1560
2060	0.1565
2061	0.1574
2062	0.1565
2063	0.1568
2064	0.1578
2065	0.1580
2066	0.1565
2067	0.1574
2068	0.1559
2069	0.1586
2070	0.1572
2071	0.1596
2072	0.1569
2073	0.1572
2074	0.1590
2075	0.1568
2076	0.1583
2077	0.1580
2078	0.1571
2079	0.1580
2080	0.1584
2081	0.1577
2082	0.1573
2083	0.1601
2084	0.1581
2085	0.1580
2086	0.1576
2087	0.1592
2088	0.1593
2089	0.1567
2090	0.1579
2091	0.1591
2092	0.1589
2093	0.1587
2094	0.1602
2095	0.1596
2096	0.1579
2097	0.1612
2098	0.1594
2099	0.1578
2100	0.1606
2101	0.1601
2102	0.1627
2103	0.1585
2104	0.1599
2105	0.1594
2106	0.1597
2107	0.1594
2108	0.1589
2109	0.1605
2110	0.1619
2111	0.1604
2112	0.1586
2113	0.1596
2114	0.1585
2115	0.1588
2116	0.1596
2117	0.1609
2118	0.1619
2119	0.1631
2120	0.1608
2121	0.1603
2122	0.1614
2123	0.1629
2124	0.1596
2125	0.1611
2126	0.1596
2127	0.1611
2128	0.1626
2129	0.1613
2130	0.1624
2131	0.1630
2132	0.1619
2133	0.1622
2134	0.1622
2135	0.1618
2136	0.1602
2137	0.1628
2138	0.1615
2139	0.1610
2140	0.1629
2141	0.1638
2142	0.1609
2143	0.1601
2144	0.1616
2145	0.1634
2146	0.1639
2147	0.1601
2148	0.1619
2149	0.1645
2150	0.1618
2151	0.1620
2152	0.1637
2153	0.1600
2154	0.1625
2155	0.1642
2156	0.1629
2157	0.1620
2158	0.1627
2159	0.1620
2160	0.1643
2161	0.1593
2162	0.1622
2163	0.1636
2164	0.1655
2165	0.1609
2166	0.1620
2167	0.1616
2168	0.1634
2169	0.1644
2170	0.1617
2171	0.1622
2172	0.1604
2173	0.1639
2174	0.1623
2175	0.1626
2176	0.1640
2177	0.1632
2178	0.1648
2179	0.1645
2180	0.1634
2181	0.1629
2182	0.1627
2183	0.1650
2184	0.1612
2185	0.1639
2186	0.1621
2187	0.1627
2188	0.1632
2189	0.1641
2190	0.1624
2191	0.1624
2192	0.1621
2193	0.1631
2194	0.1633
2195	0.1643
2196	0.1640
2197	0.1637
2198	0.1659
2199	0.1658
2200	0.1649
2201	0.162
2202	0.161
2203	0.165
2204	0.165
2205	0.165
2206	0.161
2207	0.163
2208	0.163
2209	0.164
2210	0.164
2211	0.162
2212	0.162
2213	0.164
2214	0.165
2215	0.163
2216	0.163
2217	0.163
2218	0.164
2219	0.164
2220	0.164
2221	0.164
2222	0.162
2223	0.164
2224	0.166
2225	0.164
2226	0.165
2227	0.162
2228	0.164
2229	0.166
2230	0.165
2231	0.165
2232	0.166
2233	0.165
2234	0.163
2235	0.163
2236	0.165
2237	0.166
2238	0.166
2239	0.165
2240	0.163
2241	0.164
2242	0.165
2243	0.167
2244	0.165
2245	0.162
2246	0.164
2247	0.167
2248	0.164
2249	0.164
2250	0.167
2251	0.165
2252	0.166
2253	0.167
2254	0.165
2255	0.164
2256	0.167
2257	0.168
2258	0.166
2259	0.164
2260	0.164
2261	0.166
2262	0.167
2263	0.165
2264	0.163
2265	0.164
2266	0.165
2267	0.167
2268	0.165
2269	0.166
2270	0.168
2271	0.169
2272	0.168
2273	0.165
2274	0.165
2275	0.166
2276	0.167
2277	0.166
2278	0.166
2279	0.167
2280	0.168
2281	0.168
2282	0.165
2283	0.166
2284	0.168
2285	0.169
2286	0.168
2287	0.168
2288	0.168
2289	0.168
2290	0.166
2291	0.167
2292	0.168
2293	0.166
2294	0.167
2295	0.168
2296	0.166
2297	0.168
2298	0.169
2299	0.168
2300	0.167
2301	0.167
2302	0.169
2303	0.170
2304	0.167
2305	0.165
2306	0.167
2307	0.170
2308	0.169
2309	0.166
2310	0.165
2311	0.167
2312	0.168
2313	0.169
2314	0.169
2315	0.168
2316	0.169
2317	0.169
2318	0.169
2319	0.170
2320	0.169
2321	0.170
2322	0.171
2323	0.171
2324	0.169
2325	0.165
2326	0.168
2327	0.172
2328	0.171
2329	0.170
2330	0.171
2331	0.170
2332	0.169
2333	0.169
2334	0.169
2335	0.168
2336	0.167
2337	0.171
2338	0.170
2339	0.172
2340	0.168
2341	0.165
2342	0.170
2343	0.170
2344	0.167
2345	0.173
2346	0.176
2347	0.171
2348	0.172
2349	0.170
2350	0.165
2351	0.171
2352	0.171
2353	0.167
2354	0.171
2355	0.167
2356	0.168
2357	0.173
2358	0.169
2359	0.169
2360	0.175
2361	0.173
2362	0.168
2363	0.172
2364	0.173
2365	0.171
2366	0.170
2367	0.168
2368	0.171
2369	0.174
2370	0.174
2371	0.169
2372	0.174
2373	0.175
2374	0.168
2375	0.166
2376	0.168
2377	0.173
2378	0.172
2379	0.169
2380	0.170
2381	0.174
2382	0.171
2383	0.174
2384	0.172
2385	0.170
2386	0.176
2387	0.173
2388	0.175
2389	0.169
2390	0.170
2391	0.172
2392	0.169
2393	0.175
2394	0.172
2395	0.171
2396	0.175
2397	0.174
2398	0.172
2399	0.178
2400	0.173
2401	0.172
2402	0.172
2403	0.174
2404	0.172
2405	0.172
2406	0.173
2407	0.171
2408	0.180
2409	0.172
2410	0.172
2411	0.180
2412	0.176
2413	0.175
2414	0.167
2415	0.174
2416	0.172
2417	0.176
2418	0.176
2419	0.170
2420	0.169
2421	0.175
2422	0.170
2423	0.173
2424	0.172
2425	0.176
2426	0.174
2427	0.172
2428	0.173
2429	0.172
2430	0.171
2431	0.174
2432	0.177
2433	0.171
2434	0.171
2435	0.177
2436	0.174
2437	0.171
2438	0.178
2439	0.175
2440	0.168
2441	0.174
2442	0.173
2443	0.175
2444	0.170
2445	0.177
2446	0.178
2447	0.176
2448	0.175
2449	0.177
2450	0.170
2451	0.176
2452	0.161
2453	0.172
2454	0.172
2455	0.175
2456	0.173
2457	0.168
2458	0.176
2459	0.172
2460	0.172
2461	0.175
2462	0.173
2463	0.182
2464	0.169
2465	0.178
2466	0.173
2467	0.167
2468	0.174
2469	0.176
2470	0.176
2471	0.177
2472	0.177
2473	0.173
2474	0.182
2475	0.184
2476	0.177
2477	0.179
2478	0.174
2479	0.173
2480	0.178
2481	0.168
2482	0.180
2483	0.185
2484	0.176
2485	0.176
2486	0.173
2487	0.177
2488	0.169
2489	0.184
2490	0.176
2491	0.179
2492	0.174
2493	0.183
2494	0.169
2495	0.179
2496	0.176
2497	0.177
2498	0.173
2499	0.173
2500	0.163
