   8.9376000e-03   2.6395800e-01   3.7096800e-01
   8.8837000e-03   3.3056400e-01   4.4075200e-01
   9.9077063e-03   3.1236950e-01   4.1649270e-01
   1.0472963e-02   3.4421550e-01   4.3376750e-01
   1.2192431e-02   3.4972280e-01   4.6928610e-01
   1.2402056e-02   4.1930150e-01   4.9526193e-01
   1.2356594e-02   4.1852800e-01   5.0730667e-01
   1.4130188e-02   4.1804600e-01   5.2174733e-01
   1.4408888e-02   4.4055350e-01   5.3951843e-01
   1.4758806e-02   3.8487750e-01   5.1011547e-01
   1.7025187e-02   5.1427500e-01   6.0341600e-01
   1.8549000e-02   4.9521550e-01   6.3219000e-01
   2.1918600e-02   5.6421300e-01   6.9441603e-01
   2.7747388e-02   6.7078580e-01   8.2995527e-01
   3.7517562e-02   8.9343750e-01   1.0205045e+00
   6.1596587e-02   1.1059700e+00   1.2921983e+00
   9.4335625e-02   1.5471890e+00   1.7837267e+00
   1.4279501e-01   2.1480450e+00   2.4880520e+00
   2.0678375e-01   2.8222910e+00   3.2080440e+00
   3.0689899e-01   3.9677600e+00   4.5133273e+00
   4.4647611e-01   5.1028640e+00   5.7366333e+00
   6.0829360e-01   6.9992340e+00   7.8848147e+00
   7.7248512e-01   8.0547450e+00   9.0362797e+00
   9.3933939e-01   9.4690150e+00   1.0563273e+01
   1.1712659e+00   1.1111680e+01   1.2463340e+01
   1.4586880e+00   1.3448580e+01   1.4993470e+01
   1.6448141e+00   1.5155130e+01   1.7028137e+01
   1.8755004e+00   1.6306220e+01   1.8264203e+01
   2.1091181e+00   1.8163000e+01   2.0343977e+01
   2.4533459e+00   2.0933880e+01   2.3480907e+01
   2.9566386e+00   2.4732270e+01   2.7777010e+01
   3.2713890e+00   2.7087390e+01   3.0481217e+01
   3.5797185e+00   2.8329320e+01   3.1916370e+01
   3.5664571e+00   2.9199610e+01   3.2886697e+01
   3.6686380e+00   2.9199810e+01   3.2925530e+01
   3.7335050e+00   2.9008210e+01   3.2819977e+01
   3.6193081e+00   2.8762910e+01   3.2593590e+01
   3.6871065e+00   2.8926880e+01   3.2867607e+01
   3.8346694e+00   3.0256840e+01   3.4369513e+01
   4.0149576e+00   3.1602000e+01   3.5953503e+01
   4.0621711e+00   3.2004810e+01   3.6494707e+01
   4.0766830e+00   3.0923510e+01   3.5286777e+01
   4.1151086e+00   3.0461290e+01   3.4807960e+01
   4.2912606e+00   3.1209620e+01   3.5767377e+01
   4.4230511e+00   3.2341710e+01   3.7103550e+01
   4.5252845e+00   3.3279670e+01   3.8248857e+01
   4.7260485e+00   3.8510470e+01   4.4345820e+01
   4.8699206e+00   3.9282790e+01   4.5331793e+01
   4.8538824e+00   3.8596480e+01   4.4587467e+01
   4.5281839e+00   3.6250940e+01   4.1950853e+01
   4.5257524e+00   3.5453610e+01   4.1041973e+01
   4.6509186e+00   3.5945230e+01   4.1698907e+01
   4.8758007e+00   3.7691760e+01   4.3802683e+01
   5.0693551e+00   3.8779330e+01   4.5144847e+01
   5.4450819e+00   4.0977170e+01   4.7736167e+01
   5.6005969e+00   4.2536020e+01   4.9625363e+01
   5.7360354e+00   4.4116090e+01   5.1499907e+01
   5.7173374e+00   4.3754440e+01   5.1150797e+01
   5.5679965e+00   4.2911300e+01   5.0327720e+01
   5.2782931e+00   4.1371070e+01   4.8523927e+01
   5.2966581e+00   4.0895700e+01   4.8055790e+01
   5.6470300e+00   4.3759260e+01   5.1430353e+01
   6.0392309e+00   4.6818110e+01   5.5074630e+01
   6.1004096e+00   4.6828690e+01   5.5151467e+01
   5.6152919e+00   4.3823900e+01   5.1744203e+01
   5.0322308e+00   3.9063640e+01   4.6269890e+01
   4.6577580e+00   3.6368270e+01   4.3039640e+01
   4.8471584e+00   3.7755890e+01   4.4752040e+01
   5.1901349e+00   4.0846530e+01   4.8481757e+01
   5.5509954e+00   4.3928790e+01   5.2081973e+01
   5.9564012e+00   4.7244450e+01   5.6142360e+01
   5.7934192e+00   4.5584890e+01   5.4232540e+01
   5.3854504e+00   4.2803930e+01   5.0979613e+01
   5.2397290e+00   4.1976860e+01   5.0042103e+01
   5.5263686e+00   4.4617820e+01   5.3226990e+01
   6.2036526e+00   5.0146170e+01   5.9866490e+01
   7.2748085e+00   5.9456750e+01   7.1098730e+01
   8.0401574e+00   6.5862600e+01   7.8864310e+01
   8.0384919e+00   6.6440470e+01   7.9674783e+01
   7.6975550e+00   6.4288850e+01   7.7160830e+01
   7.4458686e+00   6.3029500e+01   7.5762360e+01
   7.8633446e+00   6.7417000e+01   8.1081390e+01
   8.6360449e+00   7.5560910e+01   9.0845857e+01
   9.3572430e+00   8.2952700e+01   9.9766977e+01
   9.1941283e+00   8.2419840e+01   9.9243830e+01
   8.6185512e+00   7.9542750e+01   9.5868630e+01
   8.1442436e+00   7.7565430e+01   9.3581650e+01
   7.8709704e+00   7.6122680e+01   9.1969650e+01
   7.6589596e+00   7.4912950e+01   9.0578687e+01
   7.5780514e+00   7.4583870e+01   9.0285867e+01
   7.5402498e+00   7.4134680e+01   8.9805743e+01
   7.5508634e+00   7.3712600e+01   8.9363850e+01
   7.5090106e+00   7.2841950e+01   8.8378447e+01
   7.3757968e+00   7.1880210e+01   8.7268047e+01
   7.1296519e+00   6.9758140e+01   8.4800293e+01
   6.7927779e+00   6.5752210e+01   8.0028657e+01
   6.7573944e+00   6.6042240e+01   8.0410470e+01
   7.3113056e+00   7.1549720e+01   8.7103183e+01
   7.8261479e+00   7.8833050e+01   9.6002657e+01
   7.7125194e+00   8.1214970e+01   9.9009200e+01
   7.4279044e+00   8.1074080e+01   9.8978413e+01
   7.1718326e+00   8.1410020e+01   9.9443737e+01
   6.9437909e+00   8.1887240e+01   1.0003072e+02
   6.8051589e+00   8.4008700e+01   1.0274453e+02
   6.7729755e+00   8.5504120e+01   1.0466663e+02
   6.7489779e+00   8.5331200e+01   1.0453333e+02
   6.8028346e+00   8.5999370e+01   1.0541260e+02
   6.9250210e+00   8.7677120e+01   1.0756720e+02
   7.1022371e+00   9.0648280e+01   1.1127263e+02
   7.2232119e+00   9.2332850e+01   1.1342470e+02
   7.2487947e+00   9.2198750e+01   1.1331960e+02
   7.2225214e+00   9.1574020e+01   1.1261783e+02
   7.2059055e+00   9.2057050e+01   1.1323673e+02
   7.2051874e+00   9.1701600e+01   1.1294677e+02
   7.2849391e+00   9.2317500e+01   1.1372500e+02
   7.3884100e+00   9.5281620e+01   1.1743803e+02
   7.3366039e+00   9.8417830e+01   1.2134240e+02
   7.0492155e+00   9.8563300e+01   1.2158703e+02
   6.6998506e+00   9.6269200e+01   1.1885657e+02
   6.4124504e+00   9.3497520e+01   1.1552423e+02
   6.2571070e+00   9.2113390e+01   1.1386730e+02
   6.2070438e+00   9.1231930e+01   1.1282743e+02
   6.2213177e+00   9.1215980e+01   1.1289493e+02
   6.2891000e+00   9.1864740e+01   1.1380053e+02
   6.3671650e+00   9.2513820e+01   1.1468387e+02
   6.4522070e+00   9.2921110e+01   1.1526363e+02
   6.5149470e+00   9.3438050e+01   1.1594763e+02
   6.5759975e+00   9.3933720e+01   1.1662657e+02
   6.5765718e+00   9.3105330e+01   1.1566417e+02
   6.5207211e+00   8.9715900e+01   1.1148227e+02
   6.4193413e+00   8.6074330e+01   1.0707713e+02
   6.6854258e+00   8.7451860e+01   1.0876447e+02
   7.1291523e+00   9.5988010e+01   1.1934880e+02
   6.9943822e+00   1.0107840e+02   1.2565943e+02
   6.4200094e+00   9.9179260e+01   1.2337537e+02
   5.8997646e+00   9.4825840e+01   1.1804910e+02
   5.6500925e+00   9.2067620e+01   1.1466283e+02
   5.5952428e+00   9.2001390e+01   1.1464093e+02
   5.5989723e+00   9.2673480e+01   1.1556527e+02
   5.5746834e+00   9.2168270e+01   1.1498363e+02
   5.5222994e+00   9.0444870e+01   1.1288750e+02
   5.4551106e+00   8.8363130e+01   1.1035780e+02
   5.4231563e+00   8.7283200e+01   1.0904957e+02
   5.4537463e+00   8.7488840e+01   1.0937983e+02
   5.5185369e+00   8.9043390e+01   1.1132440e+02
   5.5518918e+00   8.9804930e+01   1.1229447e+02
   5.5723638e+00   9.0192060e+01   1.1288727e+02
   5.5664471e+00   9.0555990e+01   1.1338443e+02
   5.5433412e+00   9.0618280e+01   1.1349433e+02
   5.4629191e+00   8.9851250e+01   1.1255613e+02
   5.3398746e+00   8.8178170e+01   1.1052177e+02
   5.1520574e+00   8.5406910e+01   1.0706267e+02
   5.0002293e+00   8.3495140e+01   1.0470780e+02
   4.9527433e+00   8.4089320e+01   1.0545240e+02
   4.9865299e+00   8.6278580e+01   1.0824833e+02
   4.9870232e+00   8.7556950e+01   1.0988333e+02
   4.9777939e+00   8.8477800e+01   1.1106920e+02
   4.9100726e+00   8.7940880e+01   1.1043407e+02
   4.8284557e+00   8.7149400e+01   1.0946663e+02
   4.7952687e+00   8.7389660e+01   1.0984870e+02
   4.8233182e+00   8.9167110e+01   1.1210697e+02
   4.7857795e+00   8.8940650e+01   1.1187007e+02
   4.7332611e+00   8.8074910e+01   1.1083767e+02
   4.7180708e+00   8.7720580e+01   1.1040603e+02
   4.7240640e+00   8.7946560e+01   1.1077010e+02
   4.7211055e+00   8.7763030e+01   1.1053937e+02
   4.6749628e+00   8.6606240e+01   1.0910763e+02
   4.5858474e+00   8.5874830e+01   1.0823593e+02
   4.5381524e+00   8.5765600e+01   1.0814560e+02
   4.5156419e+00   8.6128970e+01   1.0859893e+02
   4.4603556e+00   8.5719730e+01   1.0814303e+02
   4.3597239e+00   8.4388880e+01   1.0650263e+02
   4.2980905e+00   8.3827580e+01   1.0584080e+02
   4.3716538e+00   8.5999070e+01   1.0857297e+02
   4.5383075e+00   9.0151240e+01   1.1379850e+02
   4.6374644e+00   9.2841890e+01   1.1720503e+02
   4.5825040e+00   9.2393320e+01   1.1667673e+02
   4.4299697e+00   9.0082560e+01   1.1380743e+02
   4.2574469e+00   8.7240600e+01   1.1026777e+02
   4.1330918e+00   8.5529040e+01   1.0810877e+02
   4.0510862e+00   8.4789500e+01   1.0722207e+02
   4.0015439e+00   8.4771780e+01   1.0722993e+02
   3.9551894e+00   8.4335220e+01   1.0668007e+02
   3.8843805e+00   8.3673740e+01   1.0589200e+02
   3.8018805e+00   8.2957560e+01   1.0504540e+02
   3.7083165e+00   8.2287830e+01   1.0424447e+02
   3.6043305e+00   8.1493800e+01   1.0326597e+02
   3.5390590e+00   8.1310240e+01   1.0309207e+02
   3.5002340e+00   8.1648710e+01   1.0352130e+02
   3.4540828e+00   8.1863370e+01   1.0385370e+02
   3.4020708e+00   8.1598140e+01   1.0354447e+02
   3.3594158e+00   8.1233130e+01   1.0311347e+02
   3.3555627e+00   8.1573960e+01   1.0357097e+02
   3.3915138e+00   8.2392280e+01   1.0464413e+02
   3.4420584e+00   8.3542530e+01   1.0607410e+02
   3.4601432e+00   8.4094160e+01   1.0675660e+02
   3.4194131e+00   8.3723320e+01   1.0631030e+02
   3.3201925e+00   8.2696310e+01   1.0506373e+02
   3.1501778e+00   8.0540940e+01   1.0236227e+02
   3.0095592e+00   7.9040690e+01   1.0050241e+02
   2.9503276e+00   7.8847030e+01   1.0029041e+02
   2.9604935e+00   7.9749380e+01   1.0144602e+02
   2.9635852e+00   8.0201020e+01   1.0206775e+02
   2.9697635e+00   8.0761490e+01   1.0275297e+02
   2.9819114e+00   8.1138410e+01   1.0320527e+02
   2.9820519e+00   8.1129650e+01   1.0323017e+02
   2.9681381e+00   8.0642860e+01   1.0263863e+02
   2.9509286e+00   8.0246040e+01   1.0213099e+02
   2.9359988e+00   8.0116340e+01   1.0193356e+02
   2.9192487e+00   8.0089080e+01   1.0194647e+02
   2.8840035e+00   7.9663650e+01   1.0143964e+02
   2.8370474e+00   7.8845640e+01   1.0041736e+02
   2.7908609e+00   7.7975640e+01   9.9343060e+01
   2.7476910e+00   7.7398990e+01   9.8607387e+01
   2.7216244e+00   7.7306330e+01   9.8504960e+01
   2.7102286e+00   7.7562250e+01   9.8849750e+01
   2.6919164e+00   7.7707980e+01   9.9045630e+01
   2.6752470e+00   7.7978600e+01   9.9382843e+01
   2.6593480e+00   7.8239290e+01   9.9713563e+01
   2.6544144e+00   7.8776600e+01   1.0042279e+02
   2.6382092e+00   7.8747240e+01   1.0036710e+02
   2.6000393e+00   7.8114830e+01   9.9613793e+01
   2.5464664e+00   7.7170590e+01   9.8449973e+01
   2.4836651e+00   7.6393520e+01   9.7488950e+01
   2.4117280e+00   7.5846240e+01   9.6772373e+01
   2.3404660e+00   7.5245480e+01   9.6079400e+01
   2.2932143e+00   7.4954430e+01   9.5727587e+01
   2.2807788e+00   7.5061900e+01   9.5794813e+01
   2.2934623e+00   7.5463180e+01   9.6358443e+01
   2.3129398e+00   7.6038950e+01   9.7111443e+01
   2.3272035e+00   7.6472310e+01   9.7675317e+01
   2.3384025e+00   7.6943090e+01   9.8274960e+01
   2.3371591e+00   7.7007390e+01   9.8364973e+01
   2.3159989e+00   7.6618140e+01   9.7858920e+01
   2.2920317e+00   7.6114690e+01   9.7226010e+01
   2.2726626e+00   7.5820460e+01   9.6916280e+01
   2.2337225e+00   7.5416990e+01   9.6376647e+01
   2.1611128e+00   7.4495030e+01   9.5221617e+01
   2.0826478e+00   7.3585730e+01   9.4090223e+01
   2.0443421e+00   7.3139390e+01   9.3533273e+01
   2.0541073e+00   7.3600900e+01   9.4175303e+01
   2.0862518e+00   7.4543050e+01   9.5350293e+01
   2.0841284e+00   7.4617670e+01   9.5414200e+01
   2.0234786e+00   7.2359790e+01   9.2576937e+01
   1.9627028e+00   7.0240630e+01   8.9889480e+01
   1.9637426e+00   7.0384680e+01   9.0039820e+01
   2.0275558e+00   7.2615070e+01   9.2923507e+01
   2.0676133e+00   7.3960330e+01   9.4651803e+01
   2.0762629e+00   7.4359630e+01   9.5166343e+01
   2.0662924e+00   7.4306200e+01   9.5083183e+01
   2.0377479e+00   7.3909390e+01   9.4575723e+01
   2.0089484e+00   7.3648320e+01   9.4300007e+01
   1.9937593e+00   7.3452140e+01   9.4085527e+01
   1.9788248e+00   7.3302760e+01   9.3869057e+01
   1.9610412e+00   7.2973400e+01   9.3499153e+01
   1.9465717e+00   7.2858150e+01   9.3320077e+01
   1.9381733e+00   7.2877560e+01   9.3336150e+01
   1.9279058e+00   7.2891650e+01   9.3395217e+01
   1.9177469e+00   7.2889300e+01   9.3374583e+01
   1.9031991e+00   7.2839640e+01   9.3324097e+01
   1.8875906e+00   7.2681600e+01   9.3169663e+01
   1.8685112e+00   7.2490040e+01   9.2940353e+01
   1.8358160e+00   7.1888820e+01   9.2159003e+01
   1.7547630e+00   6.9940990e+01   8.9693713e+01
   1.5537882e+00   6.5015040e+01   8.3419037e+01
   1.3624540e+00   6.0784570e+01   7.7998897e+01
   1.2950559e+00   6.0043760e+01   7.7087670e+01
   1.3529054e+00   6.2336360e+01   7.9955130e+01
   1.4031126e+00   6.4287170e+01   8.2474970e+01
   1.4197439e+00   6.5209940e+01   8.3733560e+01
   1.4368727e+00   6.5769010e+01   8.4436687e+01
   1.4692507e+00   6.6453280e+01   8.5303140e+01
   1.4757967e+00   6.6879580e+01   8.5798763e+01
   1.4489679e+00   6.6632470e+01   8.5552067e+01
   1.4270063e+00   6.6675530e+01   8.5541220e+01
   1.4436172e+00   6.7247690e+01   8.6305870e+01
   1.4656004e+00   6.7935330e+01   8.7178630e+01
   1.4749563e+00   6.8233790e+01   8.7588860e+01
   1.4700292e+00   6.8019140e+01   8.7260897e+01
   1.4613770e+00   6.7616210e+01   8.6758127e+01
   1.4504115e+00   6.7144590e+01   8.6178917e+01
   1.4360167e+00   6.6644530e+01   8.5527760e+01
   1.4088805e+00   6.5865830e+01   8.4546927e+01
   1.3524836e+00   6.4653270e+01   8.3053843e+01
   1.2282038e+00   6.1772310e+01   7.9373187e+01
   1.0640469e+00   5.7501600e+01   7.3925800e+01
   9.3328305e-01   5.3988550e+01   6.9405090e+01
   9.3449065e-01   5.4051300e+01   6.9464050e+01
   9.8894269e-01   5.5810060e+01   7.1718873e+01
   1.0039370e+00   5.6498960e+01   7.2571823e+01
   9.6191149e-01   5.5560960e+01   7.1457567e+01
   9.3385766e-01   5.5074310e+01   7.0801993e+01
   9.3053756e-01   5.5121040e+01   7.0876167e+01
   9.3748949e-01   5.5453300e+01   7.1294813e+01
   9.6615468e-01   5.6276850e+01   7.2349847e+01
   1.0221130e+00   5.7842360e+01   7.4384153e+01
   1.0881204e+00   5.9481990e+01   7.6451203e+01
   1.1248594e+00   6.0240200e+01   7.7480517e+01
   1.1347373e+00   6.0443080e+01   7.7706307e+01
   1.1469914e+00   6.0534290e+01   7.7815443e+01
   1.1674813e+00   6.0777840e+01   7.8077350e+01
   1.1893215e+00   6.1141950e+01   7.8523297e+01
   1.2129948e+00   6.1766870e+01   7.9288317e+01
   1.2259763e+00   6.2228270e+01   7.9900453e+01
   1.2297962e+00   6.2362490e+01   8.0090523e+01
   1.2251388e+00   6.2167300e+01   7.9858947e+01
   1.2115244e+00   6.1750540e+01   7.9329807e+01
   1.1933574e+00   6.1170420e+01   7.8605747e+01
   1.1766485e+00   6.0694530e+01   7.7949357e+01
   1.1639862e+00   6.0446620e+01   7.7552693e+01
   1.1504868e+00   6.0291680e+01   7.7474910e+01
   1.1287570e+00   5.9799470e+01   7.6843933e+01
   1.0668884e+00   5.7603380e+01   7.4054723e+01
   8.6399987e-01   4.8598780e+01   6.2529407e+01
   5.8554797e-01   3.6027840e+01   4.6480580e+01
   3.6691420e-01   2.7187530e+01   3.5079610e+01
   3.2810401e-01   2.7464340e+01   3.5389370e+01
   4.0482164e-01   3.2682000e+01   4.2043163e+01
   5.6298713e-01   4.0574610e+01   5.2158120e+01
   7.5180822e-01   4.8624020e+01   6.2508033e+01
   9.0634445e-01   5.4288140e+01   6.9805103e+01
   9.9344488e-01   5.7125910e+01   7.3384303e+01
   1.0311986e+00   5.8146160e+01   7.4746687e+01
   1.0448803e+00   5.8347260e+01   7.4991493e+01
   1.0451739e+00   5.8262860e+01   7.4886270e+01
   1.0408291e+00   5.7973030e+01   7.4470780e+01
   1.0336918e+00   5.7777730e+01   7.4243030e+01
   1.0236127e+00   5.7605080e+01   7.4034517e+01
   1.0141197e+00   5.7587470e+01   7.4031020e+01
   1.0035608e+00   5.7281200e+01   7.3706330e+01
   9.9277500e-01   5.6996980e+01   7.3279487e+01
   9.7426548e-01   5.6654480e+01   7.2828553e+01
   9.5268370e-01   5.6221260e+01   7.2311900e+01
   9.2316675e-01   5.5657660e+01   7.1591437e+01
   8.9374394e-01   5.5043260e+01   7.0835303e+01
   8.7127640e-01   5.4382410e+01   7.0003793e+01
   8.6177598e-01   5.3921310e+01   6.9322507e+01
   8.5932807e-01   5.3634520e+01   6.8901053e+01
   8.5171612e-01   5.3365890e+01   6.8683990e+01
   8.4361850e-01   5.3480610e+01   6.8780383e+01
   8.3306307e-01   5.3518220e+01   6.8893640e+01
   8.2417485e-01   5.3398170e+01   6.8697253e+01
   8.1047640e-01   5.3018110e+01   6.8263733e+01
   7.9600319e-01   5.2619400e+01   6.7758827e+01
   7.8797520e-01   5.2199320e+01   6.7210883e+01
   7.8330573e-01   5.1918650e+01   6.6758150e+01
   7.8622970e-01   5.1620860e+01   6.6450193e+01
   7.8024981e-01   5.1900650e+01   6.6809820e+01
   7.7174550e-01   5.2185300e+01   6.7241930e+01
   7.3705616e-01   5.1676850e+01   6.6512177e+01
   6.8824037e-01   5.0141780e+01   6.4626813e+01
   6.2855056e-01   4.8195880e+01   6.2111397e+01
   5.6876650e-01   4.5880090e+01   5.9081253e+01
   5.2804301e-01   4.4026560e+01   5.6770803e+01
   5.1954007e-01   4.3332640e+01   5.5829933e+01
   5.3662255e-01   4.3973320e+01   5.6709750e+01
   5.5435781e-01   4.4596650e+01   5.7453930e+01
   5.5281896e-01   4.4303840e+01   5.7117287e+01
   5.4957893e-01   4.4412840e+01   5.7266883e+01
   5.6599584e-01   4.5276020e+01   5.8458267e+01
   5.8421089e-01   4.6287670e+01   5.9654927e+01
   5.7548400e-01   4.6018440e+01   5.9364720e+01
   5.6674910e-01   4.5775810e+01   5.9019953e+01
   5.7170345e-01   4.5798640e+01   5.9052263e+01
   5.8053806e-01   4.6043690e+01   5.9426703e+01
   5.9428856e-01   4.6543280e+01   5.9931913e+01
   6.1155850e-01   4.7093340e+01   6.0776200e+01
   6.3111487e-01   4.7939750e+01   6.1848500e+01
   6.4499471e-01   4.8585260e+01   6.2541777e+01
   6.5587377e-01   4.8980330e+01   6.3109903e+01
   6.6614646e-01   4.9223220e+01   6.3428910e+01
   6.6974472e-01   4.9281920e+01   6.3489317e+01
   6.7396178e-01   4.9194000e+01   6.3453137e+01
   6.7314034e-01   4.9075380e+01   6.3269307e+01
   6.7284761e-01   4.8910270e+01   6.3080833e+01
   6.6597919e-01   4.8371170e+01   6.2433680e+01
   6.4969880e-01   4.7488300e+01   6.1311413e+01
   6.3566660e-01   4.6779430e+01   6.0309017e+01
   6.2319042e-01   4.5942100e+01   5.9354137e+01
   6.0732771e-01   4.5084710e+01   5.8164950e+01
   6.0555636e-01   4.4663820e+01   5.7658757e+01
   6.0780264e-01   4.5155660e+01   5.8309867e+01
   6.2531455e-01   4.6501500e+01   5.9956593e+01
   6.2967529e-01   4.6989260e+01   6.0595693e+01
   6.2633679e-01   4.6928530e+01   6.0481313e+01
   6.2060722e-01   4.6629440e+01   6.0243297e+01
   6.1669845e-01   4.6331880e+01   5.9743410e+01
   5.9762791e-01   4.5254670e+01   5.8341723e+01
   5.8369659e-01   4.4170010e+01   5.6905110e+01
   5.7323283e-01   4.3521370e+01   5.6172387e+01
   5.7743600e-01   4.4107660e+01   5.6972397e+01
   5.8642970e-01   4.4921980e+01   5.7926273e+01
   5.8706579e-01   4.5391300e+01   5.8586707e+01
   5.9002272e-01   4.5601370e+01   5.8778657e+01
   5.8770845e-01   4.5734690e+01   5.8938133e+01
   5.8455437e-01   4.5755470e+01   5.8978423e+01
   5.7930426e-01   4.5726630e+01   5.8916090e+01
   5.7288431e-01   4.5463200e+01   5.8660423e+01
   5.6811036e-01   4.5333600e+01   5.8374880e+01
   5.6205189e-01   4.5063380e+01   5.8038670e+01
   5.5898397e-01   4.4927930e+01   5.8023050e+01
   5.5370600e-01   4.4834610e+01   5.7900563e+01
   5.4407907e-01   4.4659660e+01   5.7580207e+01
   5.3766259e-01   4.4295320e+01   5.7164643e+01
   5.3366339e-01   4.4052030e+01   5.6828620e+01
   5.2261692e-01   4.3820080e+01   5.6497137e+01
   5.0279553e-01   4.3169410e+01   5.5770420e+01
   4.7704064e-01   4.2187700e+01   5.4485427e+01
   4.3996960e-01   4.0603630e+01   5.2388643e+01
   3.9505275e-01   3.8607720e+01   4.9732113e+01
   3.5068963e-01   3.6361930e+01   4.7028760e+01
   3.1902011e-01   3.4488420e+01   4.4497917e+01
   3.0566719e-01   3.3330380e+01   4.3105560e+01
   2.9337943e-01   3.2961350e+01   4.2622283e+01
   3.0655973e-01   3.3954280e+01   4.3794680e+01
   3.3004631e-01   3.5266900e+01   4.5461830e+01
   3.4300694e-01   3.5910640e+01   4.6507427e+01
   3.2870082e-01   3.5370740e+01   4.5664353e+01
   3.0395084e-01   3.3983790e+01   4.3788640e+01
   2.8072012e-01   3.3043450e+01   4.2526597e+01
   2.8045158e-01   3.2860710e+01   4.2427920e+01
   2.8095589e-01   3.2870650e+01   4.2366587e+01
   2.7860926e-01   3.2834320e+01   4.2354693e+01
   2.6884545e-01   3.2475460e+01   4.1834673e+01
   2.6593031e-01   3.2548710e+01   4.1925837e+01
   2.8010230e-01   3.2918900e+01   4.2312430e+01
   2.9378267e-01   3.3785460e+01   4.3543753e+01
   3.1008873e-01   3.4661340e+01   4.4646253e+01
   3.1819266e-01   3.4912290e+01   4.5068133e+01
   3.0827606e-01   3.4536280e+01   4.4483600e+01
   2.9552335e-01   3.3880730e+01   4.3627543e+01
   2.7604219e-01   3.2973480e+01   4.2468113e+01
   2.5830886e-01   3.1405570e+01   4.0381213e+01
   2.2006168e-01   2.8744630e+01   3.7034703e+01
   1.7623825e-01   2.4911310e+01   3.2115837e+01
   1.3870049e-01   2.0898550e+01   2.6951940e+01
   1.0542170e-01   1.7250870e+01   2.2212903e+01
   8.8611408e-02   1.4859730e+01   1.9041333e+01
   8.3863689e-02   1.3962710e+01   1.7924990e+01
   8.0812584e-02   1.4371770e+01   1.8405323e+01
   9.3186430e-02   1.5864060e+01   2.0320797e+01
   1.0641007e-01   1.7668780e+01   2.2667477e+01
   1.1451306e-01   1.9363860e+01   2.4667233e+01
   1.1247609e-01   1.8944200e+01   2.4502843e+01
   1.0895879e-01   1.8173250e+01   2.3088980e+01
   1.0164498e-01   1.7227290e+01   2.1961193e+01
   9.8842558e-02   1.7058380e+01   2.1926597e+01
   9.8957144e-02   1.7623110e+01   2.2603473e+01
   1.0712332e-01   1.8001120e+01   2.3104947e+01
   1.1309410e-01   1.8779570e+01   2.3908677e+01
   1.1015160e-01   1.8817510e+01   2.4114990e+01
   1.1883886e-01   1.9538290e+01   2.4848583e+01
   1.2023007e-01   1.9532530e+01   2.4803017e+01
   1.2438420e-01   2.0059110e+01   2.5588503e+01
   1.3043001e-01   2.0467800e+01   2.6179873e+01
   1.3213809e-01   2.1090610e+01   2.6728410e+01
   1.3805480e-01   2.1633350e+01   2.7739210e+01
   1.4847195e-01   2.2271560e+01   2.8367680e+01
   1.5892070e-01   2.3441830e+01   2.9837763e+01
   1.7458473e-01   2.4079070e+01   3.1171593e+01
   1.7922138e-01   2.5322460e+01   3.2191250e+01
   1.8795285e-01   2.6322220e+01   3.3662837e+01
   2.0917135e-01   2.7811990e+01   3.5458473e+01
   2.3849415e-01   2.9191530e+01   3.7338070e+01
   2.3849415e-01   2.9191530e+01   3.7338070e+01
   2.4287699e-01   3.0505440e+01   3.8742050e+01
   2.5090219e-01   3.0657360e+01   3.8888503e+01
   2.3429224e-01   3.0028540e+01   3.8197080e+01
   2.3290806e-01   2.9976140e+01   3.8139463e+01
   2.3366685e-01   2.9098140e+01   3.7411953e+01
   2.2600700e-01   2.9084360e+01   3.6809310e+01
   2.2462545e-01   2.9286960e+01   3.7078197e+01
   2.2437425e-01   2.9323800e+01   3.7127083e+01
   2.4673890e-01   2.9496660e+01   3.7874310e+01
   2.5923230e-01   3.0333750e+01   3.8688077e+01
   2.5841020e-01   3.0782510e+01   3.9310377e+01
   2.5826074e-01   3.0864100e+01   3.9423523e+01
   2.7821364e-01   3.1627620e+01   4.0116370e+01
   2.7802890e-01   3.1894210e+01   4.0994747e+01
   2.9298232e-01   3.2430150e+01   4.1482517e+01
   2.9746834e-01   3.2590940e+01   4.1628847e+01
   2.9880720e-01   3.2873900e+01   4.1832303e+01
   3.0512970e-01   3.3232010e+01   4.2202100e+01
   3.0591550e-01   3.3270390e+01   4.2285777e+01
   3.0626476e-01   3.3287450e+01   4.2322967e+01
   3.0977292e-01   3.3165890e+01   4.2359020e+01
   2.8807566e-01   3.3218900e+01   4.2099930e+01
   3.0251776e-01   3.3106450e+01   4.2050873e+01
   3.0893645e-01   3.3056470e+01   4.2029077e+01
   3.2245824e-01   3.2688500e+01   4.1667833e+01
   3.0690035e-01   3.2317460e+01   4.1931573e+01
   3.1757933e-01   3.2510100e+01   4.1594057e+01
   3.2265532e-01   3.2585980e+01   4.1408410e+01
   2.9715139e-01   3.1969750e+01   4.1008340e+01
   3.0166238e-01   3.1600240e+01   4.0740763e+01
   3.1706784e-01   3.1522600e+01   4.0571390e+01
   3.2304126e-01   3.1478720e+01   4.0478260e+01
   3.0060594e-01   3.1438670e+01   4.0386040e+01
   3.0533037e-01   3.1539990e+01   4.0378263e+01
   3.0468938e-01   3.1574790e+01   4.0612553e+01
   3.0435055e-01   3.1670960e+01   4.0777433e+01
   3.0272185e-01   3.1926050e+01   4.0950457e+01
   3.0218309e-01   3.2083060e+01   4.1144203e+01
   3.0185155e-01   3.2179680e+01   4.1263430e+01
   3.0190082e-01   3.2241100e+01   4.1333097e+01
   3.0202895e-01   3.2400810e+01   4.1514237e+01
   3.0215707e-01   3.2560510e+01   4.1695377e+01
   3.0223594e-01   3.2658790e+01   4.1806850e+01
   3.0262965e-01   3.2697410e+01   4.1853677e+01
   3.0348267e-01   3.2781090e+01   4.1955133e+01
   3.0433570e-01   3.2864770e+01   4.2056590e+01
   3.0479501e-01   3.2909830e+01   4.2111223e+01
   3.0496349e-01   3.2925390e+01   4.2135063e+01
   3.0532850e-01   3.2959120e+01   4.2186713e+01
   3.0569353e-01   3.2992840e+01   4.2238360e+01
   3.0589006e-01   3.3011000e+01   4.2266173e+01
   3.0525388e-01   3.3014480e+01   4.2266603e+01
   3.0387544e-01   3.3022020e+01   4.2267543e+01
   3.0249699e-01   3.3029560e+01   4.2268477e+01
   3.0175475e-01   3.3033620e+01   4.2268983e+01
   3.0090543e-01   3.3014570e+01   4.2243637e+01
   2.9932814e-01   3.2979200e+01   4.2196563e+01
   2.9775082e-01   3.2943830e+01   4.2149497e+01
   2.9690150e-01   3.2924780e+01   4.2124150e+01
   2.9666083e-01   3.2893750e+01   4.2089303e+01
   2.9613940e-01   3.2826500e+01   4.2013803e+01
   2.9561796e-01   3.2759250e+01   4.1938303e+01
   2.9533720e-01   3.2723040e+01   4.1897647e+01
   2.9475295e-01   3.2698690e+01   4.1866173e+01
   2.9153950e-01   3.2564770e+01   4.1693063e+01
   2.8668308e-01   3.2398830e+01   4.1454697e+01
   2.8288650e-01   3.2165560e+01   4.1162660e+01
   2.7889319e-01   3.1908880e+01   4.0842577e+01
   2.7244314e-01   3.1613870e+01   4.0473047e+01
   2.6482519e-01   3.1268550e+01   4.0048483e+01
   2.5585570e-01   3.0810400e+01   3.9498220e+01
   2.4605541e-01   3.0396500e+01   3.8950057e+01
   2.3819757e-01   2.9970200e+01   3.8397437e+01
   2.3076735e-01   2.9586920e+01   3.7875567e+01
   2.2637894e-01   2.9269490e+01   3.7494623e+01
   2.2711063e-01   2.8973500e+01   3.7124790e+01
   2.2372665e-01   2.8585840e+01   3.6591703e+01
   2.1574812e-01   2.8160360e+01   3.6064847e+01
   2.1062755e-01   2.7706430e+01   3.5497467e+01
   2.0644058e-01   2.7094000e+01   3.4717723e+01
   2.0403746e-01   2.6363740e+01   3.3779030e+01
   1.9654478e-01   2.5533680e+01   3.2720873e+01
   1.8387810e-01   2.4557700e+01   3.1469903e+01
   1.6595229e-01   2.3161130e+01   2.9678520e+01
   1.3926210e-01   2.0716970e+01   2.6551217e+01
   1.1039720e-01   1.7384400e+01   2.2282530e+01
   8.3828812e-02   1.4257490e+01   1.8269033e+01
   6.5451925e-02   1.2152980e+01   1.5560143e+01
   5.6693775e-02   1.1216630e+01   1.4361900e+01
   5.0724225e-02   1.0845140e+01   1.3876663e+01
   4.8726900e-02   1.1006120e+01   1.4081163e+01
   4.7235413e-02   1.1563530e+01   1.4790817e+01
   4.3578512e-02   1.1337290e+01   1.4493570e+01
   4.2397875e-02   1.0851350e+01   1.3900093e+01
   4.3946963e-02   1.1178740e+01   1.4347350e+01
   4.9220687e-02   1.2410050e+01   1.5885693e+01
   5.7570563e-02   1.4095800e+01   1.8054533e+01
   6.8323125e-02   1.5813480e+01   2.0300373e+01
   7.9584925e-02   1.7314250e+01   2.2226300e+01
   9.1333775e-02   1.8369980e+01   2.3553720e+01
   9.8452463e-02   1.8985530e+01   2.4329883e+01
   1.0176875e-01   1.9257810e+01   2.4663127e+01
   1.0378130e-01   1.9360320e+01   2.4819470e+01
   1.0587340e-01   1.9549350e+01   2.5084957e+01
   1.1113993e-01   2.0018020e+01   2.5681497e+01
   1.1811058e-01   2.0433520e+01   2.6210223e+01
   1.1838992e-01   2.0398750e+01   2.6165117e+01
   1.1584560e-01   2.0187610e+01   2.5865857e+01
   1.1959185e-01   2.0141680e+01   2.5806460e+01
   1.2141167e-01   2.0229540e+01   2.5933463e+01
   1.2252075e-01   2.0411060e+01   2.6175827e+01
   1.2735768e-01   2.0642530e+01   2.6478233e+01
   1.3134600e-01   2.0833450e+01   2.6723240e+01
   1.3299825e-01   2.0943180e+01   2.6878653e+01
   1.3525825e-01   2.1045570e+01   2.6991877e+01
   1.3638026e-01   2.1085620e+01   2.7038343e+01
   1.3344677e-01   2.1074550e+01   2.7059723e+01
   1.2981281e-01   2.1014240e+01   2.6957307e+01
   1.2685730e-01   2.0836840e+01   2.6731143e+01
   1.2229490e-01   2.0638170e+01   2.6474873e+01
   1.1832356e-01   2.0381150e+01   2.6134043e+01
   1.1112420e-01   1.9997100e+01   2.5648980e+01
   1.0060275e-01   1.9316120e+01   2.4784757e+01
   9.2298362e-02   1.8364670e+01   2.3577913e+01
   8.4402450e-02   1.7463940e+01   2.2423173e+01
   8.0008438e-02   1.7156140e+01   2.2035967e+01
   8.3160963e-02   1.7498580e+01   2.2480930e+01
   8.9476463e-02   1.7827450e+01   2.2904797e+01
   9.2205600e-02   1.7997510e+01   2.3113407e+01
   9.6271662e-02   1.8179460e+01   2.3326263e+01
   9.8964400e-02   1.8304220e+01   2.3485600e+01
   9.8218863e-02   1.8276150e+01   2.3441253e+01
   9.8285125e-02   1.8070290e+01   2.3164167e+01
   9.6894350e-02   1.7718140e+01   2.2716397e+01
   9.1053000e-02   1.7243230e+01   2.2109037e+01
   8.4846000e-02   1.6635030e+01   2.1335720e+01
   7.9105250e-02   1.5973320e+01   2.0480893e+01
   7.2712750e-02   1.5355010e+01   1.9685337e+01
   6.6628800e-02   1.4773050e+01   1.8947627e+01
   6.0650312e-02   1.4185840e+01   1.8188320e+01
   5.4128812e-02   1.3245120e+01   1.6972500e+01
   4.6376313e-02   1.1996000e+01   1.5375443e+01
   4.0783900e-02   1.1143480e+01   1.4284160e+01
   3.8324600e-02   1.0635040e+01   1.3618787e+01
   3.3762300e-02   9.6759430e+00   1.2391163e+01
   2.5646425e-02   7.8647780e+00   1.0067265e+01
   1.7898187e-02   5.7098970e+00   7.3197103e+00
   1.3001175e-02   4.0160120e+00   5.1457913e+00
   9.9204875e-03   2.9738390e+00   3.8046543e+00
   7.4028750e-03   2.3237330e+00   2.9867837e+00
   6.7593500e-03   1.8681840e+00   2.4048063e+00
   5.3704875e-03   1.5307190e+00   1.9564310e+00
   4.4824750e-03   1.2455700e+00   1.5920700e+00
   5.1728625e-03   1.0093290e+00   1.3122800e+00
   4.6996250e-03   8.4881040e-01   1.1040687e+00
   4.0661250e-03   7.3502520e-01   9.5846053e-01
   5.7403500e-03   7.0015760e-01   8.9822850e-01
   6.8612500e-03   7.1354250e-01   9.0075150e-01
   5.4830000e-03   7.2826940e-01   9.2800573e-01
   5.6021375e-03   7.5942900e-01   9.8035380e-01
   7.4504375e-03   7.8785930e-01   1.0231546e+00
   7.9259125e-03   8.1734170e-01   1.0386110e+00
   6.9621500e-03   8.9349010e-01   1.1254687e+00
   6.2686250e-03   1.0201490e+00   1.3082263e+00
   5.6577250e-03   1.1699140e+00   1.4926993e+00
   5.4689250e-03   1.3705500e+00   1.7438120e+00
   4.2982500e-03   1.6455390e+00   2.0975943e+00
   4.2912375e-03   1.8639940e+00   2.3745783e+00
   4.5316250e-03   1.9860460e+00   2.5463223e+00
   4.6489500e-03   2.0858700e+00   2.6740820e+00
   5.1490000e-03   2.2132760e+00   2.8373143e+00
   5.8862750e-03   2.4645950e+00   3.1633210e+00
   7.2732000e-03   2.7996500e+00   3.5822570e+00
   8.5600875e-03   3.2494100e+00   4.1663433e+00
   9.9645000e-03   3.9884670e+00   5.1097397e+00
   1.2112500e-02   4.6941500e+00   6.0062667e+00
   1.2984600e-02   4.9356320e+00   6.3241730e+00
   1.1730000e-02   4.6936420e+00   6.0272390e+00
   1.0207000e-02   4.3054790e+00   5.5251533e+00
   1.0678500e-02   4.3436880e+00   5.5671040e+00
   1.2965475e-02   4.6863980e+00   6.0057193e+00
   1.3760550e-02   5.0480130e+00   6.4778617e+00
   1.4383487e-02   5.4674890e+00   7.0226293e+00
   1.6241600e-02   6.0845780e+00   7.8037390e+00
   1.8766400e-02   6.9398880e+00   8.8909940e+00
   2.2628250e-02   7.8129770e+00   1.0010548e+01
   2.6870850e-02   8.5351710e+00   1.0952150e+01
   2.9302000e-02   9.0054750e+00   1.1564750e+01
   3.2365950e-02   9.4070540e+00   1.2084467e+01
   3.5640500e-02   9.9465910e+00   1.2786300e+01
   3.8657400e-02   1.0460390e+01   1.3449263e+01
   4.0350138e-02   1.0792560e+01   1.3880097e+01
   4.2194225e-02   1.1067820e+01   1.4245047e+01
   4.2989375e-02   1.1323300e+01   1.4589237e+01
   4.3479538e-02   1.1524130e+01   1.4840313e+01
   4.3708450e-02   1.1641060e+01   1.4983883e+01
   4.3320250e-02   1.1713090e+01   1.5070700e+01
   4.5347925e-02   1.1765640e+01   1.5140187e+01
   4.6119600e-02   1.1821830e+01   1.5215917e+01
   4.6731300e-02   1.1874780e+01   1.5274510e+01
   4.7177000e-02   1.1863910e+01   1.5255310e+01
   4.6211700e-02   1.1823880e+01   1.5188367e+01
   4.6738575e-02   1.1766510e+01   1.5124553e+01
   4.7328000e-02   1.1689390e+01   1.5035097e+01
   4.5625625e-02   1.1569370e+01   1.4871110e+01
   4.2560063e-02   1.1321630e+01   1.4552963e+01
   3.9890500e-02   1.0962360e+01   1.4084550e+01
   3.8655500e-02   1.0664530e+01   1.3700877e+01
   3.8916375e-02   1.0548170e+01   1.3559833e+01
   3.9819325e-02   1.0630160e+01   1.3678197e+01
   4.0425875e-02   1.0710720e+01   1.3795373e+01
   4.1230125e-02   1.0709840e+01   1.3789540e+01
   4.0397300e-02   1.0695870e+01   1.3764917e+01
   3.8514650e-02   1.0600590e+01   1.3651310e+01
   3.7523075e-02   1.0384540e+01   1.3365290e+01
   3.6812300e-02   1.0179720e+01   1.3083897e+01
   3.5470800e-02   1.0078400e+01   1.2960020e+01
   3.4854987e-02   1.0094280e+01   1.2971937e+01
   3.6116750e-02   1.0188620e+01   1.3088083e+01
   3.7734862e-02   1.0247490e+01   1.3179343e+01
   3.7746225e-02   1.0287120e+01   1.3232180e+01
   3.7534700e-02   1.0332700e+01   1.3287373e+01
   3.8003800e-02   1.0310840e+01   1.3260403e+01
   3.7721250e-02   1.0214860e+01   1.3132250e+01
   3.6204025e-02   1.0045210e+01   1.2928517e+01
   3.5048550e-02   9.8724840e+00   1.2696663e+01
   3.4560000e-02   9.7646580e+00   1.2556307e+01
   3.3410000e-02   9.7252060e+00   1.2507150e+01
   3.3420675e-02   9.6509510e+00   1.2410917e+01
   3.3577600e-02   9.6052110e+00   1.2350943e+01
   3.2236587e-02   9.6270320e+00   1.2369927e+01
   3.1543100e-02   9.5480490e+00   1.2270027e+01
   3.0875812e-02   9.3833100e+00   1.2063677e+01
   3.0215100e-02   9.2931620e+00   1.1933280e+01
   2.9344013e-02   9.2697190e+00   1.1911093e+01
   2.8187888e-02   9.1908310e+00   1.1826897e+01
   2.8134212e-02   9.1049290e+00   1.1704343e+01
   2.9345525e-02   9.0557860e+00   1.1632047e+01
   2.8877187e-02   8.9730720e+00   1.1555523e+01
   2.7639675e-02   8.8811460e+00   1.1448300e+01
   2.6371125e-02   8.8065800e+00   1.1342563e+01
   2.5557600e-02   8.7296550e+00   1.1232350e+01
   2.5201400e-02   8.6524950e+00   1.1119270e+01
   2.5619125e-02   8.5452560e+00   1.0975407e+01
   2.5633125e-02   8.3826730e+00   1.0771550e+01
   2.4123000e-02   8.2550260e+00   1.0620820e+01
   2.4561775e-02   8.2071700e+00   1.0570610e+01
   2.4281250e-02   8.1333290e+00   1.0484933e+01
   2.2074575e-02   7.9345420e+00   1.0229752e+01
   2.1098400e-02   7.7555910e+00   1.0004827e+01
   2.1107363e-02   7.6559260e+00   9.8665833e+00
   2.0979688e-02   7.4999550e+00   9.6579130e+00
   2.0241875e-02   7.3127020e+00   9.4328317e+00
   1.8822713e-02   7.2009030e+00   9.2844573e+00
   1.7851650e-02   7.0905620e+00   9.1351607e+00
   1.8424350e-02   6.9745470e+00   8.9829017e+00
   1.8615025e-02   6.9343040e+00   8.9195047e+00
   1.7773388e-02   6.8744520e+00   8.8457157e+00
   1.6796475e-02   6.7664370e+00   8.7121377e+00
   1.5836400e-02   6.6318800e+00   8.5377987e+00
   1.5694900e-02   6.4026700e+00   8.2646630e+00
   1.4147000e-02   6.2183250e+00   8.0310637e+00
   1.2938700e-02   6.0855460e+00   7.8356677e+00
   1.2607700e-02   5.8055850e+00   7.4751647e+00
   1.1276675e-02   5.4173490e+00   6.9949377e+00
   1.1030400e-02   5.0941920e+00   6.5625807e+00
   1.0376625e-02   4.8163640e+00   6.1940177e+00
   9.8382375e-03   4.5620250e+00   5.8627870e+00
   8.8438000e-03   4.1901170e+00   5.3949327e+00
   6.2058750e-03   3.7412030e+00   4.8153310e+00
   4.9623250e-03   3.2317150e+00   4.1422380e+00
   4.8333750e-03   2.6447970e+00   3.3946447e+00
   3.7260000e-03   2.1846130e+00   2.7963703e+00
   3.4164375e-03   1.8306120e+00   2.3468117e+00
   2.2706250e-03   1.5026110e+00   1.9211017e+00
   1.9419000e-03   1.2110350e+00   1.5438637e+00
   1.3093000e-03   9.5425510e-01   1.2290407e+00
   1.4938875e-03   7.6239900e-01   1.0064340e+00
   8.2500000e-04   6.3729870e-01   8.2798650e-01
   0.0000000e+00   5.2202850e-01   6.6123610e-01
   6.4955000e-04   4.1355580e-01   5.2815560e-01
   3.2555000e-04   3.5141400e-01   4.4177760e-01
   4.9248750e-04   3.0924560e-01   3.9204907e-01
   0.0000000e+00   2.6918170e-01   3.6398783e-01
   1.6332500e-04   2.4492160e-01   3.2989440e-01
   4.8708750e-04   2.3257950e-01   3.0680700e-01
   0.0000000e+00   2.3742720e-01   2.9513520e-01
  -4.9211250e-04   2.2792540e-01   2.7417113e-01
  -4.9477500e-04   2.0824440e-01   2.6774280e-01
  -1.6477500e-04   2.0246210e-01   2.6501137e-01
   1.6638750e-04   1.9015580e-01   2.5020500e-01
   5.0366250e-04   1.8853720e-01   2.4458880e-01
   1.6846250e-04   1.8425160e-01   2.4737483e-01
   0.0000000e+00   1.9707480e-01   2.4929120e-01
   5.0066250e-04   1.9360770e-01   2.4490547e-01
   1.6682500e-04   1.8796700e-01   2.4732500e-01
   3.3187500e-04   2.0364290e-01   2.6324570e-01
  -4.9586250e-04   2.0915580e-01   2.7057457e-01
  -9.8490000e-04   1.9425900e-01   2.6399300e-01
   0.0000000e+00   2.0988240e-01   2.6318587e-01
   4.9068750e-04   2.2849650e-01   2.6065527e-01
   1.6575000e-04   2.2198750e-01   2.5124167e-01
  -1.6630000e-03   2.1748020e-01   2.4337070e-01
