   1.5915772e-02
   1.1536914e-02
   1.5169562e-02
   1.5024868e-02
   1.7416837e-02
   1.5312137e-02
   1.4876495e-02
   1.7874701e-02
   1.7323089e-02
   2.0261811e-02
   1.8420511e-02
   2.0338936e-02
   2.2226971e-02
   2.4144479e-02
   2.6702811e-02
   3.7832411e-02
   4.2918911e-02
   4.7470899e-02
   5.4347910e-02
   5.7895690e-02
   6.7606711e-02
   6.6946362e-02
   7.5243514e-02
   7.8623656e-02
   8.3731362e-02
   8.6980490e-02
   8.6366119e-02
   9.2427369e-02
   9.3413012e-02
   9.4237309e-02
   9.6209773e-02
   9.7112448e-02
   1.0195906e-01
   9.8243386e-02
   1.0123084e-01
   1.0359995e-01
   1.0090235e-01
   1.0206657e-01
   1.0145512e-01
   1.0156988e-01
   1.0123050e-01
   1.0545921e-01
   1.0816643e-01
   1.0994950e-01
   1.0919133e-01
   1.0831279e-01
   9.6592939e-02
   9.7469999e-02
   9.8914311e-02
   9.8009796e-02
   1.0034425e-01
   1.0162958e-01
   1.0142424e-01
   1.0241944e-01
   1.0420149e-01
   1.0300742e-01
   1.0153535e-01
   1.0194405e-01
   1.0083643e-01
   9.8979298e-02
   1.0043934e-01
   1.0002180e-01
   9.9886382e-02
   1.0085430e-01
   9.8787403e-02
   9.9056177e-02
   9.8509661e-02
   9.8616163e-02
   9.7371345e-02
   9.6889063e-02
   9.6424099e-02
   9.7166127e-02
   9.5990435e-02
   9.5066716e-02
   9.4193352e-02
   9.3998860e-02
   9.2709704e-02
   9.2351993e-02
   9.1308311e-02
   9.0185124e-02
   8.8718790e-02
   8.7425740e-02
   8.5504312e-02
   8.4235944e-02
   8.3098105e-02
   8.0364768e-02
   7.7503181e-02
   7.6070553e-02
   7.5051579e-02
   7.4440742e-02
   7.4475273e-02
   7.5016591e-02
   7.5492660e-02
   7.5053384e-02
   7.4622429e-02
   7.5437543e-02
   7.4597858e-02
   7.4498644e-02
   7.2083553e-02
   6.8470521e-02
   6.5632650e-02
   6.2711675e-02
   6.0009139e-02
   5.6837534e-02
   5.5322095e-02
   5.5182082e-02
   5.5159870e-02
   5.5011669e-02
   5.4465533e-02
   5.4328019e-02
   5.4617765e-02
   5.4788562e-02
   5.4293357e-02
   5.4462551e-02
   5.4728889e-02
   5.3589544e-02
   5.1141265e-02
   4.8660976e-02
   4.7061281e-02
   4.6206700e-02
   4.5654516e-02
   4.5721352e-02
   4.5822075e-02
   4.5987543e-02
   4.6248988e-02
   4.6713557e-02
   4.6927855e-02
   4.7129296e-02
   4.7608712e-02
   4.9243007e-02
   5.0712886e-02
   5.2227026e-02
   5.0491293e-02
   4.6417585e-02
   4.2798325e-02
   4.0746122e-02
   4.0048443e-02
   3.9584284e-02
   3.9233113e-02
   3.9270825e-02
   3.9711422e-02
   4.0229665e-02
   4.0533067e-02
   4.0668742e-02
   4.0379882e-02
   4.0250154e-02
   4.0180730e-02
   3.9915479e-02
   3.9666934e-02
   3.9361379e-02
   3.9146559e-02
   3.8954536e-02
   3.8590421e-02
   3.7802875e-02
   3.6906175e-02
   3.6227828e-02
   3.5662658e-02
   3.5310407e-02
   3.4959972e-02
   3.4511127e-02
   3.3883941e-02
   3.3643401e-02
   3.3572703e-02
   3.3603250e-02
   3.3523468e-02
   3.3585759e-02
   3.3725407e-02
   3.3251334e-02
   3.2849690e-02
   3.2466831e-02
   3.2135957e-02
   3.1829654e-02
   3.1507311e-02
   3.1162157e-02
   3.0776378e-02
   3.0464067e-02
   3.0175138e-02
   2.9828958e-02
   2.9518087e-02
   2.9139240e-02
   2.8694658e-02
   2.8232432e-02
   2.7990460e-02
   2.7601867e-02
   2.7117295e-02
   2.6501929e-02
   2.5834439e-02
   2.5265342e-02
   2.4747966e-02
   2.4200617e-02
   2.3800012e-02
   2.3526502e-02
   2.3347561e-02
   2.3361811e-02
   2.3398762e-02
   2.3359195e-02
   2.3114221e-02
   2.2556416e-02
   2.1732771e-02
   2.0907338e-02
   2.0383122e-02
   2.0148922e-02
   2.0005628e-02
   1.9869664e-02
   1.9858321e-02
   1.9855867e-02
   1.9889244e-02
   1.9864250e-02
   1.9770879e-02
   1.9607147e-02
   1.9405857e-02
   1.9229419e-02
   1.9073087e-02
   1.8844792e-02
   1.8610574e-02
   1.8400625e-02
   1.8162439e-02
   1.7901791e-02
   1.7652925e-02
   1.7417639e-02
   1.7269206e-02
   1.7089577e-02
   1.6857656e-02
   1.6471246e-02
   1.5914838e-02
   1.5359780e-02
   1.4957563e-02
   1.4804359e-02
   1.4801535e-02
   1.4819199e-02
   1.4828694e-02
   1.4797119e-02
   1.4763426e-02
   1.4669250e-02
   1.4577738e-02
   1.4459361e-02
   1.4184390e-02
   1.3705178e-02
   1.3147102e-02
   1.2870685e-02
   1.2830316e-02
   1.2895780e-02
   1.2855901e-02
   1.2875052e-02
   1.2854786e-02
   1.2826485e-02
   1.2839339e-02
   1.2864778e-02
   1.2837894e-02
   1.2750718e-02
   1.2565534e-02
   1.2328685e-02
   1.2219313e-02
   1.2106680e-02
   1.2004857e-02
   1.1887034e-02
   1.1792616e-02
   1.1673488e-02
   1.1567560e-02
   1.1424048e-02
   1.1294950e-02
   1.1141217e-02
   1.0955876e-02
   1.0602902e-02
   9.6698193e-03
   8.5120258e-03
   7.8487750e-03
   7.9613046e-03
   8.0550009e-03
   8.0059058e-03
   8.0660087e-03
   8.2714605e-03
   8.2428758e-03
   7.9862412e-03
   7.7247329e-03
   7.7725741e-03
   7.8562801e-03
   7.8871425e-03
   7.8885895e-03
   7.8879484e-03
   7.8766116e-03
   7.8354639e-03
   7.7112461e-03
   7.3386109e-03
   6.5302597e-03
   5.4547782e-03
   4.5076853e-03
   4.5108627e-03
   4.8464715e-03
   4.8870362e-03
   4.5259712e-03
   4.2506368e-03
   4.1917680e-03
   4.2111072e-03
   4.4150916e-03
   4.8047722e-03
   5.2917940e-03
   5.5832075e-03
   5.6641000e-03
   5.8001619e-03
   6.0072893e-03
   6.1980221e-03
   6.3462187e-03
   6.3937079e-03
   6.4069706e-03
   6.3953176e-03
   6.3267300e-03
   6.2387022e-03
   6.1470409e-03
   6.0519429e-03
   5.9067586e-03
   5.7460905e-03
   5.4678570e-03
   4.8858836e-03
   3.6901969e-03
   1.5530383e-03
   3.5289517e-04
   6.9561723e-04
   1.8541883e-03
   3.0880783e-03
   4.0466221e-03
   4.5917742e-03
   4.8563140e-03
   4.9920866e-03
   5.0159732e-03
   5.0303411e-03
   4.9798677e-03
   4.8845514e-03
   4.7592855e-03
   4.6847476e-03
   4.6094198e-03
   4.4378520e-03
   4.2399529e-03
   3.9607934e-03
   3.6873796e-03
   3.5187163e-03
   3.4926888e-03
   3.5263580e-03
   3.4716224e-03
   3.3298580e-03
   3.1648971e-03
   3.0646443e-03
   2.9474183e-03
   2.8234029e-03
   2.7988022e-03
   2.7961515e-03
   2.9046119e-03
   2.7513447e-03
   2.5585432e-03
   2.1529150e-03
   1.7333366e-03
   1.2025514e-03
   7.0277327e-04
   3.8924362e-04
   3.8633648e-04
   5.5173996e-04
   7.2860291e-04
   7.6486776e-04
   6.8441868e-04
   7.8161619e-04
   8.7639496e-04
   7.8579217e-04
   6.8962598e-04
   7.6870355e-04
   8.6513677e-04
   9.9148391e-04
   1.1578591e-03
   1.2967147e-03
   1.3856595e-03
   1.4736292e-03
   1.5841678e-03
   1.6287107e-03
   1.7120216e-03
   1.7255581e-03
   1.7561523e-03
   1.7635733e-03
   1.6957979e-03
   1.6263865e-03
   1.6044719e-03
   1.5339531e-03
   1.6005851e-03
   1.5243026e-03
   1.5165579e-03
   1.4800248e-03
   1.4391640e-03
   1.4067964e-03
   1.4103779e-03
   1.3295691e-03
   1.3373623e-03
   1.3012272e-03
   1.2384712e-03
   1.2117879e-03
   1.1169274e-03
   1.1225155e-03
   1.0542171e-03
   9.9596951e-04
   9.1353692e-04
   8.5968291e-04
   8.0762056e-04
   7.6141645e-04
   7.3557410e-04
   6.6449603e-04
   5.3591790e-04
   5.0081142e-04
   4.8259752e-04
   3.3708640e-04
   1.2014254e-04
  -1.4265929e-04
  -5.0850794e-04
  -9.7764297e-04
  -1.4283847e-03
  -1.7374888e-03
  -1.7946541e-03
  -2.0037994e-03
  -1.9097474e-03
  -1.6548956e-03
  -1.4980769e-03
  -1.7031530e-03
  -1.9773345e-03
  -2.3281732e-03
  -2.2904214e-03
  -2.2845299e-03
  -2.3307183e-03
  -2.4945030e-03
  -2.5786875e-03
  -2.3207318e-03
  -2.1696287e-03
  -1.9762730e-03
  -1.8419471e-03
  -1.9919404e-03
  -2.1506581e-03
  -2.4225973e-03
  -2.5407439e-03
  -2.9773821e-03
  -3.4262865e-03
  -3.7645491e-03
  -4.1787517e-03
  -4.3145060e-03
  -4.2729883e-03
  -4.5826537e-03
  -4.3856797e-03
  -4.2632175e-03
  -4.3788027e-03
  -4.2944917e-03
  -4.3260875e-03
  -4.3862802e-03
  -4.4324840e-03
  -4.5817949e-03
  -4.3169253e-03
  -4.2962374e-03
  -4.3995810e-03
  -4.2534284e-03
  -4.2024833e-03
  -4.1476243e-03
  -4.0023983e-03
  -4.1241293e-03
  -3.9853976e-03
  -3.7884249e-03
  -3.7023085e-03
  -3.2763044e-03
  -3.4723658e-03
  -3.4024877e-03
  -3.1146027e-03
  -2.5970727e-03
  -2.5970727e-03
  -2.7795654e-03
  -2.6076267e-03
  -2.9004930e-03
  -2.9253785e-03
  -2.6922882e-03
  -2.9401598e-03
  -3.0188913e-03
  -3.0330852e-03
  -2.4351977e-03
  -2.3096966e-03
  -2.4252347e-03
  -2.4458486e-03
  -2.1249506e-03
  -2.1586582e-03
  -1.9212708e-03
  -1.8511420e-03
  -1.8878657e-03
  -1.8190233e-03
  -1.8072711e-03
  -1.8020629e-03
  -1.6847307e-03
  -2.2249440e-03
  -1.8533653e-03
  -1.6879405e-03
  -1.2765758e-03
  -1.5378891e-03
  -1.3468491e-03
  -1.2513622e-03
  -1.7128041e-03
  -1.5091009e-03
  -1.1136970e-03
  -9.5623053e-04
  -1.5025396e-03
  -1.4146606e-03
  -1.4321300e-03
  -1.4617509e-03
  -1.5669324e-03
  -1.6165021e-03
  -1.6467746e-03
  -1.6598834e-03
  -1.6937648e-03
  -1.7273491e-03
  -1.7478721e-03
  -1.7471136e-03
  -1.7454774e-03
  -1.7438491e-03
  -1.7429761e-03
  -1.7422353e-03
  -1.7406381e-03
  -1.7390420e-03
  -1.7381852e-03
  -1.7541654e-03
  -1.7887886e-03
  -1.8234108e-03
  -1.8420526e-03
  -1.8580810e-03
  -1.8879007e-03
  -1.9177872e-03
  -1.9339066e-03
  -1.9327537e-03
  -1.9302432e-03
  -1.9277239e-03
  -1.9263639e-03
  -1.9350834e-03
  -1.9832796e-03
  -2.0658329e-03
  -2.1075983e-03
  -2.1496671e-03
  -2.2448963e-03
  -2.3598244e-03
  -2.4864892e-03
  -2.6509774e-03
  -2.7661897e-03
  -2.8841874e-03
  -2.9332418e-03
  -2.8511312e-03
  -2.8634005e-03
  -2.9908816e-03
  -3.0359851e-03
  -3.0220535e-03
  -2.9287376e-03
  -2.9609143e-03
  -3.1247185e-03
  -3.3765588e-03
  -3.7216226e-03
  -4.0112685e-03
  -4.3798545e-03
  -4.7691041e-03
  -5.0275888e-03
  -5.3259331e-03
  -5.5218065e-03
  -5.7907960e-03
  -5.9824869e-03
  -5.9211038e-03
  -5.8907823e-03
  -5.8790877e-03
  -5.7833589e-03
  -5.5862300e-03
  -5.3714444e-03
  -5.0850033e-03
  -4.9209380e-03
  -4.8468531e-03
  -4.7826980e-03
  -4.7352774e-03
  -4.6299317e-03
  -4.4527578e-03
  -4.4344864e-03
  -4.4903518e-03
  -4.3350668e-03
  -4.2825971e-03
  -4.2802658e-03
  -4.1491658e-03
  -4.0439810e-03
  -4.0060423e-03
  -3.9491018e-03
  -3.9178401e-03
  -4.0184512e-03
  -4.1428126e-03
  -4.2121630e-03
  -4.3390293e-03
  -4.4345592e-03
  -4.6270413e-03
  -4.8971488e-03
  -5.0362868e-03
  -5.1861535e-03
  -5.3161657e-03
  -5.2457609e-03
  -5.0379578e-03
  -4.9589644e-03
  -4.8290390e-03
  -4.7426686e-03
  -4.7696843e-03
  -4.7217503e-03
  -4.6978991e-03
  -4.8443137e-03
  -4.9832293e-03
  -5.1002307e-03
  -5.2701295e-03
  -5.4434492e-03
  -5.6283823e-03
  -5.7788619e-03
  -5.9497192e-03
  -6.1099131e-03
  -6.1599742e-03
  -6.2489616e-03
  -6.4301672e-03
  -6.5192369e-03
  -6.4421803e-03
  -6.3749122e-03
  -6.4621514e-03
  -6.1167029e-03
  -6.2462009e-03
  -6.1752261e-03
  -4.8969469e-03
  -4.5782950e-03
  -4.5705094e-03
  -2.5669812e-03
  -1.4861508e-03
  -3.1100470e-03
  -3.1877109e-03
  -1.5672123e-03
  -1.4123015e-03
  -2.9371570e-03
  -4.1695725e-03
  -5.2165342e-03
  -5.8958133e-03
  -6.9660702e-03
  -7.2136797e-03
  -7.1835602e-03
  -7.2254682e-03
  -7.1495678e-03
  -7.0926754e-03
  -6.9508905e-03
  -6.9081081e-03
  -7.0199757e-03
  -6.9646976e-03
  -6.9154969e-03
  -7.0029566e-03
  -7.1076386e-03
  -7.0482578e-03
  -6.8084719e-03
  -6.8310059e-03
  -6.8988287e-03
  -6.8789179e-03
  -6.8592499e-03
  -6.7086317e-03
  -6.5022672e-03
  -6.4149511e-03
  -6.2674035e-03
  -6.1522052e-03
  -6.0636427e-03
  -6.0284903e-03
  -5.9666480e-03
  -5.9726195e-03
  -5.9940581e-03
  -6.0110269e-03
  -6.0570831e-03
  -5.9352440e-03
  -5.8974266e-03
  -5.8745940e-03
  -5.8445832e-03
  -5.9036111e-03
  -5.8500934e-03
  -5.7867520e-03
  -5.8722921e-03
  -6.0156876e-03
  -6.1121567e-03
  -6.1236496e-03
  -6.0694924e-03
  -6.0198410e-03
  -5.9918495e-03
  -5.9353276e-03
  -5.9947854e-03
  -6.1023763e-03
  -6.1213934e-03
  -6.1274726e-03
  -6.1997101e-03
  -6.2555555e-03
  -6.1864708e-03
  -6.0721885e-03
  -6.0815009e-03
  -6.1115794e-03
  -6.0696891e-03
  -6.0664464e-03
  -6.1286016e-03
  -6.1751868e-03
  -6.1844380e-03
  -6.2644427e-03
  -6.2434006e-03
  -6.2184533e-03
  -6.3375913e-03
  -6.3717358e-03
  -6.3791087e-03
  -6.4173683e-03
  -6.4798365e-03
  -6.5470679e-03
  -6.5358643e-03
  -6.4238003e-03
  -6.4246115e-03
  -6.5006039e-03
  -6.5974959e-03
  -6.6559563e-03
  -6.6759349e-03
  -6.6130967e-03
  -6.5634984e-03
  -6.6607173e-03
  -6.5988200e-03
  -6.5985646e-03
  -6.7555655e-03
  -6.7994643e-03
  -6.7777431e-03
  -6.7518160e-03
  -6.7630154e-03
  -6.8855693e-03
  -6.9655938e-03
  -6.8714873e-03
  -6.8471015e-03
  -6.9216088e-03
  -6.9973879e-03
  -7.0716093e-03
  -7.0037262e-03
  -7.1363993e-03
  -7.2738287e-03
  -7.2385085e-03
  -7.2879176e-03
  -7.2397040e-03
  -7.2605810e-03
  -7.2640770e-03
  -7.2861473e-03
  -7.6396326e-03
  -7.7677731e-03
  -7.5295534e-03
  -7.6453326e-03
  -7.5083262e-03
  -7.8065163e-03
  -7.7565769e-03
  -7.8572084e-03
  -7.2210053e-03
  -7.8488266e-03
  -9.0724901e-03
  -7.7684666e-03
  -8.4043119e-03
  -7.8084806e-03
  -8.4986024e-03
  -8.0367237e-03
  -7.1239393e-03
  -9.2448168e-03
  -1.1348351e-02
  -1.0786032e-02
  -9.4012314e-03
  -8.0687791e-03
  -6.7990571e-03
  -7.8784242e-03
  -9.0847503e-03
  -7.0404410e-03
  -8.0592665e-03
  -7.6291948e-03
  -1.0715876e-02
  -1.2187026e-02
  -9.1643635e-03
  -8.1914836e-03
  -9.4940087e-03
  -1.7102484e-02
