   3.9867451e-03
   3.0015858e-03
   4.4984884e-03
   3.2240744e-03
   6.1293231e-03
   2.1072825e-03
   3.9038030e-03
   3.1709032e-03
   2.1863501e-03
   5.7952921e-03
   3.3625370e-03
   4.2330953e-03
   4.6684265e-03
   6.3239361e-03
   6.0040304e-03
   9.6796942e-03
   1.0961300e-02
   1.2082968e-02
   1.4086206e-02
   1.4911477e-02
   1.7816979e-02
   1.7541534e-02
   2.0130637e-02
   2.1003485e-02
   2.2834833e-02
   2.3745841e-02
   2.3602605e-02
   2.5407078e-02
   2.5941107e-02
   2.6246046e-02
   2.6888541e-02
   2.7184510e-02
   2.8735930e-02
   2.7659677e-02
   2.8735326e-02
   2.9467604e-02
   2.8752942e-02
   2.9194396e-02
   2.9030872e-02
   2.9156591e-02
   2.9082569e-02
   3.0546055e-02
   3.1462105e-02
   3.2161893e-02
   3.2009170e-02
   3.1795560e-02
   2.8096289e-02
   2.8435676e-02
   2.8923129e-02
   2.8764788e-02
   2.9627131e-02
   3.0050930e-02
   3.0127694e-02
   3.0503627e-02
   3.1131348e-02
   3.0860116e-02
   3.0461960e-02
   3.0654768e-02
   3.0424232e-02
   2.9953552e-02
   3.0501457e-02
   3.0452622e-02
   3.0383238e-02
   3.0787711e-02
   3.0180858e-02
   3.0398841e-02
   3.0351690e-02
   3.0521003e-02
   3.0178247e-02
   3.0109617e-02
   3.0048360e-02
   3.0348467e-02
   3.0095257e-02
   2.9937029e-02
   2.9763148e-02
   2.9767520e-02
   2.9374961e-02
   2.9349299e-02
   2.9111108e-02
   2.8830545e-02
   2.8504523e-02
   2.8244769e-02
   2.7742301e-02
   2.7332865e-02
   2.7082190e-02
   2.7022467e-02
   2.6848095e-02
   2.6648501e-02
   2.6316674e-02
   2.6047181e-02
   2.5808288e-02
   2.5597505e-02
   2.5284621e-02
   2.5014455e-02
   2.4788445e-02
   2.4644110e-02
   2.4258941e-02
   2.3985682e-02
   2.3601290e-02
   2.3413478e-02
   2.3253966e-02
   2.2961935e-02
   2.2874182e-02
   2.2502291e-02
   2.2301623e-02
   2.2133799e-02
   2.1935516e-02
   2.1748837e-02
   2.1573530e-02
   2.1379058e-02
   2.1237168e-02
   2.1029071e-02
   2.0776071e-02
   2.0647230e-02
   2.0471121e-02
   2.0236859e-02
   2.0083863e-02
   1.9896720e-02
   1.9736085e-02
   1.9512327e-02
   1.9308636e-02
   1.9153899e-02
   1.8951022e-02
   1.8731544e-02
   1.8507613e-02
   1.8283547e-02
   1.8068321e-02
   1.8001483e-02
   1.7975006e-02
   1.7978921e-02
   1.7931894e-02
   1.7905496e-02
   1.7708646e-02
   1.7483991e-02
   1.7341470e-02
   1.7253201e-02
   1.7150250e-02
   1.7007625e-02
   1.6875507e-02
   1.6712250e-02
   1.6612535e-02
   1.6464284e-02
   1.6256871e-02
   1.6056600e-02
   1.5899772e-02
   1.5773441e-02
   1.5656362e-02
   1.5538767e-02
   1.5453941e-02
   1.5309210e-02
   1.5216944e-02
   1.5114210e-02
   1.5016649e-02
   1.4858355e-02
   1.4720365e-02
   1.4606758e-02
   1.4481757e-02
   1.4376196e-02
   1.4262440e-02
   1.4156644e-02
   1.3979920e-02
   1.3871123e-02
   1.3763554e-02
   1.3690436e-02
   1.3583197e-02
   1.3487885e-02
   1.3406965e-02
   1.3260528e-02
   1.3144448e-02
   1.3026171e-02
   1.2921938e-02
   1.2814479e-02
   1.2718705e-02
   1.2602127e-02
   1.2472582e-02
   1.2352638e-02
   1.2276364e-02
   1.2162531e-02
   1.2077686e-02
   1.1978747e-02
   1.1864203e-02
   1.1711608e-02
   1.1596811e-02
   1.1443854e-02
   1.1260356e-02
   1.1027525e-02
   1.0770162e-02
   1.0548454e-02
   1.0319727e-02
   1.0077122e-02
   9.8623311e-03
   9.6987963e-03
   9.5350903e-03
   9.4346318e-03
   9.3245038e-03
   9.1981572e-03
   9.0009761e-03
   8.6861807e-03
   8.3001167e-03
   7.9408516e-03
   7.6476859e-03
   7.4464920e-03
   7.2844305e-03
   7.1301185e-03
   7.0007989e-03
   6.8737342e-03
   6.7604571e-03
   6.6694615e-03
   6.5666399e-03
   6.4627973e-03
   6.3719457e-03
   6.2706647e-03
   6.2101954e-03
   6.1001249e-03
   5.9741203e-03
   5.8745662e-03
   5.7652822e-03
   5.6314667e-03
   5.5360146e-03
   5.4411020e-03
   5.4266502e-03
   5.4063235e-03
   5.3450513e-03
   5.2448454e-03
   5.0734663e-03
   4.9049856e-03
   4.7422123e-03
   4.6721017e-03
   4.6351854e-03
   4.6394062e-03
   4.6271131e-03
   4.5722963e-03
   4.5383421e-03
   4.4901496e-03
   4.4533305e-03
   4.4146143e-03
   4.3187487e-03
   4.1550491e-03
   3.9716551e-03
   3.8636380e-03
   3.8224110e-03
   3.8299952e-03
   3.7787762e-03
   3.8024690e-03
   3.7887438e-03
   3.7466362e-03
   3.7268845e-03
   3.7060420e-03
   3.7028971e-03
   3.6963504e-03
   3.6177833e-03
   3.5167925e-03
   3.5057543e-03
   3.5065861e-03
   3.4976896e-03
   3.4627862e-03
   3.4874448e-03
   3.4565646e-03
   3.4605712e-03
   3.4379168e-03
   3.3998764e-03
   3.3523006e-03
   3.2644170e-03
   3.1479278e-03
   2.8759152e-03
   2.4758676e-03
   2.2338141e-03
   2.1969873e-03
   2.1998323e-03
   2.1670315e-03
   2.1313696e-03
   2.1661674e-03
   2.1108864e-03
   2.0190432e-03
   1.9169262e-03
   1.8802418e-03
   1.8728588e-03
   1.8861625e-03
   1.8641449e-03
   1.8346702e-03
   1.8029556e-03
   1.7757222e-03
   1.7226943e-03
   1.6008811e-03
   1.3427697e-03
   9.8829817e-04
   6.6506967e-04
   6.6345466e-04
   7.4442151e-04
   7.3977864e-04
   6.6898062e-04
   5.5321326e-04
   5.1629928e-04
   5.3248430e-04
   5.7710591e-04
   7.2157693e-04
   8.3835785e-04
   9.4714823e-04
   9.7873513e-04
   1.0236578e-03
   1.0730819e-03
   1.1161007e-03
   1.1412387e-03
   1.1671901e-03
   1.1719113e-03
   1.2025433e-03
   1.1619457e-03
   1.1316202e-03
   1.1248017e-03
   1.0660870e-03
   1.0414959e-03
   9.9701117e-04
   8.5596216e-04
   6.5276955e-04
   3.4462946e-04
  -2.9703096e-04
  -7.2459220e-04
  -6.7080005e-04
  -2.8037361e-04
   1.0718806e-04
   4.0262549e-04
   6.0974796e-04
   6.3630370e-04
   6.6658179e-04
   6.8970994e-04
   6.8154063e-04
   6.7963065e-04
   6.2593263e-04
   5.8777099e-04
   5.5421100e-04
   5.5507142e-04
   4.9662555e-04
   4.2919588e-04
   3.6236368e-04
   2.9221255e-04
   2.2230345e-04
   2.2401101e-04
   2.6434193e-04
   2.1414410e-04
   1.7073329e-04
   1.3551220e-04
   9.1983029e-05
   1.2255619e-04
   8.1154072e-05
   7.3138370e-05
   2.9632012e-05
   4.6136350e-05
  -7.0014771e-06
  -8.2725073e-06
  -1.8803346e-04
  -2.6693362e-04
  -4.8084344e-04
  -6.0187016e-04
  -6.9391204e-04
  -7.0919839e-04
  -6.1616784e-04
  -6.2920251e-04
  -5.3338749e-04
  -6.3463813e-04
  -6.1293998e-04
  -5.6023343e-04
  -5.8150635e-04
  -6.1408926e-04
  -6.4595051e-04
  -5.5949573e-04
  -5.2824092e-04
  -4.4615681e-04
  -3.9347543e-04
  -3.9627065e-04
  -4.5765960e-04
  -3.3092794e-04
  -4.0316113e-04
  -3.0167818e-04
  -3.2644786e-04
  -2.9951643e-04
  -3.3967866e-04
  -3.0512211e-04
  -3.0941186e-04
  -3.8089417e-04
  -3.8479811e-04
  -4.0604774e-04
  -3.7688660e-04
  -3.4381464e-04
  -4.0490608e-04
  -4.2722247e-04
  -4.2062320e-04
  -4.4297209e-04
  -4.6615009e-04
  -5.0971022e-04
  -4.1885053e-04
  -4.8957883e-04
  -5.0545545e-04
  -4.3050686e-04
  -5.7762304e-04
  -5.8924663e-04
  -5.1600218e-04
  -5.2475556e-04
  -5.8856979e-04
  -6.2489704e-04
  -6.0608265e-04
  -6.3844622e-04
  -5.8259252e-04
  -6.3363928e-04
  -7.3912201e-04
  -7.3632356e-04
  -7.4593514e-04
  -8.1851336e-04
  -9.2998680e-04
  -9.8977414e-04
  -1.2699307e-03
  -1.2695982e-03
  -1.4742760e-03
  -1.4886771e-03
  -1.4624082e-03
  -1.3665917e-03
  -1.3492357e-03
  -1.3657051e-03
  -1.4200233e-03
  -1.4318543e-03
  -1.4140054e-03
  -1.4918026e-03
  -1.5105579e-03
  -1.6801287e-03
  -1.6125267e-03
  -1.6001215e-03
  -1.7377003e-03
  -1.4447665e-03
  -1.4066345e-03
  -1.3852228e-03
  -1.5248627e-03
  -1.6502572e-03
  -1.5928982e-03
  -1.7486617e-03
  -1.8742481e-03
  -2.0743530e-03
  -2.1200217e-03
  -2.3696636e-03
  -2.0519984e-03
  -2.5467907e-03
  -2.2828547e-03
  -2.2243015e-03
  -2.2144969e-03
  -2.4778478e-03
  -2.1182724e-03
  -2.5435025e-03
  -2.4949351e-03
  -2.2245937e-03
  -2.1378442e-03
  -2.4318070e-03
  -2.2852507e-03
  -2.5598820e-03
  -2.1054001e-03
  -2.6825131e-03
  -2.1877526e-03
  -2.5524171e-03
  -2.4669049e-03
  -2.3004739e-03
  -2.1292404e-03
  -2.2810763e-03
  -2.3598570e-03
  -2.3225041e-03
  -2.2032780e-03
  -2.0856132e-03
  -2.1734740e-03
  -2.1734740e-03
  -1.9967057e-03
  -2.0250886e-03
  -1.9934719e-03
  -1.9907848e-03
  -1.5997555e-03
  -1.8178919e-03
  -2.0108284e-03
  -2.0456075e-03
  -1.9289132e-03
  -1.6832372e-03
  -1.9632694e-03
  -2.0132336e-03
  -1.6694719e-03
  -1.8429113e-03
  -1.7122484e-03
  -1.6736487e-03
  -1.5023592e-03
  -1.7931768e-03
  -1.4053921e-03
  -1.2335369e-03
  -1.9206515e-03
  -2.1703865e-03
  -1.8308852e-03
  -1.6797418e-03
  -1.5183478e-03
  -1.3553849e-03
  -1.1548053e-03
  -1.0527961e-03
  -9.8719560e-04
  -1.1817556e-03
  -1.0916598e-03
  -1.0961995e-03
  -1.2729645e-03
  -1.3274304e-03
  -1.5309968e-03
  -1.5788953e-03
  -1.5535798e-03
  -1.5590274e-03
  -1.5623526e-03
  -1.5733415e-03
  -1.6017447e-03
  -1.6298983e-03
  -1.6471031e-03
  -1.6603256e-03
  -1.6888739e-03
  -1.7172845e-03
  -1.7325256e-03
  -1.7267371e-03
  -1.7142191e-03
  -1.7017318e-03
  -1.6950204e-03
  -1.7065005e-03
  -1.7313722e-03
  -1.7562461e-03
  -1.7696375e-03
  -1.7762960e-03
  -1.7886871e-03
  -1.8011073e-03
  -1.8078036e-03
  -1.7931988e-03
  -1.7614672e-03
  -1.7296214e-03
  -1.7124271e-03
  -1.7090980e-03
  -1.6907053e-03
  -1.7892424e-03
  -1.6539161e-03
  -1.6941161e-03
  -1.7340752e-03
  -1.5809910e-03
  -1.7123717e-03
  -1.7429526e-03
  -1.7077657e-03
  -1.7903819e-03
  -1.8108876e-03
  -1.7252752e-03
  -1.6215240e-03
  -1.7662226e-03
  -1.8689957e-03
  -1.7154137e-03
  -1.5295087e-03
  -1.5314184e-03
  -1.7620782e-03
  -1.7969499e-03
  -1.8566224e-03
  -2.0855892e-03
  -2.1647533e-03
  -2.2964298e-03
  -2.4742938e-03
  -2.8053042e-03
  -2.7421743e-03
  -2.6605474e-03
  -2.8876782e-03
  -2.6636279e-03
  -2.6139529e-03
  -2.6830040e-03
  -2.4373047e-03
  -2.4958295e-03
  -2.5225929e-03
  -2.2801836e-03
  -2.2564653e-03
  -2.2633082e-03
  -2.1885965e-03
  -2.1272168e-03
  -2.1103448e-03
  -2.1009774e-03
  -2.1280832e-03
  -2.1734223e-03
  -2.0748492e-03
  -2.0430145e-03
  -2.0355483e-03
  -1.9382800e-03
  -1.9866083e-03
  -2.0793553e-03
  -2.0224792e-03
  -1.8596351e-03
  -1.8487768e-03
  -1.9387807e-03
  -1.9466992e-03
  -2.0061629e-03
  -2.0163784e-03
  -2.1384604e-03
  -2.2182646e-03
  -2.1065320e-03
  -2.1396938e-03
  -2.2316762e-03
  -2.2849695e-03
  -2.1681732e-03
  -2.1997499e-03
  -2.1451333e-03
  -2.0427920e-03
  -1.9987906e-03
  -2.0478678e-03
  -2.0694059e-03
  -2.1580876e-03
  -2.1850464e-03
  -2.0937297e-03
  -2.1931500e-03
  -2.1966742e-03
  -2.2646716e-03
  -2.4449618e-03
  -2.4421516e-03
  -2.4600417e-03
  -2.5831991e-03
  -2.6917171e-03
  -2.7513362e-03
  -2.6622661e-03
  -2.1913707e-03
  -1.9265676e-03
  -2.7006895e-03
  -2.5279705e-03
  -1.9725898e-03
  -3.1983695e-03
  -3.4167057e-03
  -4.0570450e-03
  -5.0079142e-03
  -3.9354969e-03
  -1.6421760e-03
  -4.0317968e-03
  -1.7521527e-03
  -8.0739596e-04
  -2.1343760e-03
  -3.4148277e-03
  -3.5251087e-03
  -2.3811915e-03
  -1.6428411e-03
  -2.7264604e-03
  -3.0253981e-03
  -3.1243758e-03
  -3.2273539e-03
  -2.6187249e-03
  -2.5595952e-03
  -2.8966053e-03
  -2.7045129e-03
  -2.7650076e-03
  -3.3083472e-03
  -3.2313264e-03
  -2.9441638e-03
  -3.1179565e-03
  -3.5173330e-03
  -2.9611962e-03
  -2.6326824e-03
  -2.9670061e-03
  -2.9438941e-03
  -2.9972582e-03
  -3.0306775e-03
  -3.0112741e-03
  -3.0286228e-03
  -2.8631504e-03
  -2.9047395e-03
  -2.8638162e-03
  -2.7829459e-03
  -2.6180878e-03
  -2.6733125e-03
  -2.7272442e-03
  -2.7625096e-03
  -2.8270315e-03
  -2.7092035e-03
  -2.6855052e-03
  -2.6422694e-03
  -2.5279270e-03
  -2.7202667e-03
  -2.7091001e-03
  -2.5720258e-03
  -2.5482878e-03
  -2.6939198e-03
  -2.8946992e-03
  -2.9767280e-03
  -2.9409106e-03
  -2.7392650e-03
  -2.6946017e-03
  -2.8354766e-03
  -2.7624844e-03
  -2.5948861e-03
  -2.6365217e-03
  -2.6683800e-03
  -2.6988694e-03
  -2.7069627e-03
  -2.7973428e-03
  -2.7869628e-03
  -2.7943559e-03
  -2.7289524e-03
  -2.7172641e-03
  -2.6061908e-03
  -2.6173966e-03
  -2.8103139e-03
  -2.7668679e-03
  -2.8293660e-03
  -2.9603246e-03
  -3.1781217e-03
  -3.2817522e-03
  -3.3675142e-03
  -3.2488179e-03
  -3.1362858e-03
  -3.1941226e-03
  -3.4246845e-03
  -3.3119182e-03
  -3.2900633e-03
  -3.3519298e-03
  -3.3371404e-03
  -3.3326953e-03
  -3.4198503e-03
  -3.4978833e-03
  -3.3732809e-03
  -3.2244216e-03
  -3.2687346e-03
  -3.2377068e-03
  -3.2038509e-03
  -3.3603444e-03
  -3.4049610e-03
  -3.2493032e-03
  -3.2015519e-03
  -3.2513941e-03
  -3.3477924e-03
  -3.5771109e-03
  -3.5548865e-03
  -3.4201174e-03
  -3.1332691e-03
  -3.3615602e-03
  -3.4416507e-03
  -2.9066214e-03
  -3.2939746e-03
  -3.8912980e-03
  -3.8196551e-03
  -3.5265432e-03
  -3.2480030e-03
  -3.1305843e-03
  -3.0063161e-03
  -3.4812021e-03
  -4.3303698e-03
  -3.9241833e-03
  -4.0093729e-03
  -4.2459131e-03
  -3.4954127e-03
  -4.5081164e-03
  -4.3709045e-03
  -5.1175656e-03
  -4.9003973e-03
  -3.4460456e-03
  -3.2974468e-03
  -5.1933673e-03
  -5.3362759e-03
  -5.2597238e-03
  -1.1952691e-02
  -1.2648184e-02
  -4.9065964e-03
  -5.4398716e-03
  -1.0534923e-02
  -1.0061001e-02
  -4.9745204e-03
  -4.9288386e-03
   4.3792380e-04
  -4.7544800e-03
  -5.2798051e-03
  -5.2798051e-03
   4.6730004e-04
  -5.0849539e-03
  -5.0783028e-03
  -4.6513003e-03
  -5.3594183e-03
  -1.2490131e-03
  -6.3487869e-03
  -1.1930899e-02
