   1.2867654e-02
   1.0243375e-02
   1.4401003e-02
   1.3256584e-02
   1.6347012e-02
   1.5219127e-02
   1.5422463e-02
   1.5618741e-02
   1.8845115e-02
   2.4041082e-02
   2.0231613e-02
   2.2066676e-02
   2.6152640e-02
   2.8007965e-02
   3.1916764e-02
   4.8273337e-02
   5.4611781e-02
   6.1372468e-02
   7.1620841e-02
   7.6371164e-02
   9.0036678e-02
   8.8507522e-02
   1.0028125e-01
   1.0476650e-01
   1.1164407e-01
   1.1618153e-01
   1.1491986e-01
   1.2306366e-01
   1.2418984e-01
   1.2525068e-01
   1.2773417e-01
   1.2883480e-01
   1.3537620e-01
   1.3012187e-01
   1.3411506e-01
   1.3718860e-01
   1.3334598e-01
   1.3483566e-01
   1.3380120e-01
   1.3386417e-01
   1.3332517e-01
   1.3901482e-01
   1.4270940e-01
   1.4496215e-01
   1.4382186e-01
   1.4245277e-01
   1.2639053e-01
   1.2750897e-01
   1.2946651e-01
   1.2798834e-01
   1.3123430e-01
   1.3304916e-01
   1.3266972e-01
   1.3399750e-01
   1.3645107e-01
   1.3474749e-01
   1.3267355e-01
   1.3320633e-01
   1.3180165e-01
   1.2916971e-01
   1.3114740e-01
   1.3064987e-01
   1.3042699e-01
   1.3174352e-01
   1.2888874e-01
   1.2936606e-01
   1.2859472e-01
   1.2878318e-01
   1.2705363e-01
   1.2655344e-01
   1.2589456e-01
   1.2696325e-01
   1.2535933e-01
   1.2415267e-01
   1.2299889e-01
   1.2275995e-01
   1.2104844e-01
   1.2057621e-01
   1.1913104e-01
   1.1764095e-01
   1.1568126e-01
   1.1386358e-01
   1.1141500e-01
   1.0969205e-01
   1.0844869e-01
   1.0659407e-01
   1.0200530e-01
   9.9698586e-02
   9.8122098e-02
   9.7213229e-02
   9.7294904e-02
   9.8150990e-02
   9.9545226e-02
   9.8283428e-02
   9.7162451e-02
   9.6329424e-02
   9.4525070e-02
   1.0535445e-01
   9.8134599e-02
   8.9006269e-02
   8.3691120e-02
   7.9106363e-02
   7.4763817e-02
   6.9852584e-02
   6.7494511e-02
   6.7296747e-02
   6.7297820e-02
   6.7113914e-02
   6.6255370e-02
   6.6077688e-02
   6.6566047e-02
   6.6904989e-02
   6.6217543e-02
   6.6490401e-02
   6.6988778e-02
   6.5246893e-02
   6.1358643e-02
   5.7488487e-02
   5.4988306e-02
   5.3695450e-02
   5.2923255e-02
   5.3072885e-02
   5.3353726e-02
   5.3737004e-02
   5.4305830e-02
   5.5178913e-02
   5.5724510e-02
   5.6287312e-02
   5.7861100e-02
   6.2411470e-02
   7.0742191e-02
   7.7706257e-02
   7.0639277e-02
   5.7500487e-02
   4.9060303e-02
   4.5796466e-02
   4.4713347e-02
   4.4036633e-02
   4.3530804e-02
   4.3676845e-02
   4.4435589e-02
   4.5687970e-02
   4.7163216e-02
   4.8364354e-02
   4.8222397e-02
   4.8755987e-02
   4.9524480e-02
   4.9440845e-02
   4.9344022e-02
   4.9187710e-02
   4.9236988e-02
   4.9528746e-02
   4.9140295e-02
   4.7258363e-02
   4.4839709e-02
   4.3163385e-02
   4.1983769e-02
   4.1563115e-02
   4.1211742e-02
   4.0425558e-02
   3.9178006e-02
   3.9200322e-02
   3.9899551e-02
   4.0759112e-02
   4.1397066e-02
   4.2441494e-02
   4.3729856e-02
   4.3001392e-02
   4.2394866e-02
   4.1859343e-02
   4.1433319e-02
   4.1024570e-02
   4.0649922e-02
   4.0219152e-02
   3.9738416e-02
   3.9363650e-02
   3.8980811e-02
   3.8494187e-02
   3.8031594e-02
   3.7244043e-02
   3.6340324e-02
   3.5557750e-02
   3.5474885e-02
   3.5113735e-02
   3.4279493e-02
   3.3166999e-02
   3.2008098e-02
   3.1032841e-02
   3.0200095e-02
   2.9326648e-02
   2.8724047e-02
   2.8434271e-02
   2.8431363e-02
   2.8804781e-02
   2.9246893e-02
   2.9491434e-02
   2.9298294e-02
   2.8350098e-02
   2.6814837e-02
   2.5258875e-02
   2.4424316e-02
   2.4269085e-02
   2.4295694e-02
   2.4357785e-02
   2.4700310e-02
   2.5050879e-02
   2.5478715e-02
   2.5766973e-02
   2.5806003e-02
   2.5705793e-02
   2.5489665e-02
   2.5267544e-02
   2.5071217e-02
   2.4754350e-02
   2.4445600e-02
   2.4152863e-02
   2.3822034e-02
   2.3414518e-02
   2.3018763e-02
   2.2626791e-02
   2.2293310e-02
   2.1907007e-02
   2.1446221e-02
   2.0618987e-02
   1.9554439e-02
   1.8429286e-02
   1.7804215e-02
   1.7669807e-02
   1.7905744e-02
   1.8152272e-02
   1.8355528e-02
   1.8533789e-02
   1.8663519e-02
   1.8654668e-02
   1.8586674e-02
   1.8449238e-02
   1.7970376e-02
   1.6912148e-02
   1.5687254e-02
   1.5214693e-02
   1.5278559e-02
   1.5560060e-02
   1.5635587e-02
   1.5733574e-02
   1.5766397e-02
   1.5901106e-02
   1.6093780e-02
   1.6287043e-02
   1.6369905e-02
   1.6294995e-02
   1.6049626e-02
   1.5745455e-02
   1.5599499e-02
   1.5449955e-02
   1.5296539e-02
   1.5082568e-02
   1.4926989e-02
   1.4732929e-02
   1.4554261e-02
   1.4283237e-02
   1.4115626e-02
   1.3837498e-02
   1.3547056e-02
   1.2838814e-02
   1.0788238e-02
   8.2845226e-03
   6.8464248e-03
   7.2092929e-03
   7.4399084e-03
   7.3931042e-03
   7.6634099e-03
   8.2844670e-03
   8.2786705e-03
   7.6928073e-03
   7.2220088e-03
   7.4824689e-03
   7.8599852e-03
   7.9688512e-03
   8.0914314e-03
   8.2348981e-03
   8.3252458e-03
   8.3209168e-03
   8.1677886e-03
   7.3330243e-03
   5.4915474e-03
   3.0362718e-03
   1.0080909e-03
   1.0908225e-03
   1.9089577e-03
   2.0470247e-03
   1.2306484e-03
   7.6364531e-04
   6.3386509e-04
   7.7232504e-04
   1.2503603e-03
   2.3063196e-03
   3.4585317e-03
   4.1535840e-03
   4.3948800e-03
   4.7647201e-03
   5.3848496e-03
   5.9241715e-03
   6.3510623e-03
   6.6576235e-03
   6.7185849e-03
   6.6958813e-03
   6.7164746e-03
   6.5785831e-03
   6.3665101e-03
   6.2554095e-03
   5.9388249e-03
   5.5573938e-03
   5.0442124e-03
   3.8067903e-03
   1.2559749e-03
  -3.2851289e-03
  -5.5655821e-03
  -4.9136654e-03
  -2.5431384e-03
   1.5635685e-04
   2.2798616e-03
   3.5493310e-03
   4.2214825e-03
   4.6226506e-03
   4.7569392e-03
   4.7857246e-03
   4.7094514e-03
   4.5202552e-03
   4.3922265e-03
   4.2588247e-03
   4.0367209e-03
   3.6539972e-03
   3.1769609e-03
   2.5338969e-03
   1.8704036e-03
   1.5008231e-03
   1.5608717e-03
   1.6944449e-03
   1.6114658e-03
   1.2349337e-03
   8.1763959e-04
   6.8695935e-04
   3.8587701e-04
   1.4384703e-04
   1.5479864e-05
   2.8829813e-04
   4.3321081e-04
   2.1523678e-04
  -2.7240171e-04
  -1.1533240e-03
  -2.2125556e-03
  -3.3082390e-03
  -4.4086139e-03
  -5.1670052e-03
  -5.1387911e-03
  -4.6545426e-03
  -4.2904574e-03
  -4.1416527e-03
  -4.2322755e-03
  -3.9990039e-03
  -3.8362203e-03
  -4.0614231e-03
  -4.1334437e-03
  -3.7973888e-03
  -3.6441162e-03
  -3.1997614e-03
  -2.9237142e-03
  -2.4403442e-03
  -2.1432578e-03
  -1.8031037e-03
  -1.6109411e-03
  -1.5583842e-03
  -1.3628177e-03
  -1.0314978e-03
  -9.7037192e-04
  -1.0133837e-03
  -1.0049099e-03
  -1.2113562e-03
  -1.3064742e-03
  -1.2415208e-03
  -1.2002657e-03
  -1.2203871e-03
  -1.2004619e-03
  -1.1831571e-03
  -1.1729629e-03
  -1.3277881e-03
  -1.2414940e-03
  -1.5009637e-03
  -1.5721634e-03
  -1.6803090e-03
  -1.5832754e-03
  -1.7088180e-03
  -1.8038400e-03
  -1.7871032e-03
  -1.9311588e-03
  -2.0404419e-03
  -2.1917399e-03
  -2.3157937e-03
  -2.5065809e-03
  -2.4484140e-03
  -2.5917871e-03
  -2.6150086e-03
  -2.9387283e-03
  -3.0020810e-03
  -3.1191000e-03
  -3.4743499e-03
  -3.7631451e-03
  -4.4993910e-03
  -5.4919289e-03
  -6.7006508e-03
  -7.5643188e-03
  -8.1060209e-03
  -8.4702818e-03
  -8.6836512e-03
  -8.6182030e-03
  -7.8167447e-03
  -7.6820279e-03
  -8.1128498e-03
  -8.7649532e-03
  -9.2855182e-03
  -9.4433628e-03
  -9.3453274e-03
  -9.3138180e-03
  -9.5680645e-03
  -9.8653496e-03
  -9.2698749e-03
  -9.0214515e-03
  -8.5158377e-03
  -8.8021644e-03
  -8.4409502e-03
  -8.8213233e-03
  -9.5360196e-03
  -9.6489298e-03
  -1.0335995e-02
  -1.1559946e-02
  -1.2511436e-02
  -1.2744650e-02
  -1.3113144e-02
  -1.2261581e-02
  -1.3604543e-02
  -1.2423647e-02
  -1.2556956e-02
  -1.2409317e-02
  -1.3077424e-02
  -1.2996670e-02
  -1.2516013e-02
  -1.2909212e-02
  -1.3342486e-02
  -1.3183019e-02
  -1.2143653e-02
  -1.2899140e-02
  -1.3283653e-02
  -1.2516965e-02
  -1.3215662e-02
  -1.1931850e-02
  -1.2814532e-02
  -1.2829296e-02
  -1.1757384e-02
  -1.2204498e-02
  -1.1941536e-02
  -1.1438008e-02
  -1.1371342e-02
  -1.0413105e-02
  -9.3039481e-03
  -9.3039481e-03
  -9.9830193e-03
  -9.4997846e-03
  -1.0446447e-02
  -1.0526886e-02
  -1.0215771e-02
  -1.0594428e-02
  -1.0629248e-02
  -1.0635525e-02
  -8.9296876e-03
  -1.0292824e-02
  -1.0016346e-02
  -9.9670138e-03
  -8.0404907e-03
  -8.4929932e-03
  -8.2046862e-03
  -8.1195142e-03
  -8.2226626e-03
  -8.2407124e-03
  -8.2655803e-03
  -8.2766006e-03
  -8.4347116e-03
  -8.3193912e-03
  -8.4252998e-03
  -8.4724506e-03
  -7.2901693e-03
  -8.5308778e-03
  -7.8586922e-03
  -7.4473421e-03
  -6.2483876e-03
  -6.7503831e-03
  -5.6667609e-03
  -5.0941261e-03
  -4.9538135e-03
  -4.0120727e-03
  -3.3633455e-03
  -2.9746713e-03
  -2.5485852e-03
  -2.6088511e-03
  -2.6456542e-03
  -2.6832445e-03
  -2.7803931e-03
  -2.8766948e-03
  -2.9355432e-03
  -2.9400021e-03
  -2.9496336e-03
  -2.9592163e-03
  -2.9643588e-03
  -2.9623987e-03
  -2.9581648e-03
  -2.9539380e-03
  -2.9516683e-03
  -2.9764678e-03
  -3.0302014e-03
  -3.0839315e-03
  -3.1128635e-03
  -3.1343211e-03
  -3.1742404e-03
  -3.2142499e-03
  -3.2358293e-03
  -3.2323458e-03
  -3.2247761e-03
  -3.2171769e-03
  -3.2130738e-03
  -3.2478731e-03
  -3.4402066e-03
  -3.6706458e-03
  -3.7152235e-03
  -3.8948370e-03
  -4.2541449e-03
  -4.6777077e-03
  -5.1680039e-03
  -5.7495136e-03
  -6.3626108e-03
  -6.6648373e-03
  -6.5236450e-03
  -6.4647952e-03
  -6.4805311e-03
  -6.7962339e-03
  -6.9907577e-03
  -7.1536243e-03
  -7.5798087e-03
  -8.0055735e-03
  -8.5737370e-03
  -9.5778161e-03
  -1.0348261e-02
  -1.0867836e-02
  -1.1868654e-02
  -1.2560219e-02
  -1.3129984e-02
  -1.3907485e-02
  -1.4300059e-02
  -1.4957870e-02
  -1.5294736e-02
  -1.5274081e-02
  -1.5384931e-02
  -1.5229017e-02
  -1.4950271e-02
  -1.4244206e-02
  -1.3709685e-02
  -1.2998936e-02
  -1.2478796e-02
  -1.2170729e-02
  -1.1985993e-02
  -1.2021262e-02
  -1.1770381e-02
  -1.1199268e-02
  -1.1092703e-02
  -1.1160176e-02
  -1.0856738e-02
  -1.0758987e-02
  -1.0666024e-02
  -1.0241292e-02
  -9.9344496e-03
  -9.6224911e-03
  -9.4405571e-03
  -9.2635592e-03
  -9.1988827e-03
  -9.3993654e-03
  -9.7290164e-03
  -1.0006807e-02
  -1.0281983e-02
  -1.0916404e-02
  -1.1607820e-02
  -1.2206757e-02
  -1.2814073e-02
  -1.3057996e-02
  -1.2892099e-02
  -1.2402971e-02
  -1.1805143e-02
  -1.1322497e-02
  -1.1067746e-02
  -1.1049360e-02
  -1.1140603e-02
  -1.1269200e-02
  -1.1616585e-02
  -1.2045687e-02
  -1.2558731e-02
  -1.3071886e-02
  -1.3533218e-02
  -1.3976009e-02
  -1.4328345e-02
  -1.4819386e-02
  -1.5321006e-02
  -1.5635364e-02
  -1.5850424e-02
  -1.6286229e-02
  -1.6398941e-02
  -1.5729884e-02
  -1.6205053e-02
  -1.5741633e-02
  -1.4102517e-02
  -1.5173647e-02
  -1.4285161e-02
  -1.3110418e-02
  -1.2928987e-02
  -1.1956830e-02
  -9.1511778e-03
  -9.2850507e-03
  -1.0678430e-02
  -8.7987942e-03
  -6.0706692e-03
  -5.5235776e-03
  -6.6828863e-03
  -9.9213110e-03
  -1.1886874e-02
  -1.3587408e-02
  -1.6959895e-02
  -1.8076370e-02
  -1.7674617e-02
  -1.7736706e-02
  -1.7081298e-02
  -1.6619886e-02
  -1.6918241e-02
  -1.7177157e-02
  -1.7301724e-02
  -1.6875200e-02
  -1.6968002e-02
  -1.7188534e-02
  -1.7224106e-02
  -1.6888648e-02
  -1.6697871e-02
  -1.6526709e-02
  -1.6413676e-02
  -1.6420412e-02
  -1.6733933e-02
  -1.6360981e-02
  -1.5538653e-02
  -1.5443350e-02
  -1.4997057e-02
  -1.4252217e-02
  -1.4180017e-02
  -1.4171972e-02
  -1.3920710e-02
  -1.3829490e-02
  -1.3662220e-02
  -1.3733907e-02
  -1.3587787e-02
  -1.3224148e-02
  -1.3193496e-02
  -1.2975942e-02
  -1.2879132e-02
  -1.2923632e-02
  -1.2707972e-02
  -1.2439488e-02
  -1.2636446e-02
  -1.3107691e-02
  -1.3615020e-02
  -1.3756804e-02
  -1.3460290e-02
  -1.3293562e-02
  -1.3224767e-02
  -1.2930653e-02
  -1.2920133e-02
  -1.3158708e-02
  -1.3373651e-02
  -1.3638234e-02
  -1.3850657e-02
  -1.3785168e-02
  -1.3661099e-02
  -1.3575411e-02
  -1.3292426e-02
  -1.3162161e-02
  -1.3060038e-02
  -1.3278959e-02
  -1.3299174e-02
  -1.3106424e-02
  -1.3322990e-02
  -1.3607094e-02
  -1.3524035e-02
  -1.3431557e-02
  -1.3642175e-02
  -1.3732722e-02
  -1.3901359e-02
  -1.3817095e-02
  -1.3925885e-02
  -1.3849257e-02
  -1.3767658e-02
  -1.3693843e-02
  -1.3741115e-02
  -1.3901397e-02
  -1.3875472e-02
  -1.4027910e-02
  -1.4437648e-02
  -1.4456305e-02
  -1.4543618e-02
  -1.4734116e-02
  -1.4572468e-02
  -1.4399737e-02
  -1.4802565e-02
  -1.5103580e-02
  -1.4890359e-02
  -1.4780929e-02
  -1.5135497e-02
  -1.5072848e-02
  -1.5007226e-02
  -1.5468409e-02
  -1.5579216e-02
  -1.5541505e-02
  -1.5204119e-02
  -1.5778434e-02
  -1.6205057e-02
  -1.6281060e-02
  -1.6706342e-02
  -1.6580940e-02
  -1.6391803e-02
  -1.6424411e-02
  -1.7067291e-02
  -1.6956081e-02
  -1.6749512e-02
  -1.7538317e-02
  -1.8279172e-02
  -1.8125734e-02
  -1.7982588e-02
  -1.6677506e-02
  -1.6894004e-02
  -1.8946125e-02
  -1.8854241e-02
  -1.4678840e-02
  -1.7182721e-02
  -2.0974318e-02
  -1.8930043e-02
  -1.9072951e-02
  -1.2296727e-02
  -1.4800816e-02
  -1.8463536e-02
  -1.8643272e-02
  -2.8011142e-02
  -2.9058025e-02
  -1.8869813e-02
  -1.8711196e-02
  -1.8665514e-02
  -1.8790009e-02
  -2.9387171e-02
  -2.9793435e-02
  -1.9016480e-02
  -2.9457791e-02
  -1.8821629e-02
  -2.3701986e-02
  -3.3311099e-02
  -2.4051907e-02
  -2.0005729e-02
  -2.5363249e-02
  -4.2067248e-02
