   1.3199830e-02
   8.8209720e-03
   1.2453621e-02
   1.2308927e-02
   1.4700895e-02
   1.2596195e-02
   1.2160553e-02
   1.5158760e-02
   1.4607147e-02
   1.7545869e-02
   1.5704570e-02
   1.7622995e-02
   1.9511030e-02
   2.1428537e-02
   2.3986869e-02
   3.5116469e-02
   4.0202970e-02
   4.4754957e-02
   5.1631969e-02
   5.5179749e-02
   6.4890770e-02
   6.4230420e-02
   7.2527573e-02
   7.5907714e-02
   8.1015421e-02
   8.4264548e-02
   8.3650177e-02
   8.9711427e-02
   9.0697070e-02
   9.1521367e-02
   9.3493831e-02
   9.4396506e-02
   9.9243117e-02
   9.5527445e-02
   9.8514897e-02
   1.0088401e-01
   9.8186411e-02
   9.9350632e-02
   9.8739181e-02
   9.8853941e-02
   9.8514563e-02
   1.0274327e-01
   1.0545049e-01
   1.0723356e-01
   1.0647539e-01
   1.0559685e-01
   9.3876997e-02
   9.4754057e-02
   9.6198369e-02
   9.5293854e-02
   9.7628304e-02
   9.8913641e-02
   9.8708297e-02
   9.9703501e-02
   1.0148555e-01
   1.0029148e-01
   9.8819411e-02
   9.9228105e-02
   9.8120487e-02
   9.6263357e-02
   9.7723403e-02
   9.7305857e-02
   9.7170441e-02
   9.8138361e-02
   9.6071461e-02
   9.6340235e-02
   9.5793720e-02
   9.5900221e-02
   9.4655404e-02
   9.4173121e-02
   9.3708158e-02
   9.4450185e-02
   9.3274494e-02
   9.2350775e-02
   9.1477411e-02
   9.1282919e-02
   8.9993762e-02
   8.9636051e-02
   8.8592369e-02
   8.7469183e-02
   8.6002848e-02
   8.4709799e-02
   8.2788370e-02
   8.1520002e-02
   8.0382164e-02
   7.7648827e-02
   7.4787240e-02
   7.3354612e-02
   7.2335637e-02
   7.1724800e-02
   7.1759332e-02
   7.2300649e-02
   7.2776718e-02
   7.2337443e-02
   7.1906487e-02
   7.2721602e-02
   7.1881916e-02
   7.1782703e-02
   6.9367611e-02
   6.5754579e-02
   6.2916709e-02
   5.9995733e-02
   5.7293197e-02
   5.4121593e-02
   5.2606154e-02
   5.2466141e-02
   5.2443928e-02
   5.2295728e-02
   5.1749592e-02
   5.1612078e-02
   5.1901823e-02
   5.2072620e-02
   5.1577415e-02
   5.1746609e-02
   5.2012948e-02
   5.0873603e-02
   4.8425323e-02
   4.5945034e-02
   4.4345339e-02
   4.3490759e-02
   4.2938574e-02
   4.3005410e-02
   4.3106133e-02
   4.3271601e-02
   4.3533046e-02
   4.3997615e-02
   4.4211913e-02
   4.4413355e-02
   4.4892770e-02
   4.6527066e-02
   4.7996945e-02
   4.9511085e-02
   4.7775352e-02
   4.3701643e-02
   4.0082384e-02
   3.8030181e-02
   3.7332501e-02
   3.6868342e-02
   3.6517172e-02
   3.6554883e-02
   3.6995480e-02
   3.7513724e-02
   3.7817125e-02
   3.7952800e-02
   3.7663941e-02
   3.7534213e-02
   3.7464788e-02
   3.7199537e-02
   3.6950992e-02
   3.6645438e-02
   3.6430618e-02
   3.6238594e-02
   3.5874479e-02
   3.5086933e-02
   3.4190233e-02
   3.3511886e-02
   3.2946716e-02
   3.2594465e-02
   3.2244031e-02
   3.1795185e-02
   3.1167999e-02
   3.0927459e-02
   3.0856761e-02
   3.0887309e-02
   3.0807526e-02
   3.0869817e-02
   3.1009466e-02
   3.0535393e-02
   3.0133749e-02
   2.9750889e-02
   2.9420015e-02
   2.9113713e-02
   2.8791369e-02
   2.8446216e-02
   2.8060436e-02
   2.7748126e-02
   2.7459196e-02
   2.7113016e-02
   2.6802145e-02
   2.6423299e-02
   2.5978716e-02
   2.5516490e-02
   2.5274518e-02
   2.4885925e-02
   2.4401353e-02
   2.3785988e-02
   2.3118498e-02
   2.2549400e-02
   2.2032025e-02
   2.1484675e-02
   2.1084070e-02
   2.0810560e-02
   2.0631619e-02
   2.0645869e-02
   2.0682820e-02
   2.0643253e-02
   2.0398279e-02
   1.9840475e-02
   1.9016829e-02
   1.8191397e-02
   1.7667180e-02
   1.7432981e-02
   1.7289686e-02
   1.7153722e-02
   1.7142379e-02
   1.7139926e-02
   1.7173302e-02
   1.7148308e-02
   1.7054938e-02
   1.6891205e-02
   1.6689915e-02
   1.6513477e-02
   1.6357145e-02
   1.6128850e-02
   1.5894633e-02
   1.5684683e-02
   1.5446497e-02
   1.5185850e-02
   1.4936984e-02
   1.4701697e-02
   1.4553264e-02
   1.4373636e-02
   1.4141714e-02
   1.3755304e-02
   1.3198896e-02
   1.2643838e-02
   1.2241621e-02
   1.2088418e-02
   1.2085594e-02
   1.2103258e-02
   1.2112752e-02
   1.2081177e-02
   1.2047484e-02
   1.1953309e-02
   1.1861796e-02
   1.1743419e-02
   1.1468449e-02
   1.0989237e-02
   1.0431160e-02
   1.0154744e-02
   1.0114375e-02
   1.0179839e-02
   1.0139959e-02
   1.0159111e-02
   1.0138845e-02
   1.0110544e-02
   1.0123398e-02
   1.0148837e-02
   1.0121952e-02
   1.0034776e-02
   9.8495921e-03
   9.6127433e-03
   9.5033714e-03
   9.3907384e-03
   9.2889159e-03
   9.1710924e-03
   9.0766746e-03
   8.9575467e-03
   8.8516185e-03
   8.7081066e-03
   8.5790080e-03
   8.4252752e-03
   8.2399343e-03
   7.8869604e-03
   6.9538777e-03
   5.7960843e-03
   5.1328335e-03
   5.2453630e-03
   5.3390594e-03
   5.2899642e-03
   5.3500671e-03
   5.5555189e-03
   5.5269342e-03
   5.2702997e-03
   5.0087914e-03
   5.0566325e-03
   5.1403385e-03
   5.1712010e-03
   5.1726479e-03
   5.1720069e-03
   5.1606700e-03
   5.1195224e-03
   4.9953045e-03
   4.6226694e-03
   3.8143181e-03
   2.7388366e-03
   1.7917438e-03
   1.7949212e-03
   2.1305300e-03
   2.1710946e-03
   1.8100297e-03
   1.5346953e-03
   1.4758264e-03
   1.4951656e-03
   1.6991500e-03
   2.0888306e-03
   2.5758524e-03
   2.8672659e-03
   2.9481584e-03
   3.0842204e-03
   3.2913477e-03
   3.4820805e-03
   3.6302771e-03
   3.6777663e-03
   3.6910290e-03
   3.6793760e-03
   3.6107885e-03
   3.5227606e-03
   3.4310994e-03
   3.3360014e-03
   3.1908170e-03
   3.0301489e-03
   2.7519155e-03
   2.1699420e-03
   9.7425535e-04
  -1.1629033e-03
  -2.3630464e-03
  -2.0203243e-03
  -8.6175324e-04
   3.7213671e-04
   1.3306805e-03
   1.8758327e-03
   2.1403725e-03
   2.2761451e-03
   2.3000317e-03
   2.3143996e-03
   2.2639261e-03
   2.1686099e-03
   2.0433440e-03
   1.9688060e-03
   1.8934783e-03
   1.7219104e-03
   1.5240114e-03
   1.2448519e-03
   9.7143809e-04
   8.0277473e-04
   7.7674723e-04
   8.1041644e-04
   7.5568085e-04
   6.1391647e-04
   4.4895551e-04
   3.4870277e-04
   2.3147677e-04
   1.0746138e-04
   8.2860626e-05
   8.0209944e-05
   1.8867039e-04
   3.5403105e-05
  -1.5739836e-04
  -5.6302658e-04
  -9.8260492e-04
  -1.5133902e-03
  -2.0131683e-03
  -2.3266979e-03
  -2.3296051e-03
  -2.1642016e-03
  -1.9873386e-03
  -1.9510738e-03
  -2.0315229e-03
  -1.9343254e-03
  -1.8395466e-03
  -1.9301494e-03
  -2.0263156e-03
  -1.9472380e-03
  -1.8508048e-03
  -1.7244576e-03
  -1.5580825e-03
  -1.4192269e-03
  -1.3302820e-03
  -1.2423123e-03
  -1.1317737e-03
  -1.0872308e-03
  -1.0039200e-03
  -9.9038348e-04
  -9.5978922e-04
  -9.5236830e-04
  -1.0201437e-03
  -1.0895550e-03
  -1.1114697e-03
  -1.1819885e-03
  -1.1153565e-03
  -1.1916389e-03
  -1.1993837e-03
  -1.2359167e-03
  -1.2767776e-03
  -1.3091451e-03
  -1.3055636e-03
  -1.3863724e-03
  -1.3785793e-03
  -1.4147143e-03
  -1.4774703e-03
  -1.5041537e-03
  -1.5990141e-03
  -1.5934261e-03
  -1.6617245e-03
  -1.7199720e-03
  -1.8024046e-03
  -1.8562586e-03
  -1.9083210e-03
  -1.9545251e-03
  -1.9803675e-03
  -2.0514455e-03
  -2.1800236e-03
  -2.2151301e-03
  -2.2333440e-03
  -2.3788552e-03
  -2.5957990e-03
  -2.8586008e-03
  -3.2244495e-03
  -3.6935845e-03
  -4.1443262e-03
  -4.4534303e-03
  -4.5105956e-03
  -4.7197409e-03
  -4.6256890e-03
  -4.3708372e-03
  -4.2140185e-03
  -4.4190946e-03
  -4.6932761e-03
  -5.0441147e-03
  -5.0063630e-03
  -5.0004714e-03
  -5.0466599e-03
  -5.2104445e-03
  -5.2946291e-03
  -5.0366733e-03
  -4.8855703e-03
  -4.6922145e-03
  -4.5578887e-03
  -4.7078819e-03
  -4.8665996e-03
  -5.1385389e-03
  -5.2566854e-03
  -5.6933237e-03
  -6.1422281e-03
  -6.4804906e-03
  -6.8946933e-03
  -7.0304476e-03
  -6.9889299e-03
  -7.2985952e-03
  -7.1016212e-03
  -6.9791591e-03
  -7.0947442e-03
  -7.0104333e-03
  -7.0420290e-03
  -7.1022217e-03
  -7.1484256e-03
  -7.2977365e-03
  -7.0328669e-03
  -7.0121790e-03
  -7.1155225e-03
  -6.9693700e-03
  -6.9184249e-03
  -6.8635659e-03
  -6.7183398e-03
  -6.8400709e-03
  -6.7013392e-03
  -6.5043665e-03
  -6.4182501e-03
  -5.9922459e-03
  -6.1883074e-03
  -6.1184292e-03
  -5.8305442e-03
  -5.3130143e-03
  -5.3130143e-03
  -5.4955070e-03
  -5.3235683e-03
  -5.6164346e-03
  -5.6413201e-03
  -5.4082298e-03
  -5.6561014e-03
  -5.7348329e-03
  -5.7490267e-03
  -5.1511392e-03
  -5.0256382e-03
  -5.1411763e-03
  -5.1617902e-03
  -4.8408922e-03
  -4.8745998e-03
  -4.6372124e-03
  -4.5670835e-03
  -4.6038072e-03
  -4.5349649e-03
  -4.5232126e-03
  -4.5180045e-03
  -4.4006722e-03
  -4.9408855e-03
  -4.5693069e-03
  -4.4038821e-03
  -3.9925174e-03
  -4.2538307e-03
  -4.0627907e-03
  -3.9673038e-03
  -4.4287456e-03
  -4.2250424e-03
  -3.8296385e-03
  -3.6721721e-03
  -4.2184812e-03
  -4.1306022e-03
  -4.1480715e-03
  -4.1776924e-03
  -4.2828739e-03
  -4.3324436e-03
  -4.3627161e-03
  -4.3758249e-03
  -4.4097064e-03
  -4.4432907e-03
  -4.4638136e-03
  -4.4630551e-03
  -4.4614190e-03
  -4.4597907e-03
  -4.4589177e-03
  -4.4581769e-03
  -4.4565797e-03
  -4.4549835e-03
  -4.4541267e-03
  -4.4701070e-03
  -4.5047302e-03
  -4.5393524e-03
  -4.5579942e-03
  -4.5740225e-03
  -4.6038422e-03
  -4.6337288e-03
  -4.6498482e-03
  -4.6486953e-03
  -4.6461847e-03
  -4.6436654e-03
  -4.6423054e-03
  -4.6510250e-03
  -4.6992212e-03
  -4.7817744e-03
  -4.8235399e-03
  -4.8656087e-03
  -4.9608378e-03
  -5.0757659e-03
  -5.2024307e-03
  -5.3669189e-03
  -5.4821313e-03
  -5.6001290e-03
  -5.6491834e-03
  -5.5670727e-03
  -5.5793421e-03
  -5.7068232e-03
  -5.7519266e-03
  -5.7379951e-03
  -5.6446791e-03
  -5.6768558e-03
  -5.8406600e-03
  -6.0925004e-03
  -6.4375641e-03
  -6.7272100e-03
  -7.0957961e-03
  -7.4850457e-03
  -7.7435303e-03
  -8.0418747e-03
  -8.2377480e-03
  -8.5067376e-03
  -8.6984285e-03
  -8.6370453e-03
  -8.6067238e-03
  -8.5950292e-03
  -8.4993004e-03
  -8.3021715e-03
  -8.0873859e-03
  -7.8009449e-03
  -7.6368795e-03
  -7.5627947e-03
  -7.4986395e-03
  -7.4512189e-03
  -7.3458732e-03
  -7.1686993e-03
  -7.1504280e-03
  -7.2062934e-03
  -7.0510084e-03
  -6.9985386e-03
  -6.9962073e-03
  -6.8651074e-03
  -6.7599226e-03
  -6.7219839e-03
  -6.6650434e-03
  -6.6337816e-03
  -6.7343928e-03
  -6.8587541e-03
  -6.9281045e-03
  -7.0549709e-03
  -7.1505007e-03
  -7.3429829e-03
  -7.6130903e-03
  -7.7522284e-03
  -7.9020951e-03
  -8.0321072e-03
  -7.9617025e-03
  -7.7538993e-03
  -7.6749059e-03
  -7.5449805e-03
  -7.4586101e-03
  -7.4856259e-03
  -7.4376918e-03
  -7.4138407e-03
  -7.5602553e-03
  -7.6991708e-03
  -7.8161723e-03
  -7.9860711e-03
  -8.1593908e-03
  -8.3443239e-03
  -8.4948034e-03
  -8.6656607e-03
  -8.8258546e-03
  -8.8759157e-03
  -8.9649031e-03
  -9.1461087e-03
  -9.2351785e-03
  -9.1581218e-03
  -9.0908538e-03
  -9.1780930e-03
  -8.8326444e-03
  -8.9621424e-03
  -8.8911677e-03
  -7.6128885e-03
  -7.2942365e-03
  -7.2864510e-03
  -5.2829228e-03
  -4.2020924e-03
  -5.8259886e-03
  -5.9036525e-03
  -4.2831539e-03
  -4.1282431e-03
  -5.6530985e-03
  -6.8855140e-03
  -7.9324757e-03
  -8.6117549e-03
  -9.6820117e-03
  -9.9296213e-03
  -9.8995018e-03
  -9.9414097e-03
  -9.8655094e-03
  -9.8086170e-03
  -9.6668321e-03
  -9.6240496e-03
  -9.7359172e-03
  -9.6806391e-03
  -9.6314384e-03
  -9.7188981e-03
  -9.8235802e-03
  -9.7641994e-03
  -9.5244134e-03
  -9.5469474e-03
  -9.6147702e-03
  -9.5948595e-03
  -9.5751914e-03
  -9.4245733e-03
  -9.2182088e-03
  -9.1308926e-03
  -8.9833451e-03
  -8.8681468e-03
  -8.7795843e-03
  -8.7444319e-03
  -8.6825896e-03
  -8.6885611e-03
  -8.7099996e-03
  -8.7269685e-03
  -8.7730246e-03
  -8.6511855e-03
  -8.6133682e-03
  -8.5905355e-03
  -8.5605247e-03
  -8.6195527e-03
  -8.5660350e-03
  -8.5026935e-03
  -8.5882337e-03
  -8.7316292e-03
  -8.8280983e-03
  -8.8395912e-03
  -8.7854339e-03
  -8.7357826e-03
  -8.7077910e-03
  -8.6512692e-03
  -8.7107270e-03
  -8.8183179e-03
  -8.8373350e-03
  -8.8434142e-03
  -8.9156517e-03
  -8.9714971e-03
  -8.9024124e-03
  -8.7881300e-03
  -8.7974425e-03
  -8.8275210e-03
  -8.7856307e-03
  -8.7823880e-03
  -8.8445432e-03
  -8.8911283e-03
  -8.9003796e-03
  -8.9803843e-03
  -8.9593422e-03
  -8.9343948e-03
  -9.0535328e-03
  -9.0876774e-03
  -9.0950503e-03
  -9.1333098e-03
  -9.1957781e-03
  -9.2630095e-03
  -9.2518059e-03
  -9.1397419e-03
  -9.1405531e-03
  -9.2165455e-03
  -9.3134374e-03
  -9.3718979e-03
  -9.3918764e-03
  -9.3290383e-03
  -9.2794400e-03
  -9.3766589e-03
  -9.3147615e-03
  -9.3145061e-03
  -9.4715071e-03
  -9.5154059e-03
  -9.4936847e-03
  -9.4677576e-03
  -9.4789570e-03
  -9.6015109e-03
  -9.6815353e-03
  -9.5874288e-03
  -9.5630431e-03
  -9.6375503e-03
  -9.7133295e-03
  -9.7875509e-03
  -9.7196677e-03
  -9.8523408e-03
  -9.9897702e-03
  -9.9544500e-03
  -1.0003859e-02
  -9.9556456e-03
  -9.9765226e-03
  -9.9800186e-03
  -1.0002089e-02
  -1.0355574e-02
  -1.0483715e-02
  -1.0245495e-02
  -1.0361274e-02
  -1.0224268e-02
  -1.0522458e-02
  -1.0472518e-02
  -1.0573150e-02
  -9.9369468e-03
  -1.0564768e-02
  -1.1788432e-02
  -1.0484408e-02
  -1.1120253e-02
  -1.0524422e-02
  -1.1214544e-02
  -1.0752665e-02
  -9.8398809e-03
  -1.1960758e-02
  -1.4064293e-02
  -1.3501973e-02
  -1.2117173e-02
  -1.0784721e-02
  -9.5149987e-03
  -1.0594366e-02
  -1.1800692e-02
  -9.7563826e-03
  -1.0775208e-02
  -1.0345136e-02
  -1.3431817e-02
  -1.4902968e-02
  -1.1880305e-02
  -1.0907425e-02
  -1.2209950e-02
  -1.9818426e-02
