   6.9540000e-03   3.4956600e-01   3.7096800e-01
   7.0933625e-03   4.0684800e-01   4.5346600e-01
   8.3289375e-03   4.1101250e-01   4.3978340e-01
   8.6711625e-03   4.1977500e-01   4.4915925e-01
   9.9640125e-03   4.4836250e-01   4.8647332e-01
   1.0242706e-02   4.7399300e-01   5.1273283e-01
   1.0106175e-02   5.0413600e-01   5.2316000e-01
   1.1712188e-02   4.9582200e-01   5.4686250e-01
   1.2074738e-02   4.8843980e-01   5.4590330e-01
   1.2674144e-02   5.4066130e-01   5.3378848e-01
   1.4973188e-02   5.8627350e-01   6.2227275e-01
   1.5859800e-02   6.1111700e-01   6.5589712e-01
   1.9897144e-02   6.9441600e-01   7.1340397e-01
   2.6862737e-02   8.0721680e-01   8.1858602e-01
   3.8865200e-02   9.8873750e-01   1.0334095e+00
   6.6598800e-02   1.2313890e+00   1.2997998e+00
   1.0495188e-01   1.6635190e+00   1.7507665e+00
   1.6123794e-01   2.3280490e+00   2.4240508e+00
   2.3447941e-01   2.9994230e+00   3.0997970e+00
   3.4938496e-01   4.2405440e+00   4.4079335e+00
   5.0664444e-01   5.4340600e+00   5.6180572e+00
   6.8731312e-01   7.4982160e+00   7.7510785e+00
   8.6842539e-01   8.7017660e+00   8.9031345e+00
   1.0494268e+00   1.0136030e+01   1.0463000e+01
   1.3001734e+00   1.2020100e+01   1.2375570e+01
   1.6083453e+00   1.4493390e+01   1.4908638e+01
   1.8013434e+00   1.6424820e+01   1.6911077e+01
   2.0412876e+00   1.7661750e+01   1.8213260e+01
   2.2828920e+00   1.9722110e+01   2.0315108e+01
   2.6351843e+00   2.2844150e+01   2.3489688e+01
   3.1542852e+00   2.7005550e+01   2.7789565e+01
   3.4622140e+00   2.9595480e+01   3.0578377e+01
   3.7610163e+00   3.1009650e+01   3.1998193e+01
   3.7190022e+00   3.1991140e+01   3.3033045e+01
   3.7969055e+00   3.2087570e+01   3.3131797e+01
   3.8367264e+00   3.1980090e+01   3.3029947e+01
   3.6958889e+00   3.1757410e+01   3.2824525e+01
   3.7368169e+00   3.2042910e+01   3.3129505e+01
   3.8618567e+00   3.3567040e+01   3.4705775e+01
   4.0173227e+00   3.5068290e+01   3.6270315e+01
   4.0371053e+00   3.5571990e+01   3.6874018e+01
   4.0210092e+00   3.4498400e+01   3.5718348e+01
   4.0292195e+00   3.3999980e+01   3.5244360e+01
   4.1733037e+00   3.4958330e+01   3.6222730e+01
   4.2729076e+00   3.6251560e+01   3.7583315e+01
   4.3446546e+00   3.7325830e+01   3.8783075e+01
   4.5111851e+00   4.3317170e+01   4.4977470e+01
   4.6181391e+00   4.4273570e+01   4.6046805e+01
   4.5718874e+00   4.3585820e+01   4.5304448e+01
   4.2464856e+00   4.1014140e+01   4.2679153e+01
   4.2212492e+00   4.0132560e+01   4.1766100e+01
   4.3147211e+00   4.0776230e+01   4.2486663e+01
   4.4944569e+00   4.2873590e+01   4.4628312e+01
   4.6373645e+00   4.4130360e+01   4.6041885e+01
   4.9438140e+00   4.6727920e+01   4.8722630e+01
   5.0482318e+00   4.8520420e+01   5.0642792e+01
   5.1412188e+00   5.0387890e+01   5.2619715e+01
   5.0905057e+00   5.0018940e+01   5.2253782e+01
   4.9267809e+00   4.9203450e+01   5.1400030e+01
   4.6449852e+00   4.7512310e+01   4.9613077e+01
   4.6403846e+00   4.7104190e+01   4.9217575e+01
   4.9240785e+00   5.0416860e+01   5.2743085e+01
   5.2334045e+00   5.3907330e+01   5.6463595e+01
   5.2581428e+00   5.4018830e+01   5.6532477e+01
   4.8104201e+00   5.0622570e+01   5.3048623e+01
   4.2909721e+00   4.5289840e+01   4.7471893e+01
   3.9486888e+00   4.2147810e+01   4.4229717e+01
   4.0869795e+00   4.3912500e+01   4.6034670e+01
   4.3544675e+00   4.7578710e+01   4.9880903e+01
   4.6332979e+00   5.1105270e+01   5.3649093e+01
   4.9398071e+00   5.5042620e+01   5.7805855e+01
   4.7752911e+00   5.3141910e+01   5.5817475e+01
   4.4240131e+00   5.0052170e+01   5.2605180e+01
   4.2802010e+00   4.9137120e+01   5.1632207e+01
   4.5014310e+00   5.2322210e+01   5.4988582e+01
   5.0264301e+00   5.8836760e+01   6.1881565e+01
   5.8602913e+00   6.9834140e+01   7.3472440e+01
   6.4361345e+00   7.7401500e+01   8.1471922e+01
   6.3922444e+00   7.8157350e+01   8.2296675e+01
   6.0869189e+00   7.5781940e+01   7.9758680e+01
   5.8658156e+00   7.4344390e+01   7.8360250e+01
   6.1925065e+00   7.9669470e+01   8.4022505e+01
   6.7920267e+00   8.9440340e+01   9.4282770e+01
   7.3075335e+00   9.8234140e+01   1.0352438e+02
   7.1490145e+00   9.7648000e+01   1.0297262e+02
   6.8382321e+00   9.4310370e+01   9.9455318e+01
   6.5861970e+00   9.2029730e+01   9.7110050e+01
   6.3886943e+00   9.0433430e+01   9.5475163e+01
   6.1862360e+00   8.9088190e+01   9.4056510e+01
   6.0739238e+00   8.8785910e+01   9.3804860e+01
   5.9545584e+00   8.8346350e+01   9.3334765e+01
   5.8478795e+00   8.7933150e+01   9.2895403e+01
   5.6855874e+00   8.6983910e+01   9.1910570e+01
   5.5262761e+00   8.5841650e+01   9.0791013e+01
   5.2941160e+00   8.3435700e+01   8.8255595e+01
   4.9402206e+00   7.8775550e+01   8.3360573e+01
   4.8728828e+00   7.9204050e+01   8.3819078e+01
   5.2064601e+00   8.5818090e+01   9.0863988e+01
   5.6391288e+00   9.4630420e+01   1.0018799e+02
   5.7401835e+00   9.7554230e+01   1.0332150e+02
   5.6712480e+00   9.7543090e+01   1.0329530e+02
   5.6110249e+00   9.8012280e+01   1.0381325e+02
   5.5974395e+00   9.8618800e+01   1.0449730e+02
   5.6424269e+00   1.0129580e+02   1.0736450e+02
   5.6767376e+00   1.0318670e+02   1.0937113e+02
   5.6008834e+00   1.0305920e+02   1.0927360e+02
   5.5696682e+00   1.0395340e+02   1.1022622e+02
   5.6069405e+00   1.0608050e+02   1.1251633e+02
   5.7255596e+00   1.0976070e+02   1.1644250e+02
   5.7554895e+00   1.1185000e+02   1.1868065e+02
   5.6780550e+00   1.1178650e+02   1.1863147e+02
   5.5646716e+00   1.1113230e+02   1.1794765e+02
   5.5101545e+00   1.1171820e+02   1.1862610e+02
   5.4278659e+00   1.1143250e+02   1.1834350e+02
   5.3925031e+00   1.1223750e+02   1.1920312e+02
   5.4927647e+00   1.1595390e+02   1.2315507e+02
   5.6226585e+00   1.1982350e+02   1.2727097e+02
   5.5702974e+00   1.2010300e+02   1.2758823e+02
   5.3859140e+00   1.1737880e+02   1.2473670e+02
   5.1630321e+00   1.1411960e+02   1.2126113e+02
   5.0214980e+00   1.1247670e+02   1.1955740e+02
   4.9227577e+00   1.1150500e+02   1.1851400e+02
   4.8648685e+00   1.1155950e+02   1.1861105e+02
   4.8407769e+00   1.1241300e+02   1.1956525e+02
   4.8142936e+00   1.1328520e+02   1.2051128e+02
   4.7802190e+00   1.1386270e+02   1.2114735e+02
   4.7437115e+00   1.1453200e+02   1.2190888e+02
   4.7223096e+00   1.1519240e+02   1.2262237e+02
   4.6318173e+00   1.1425730e+02   1.2161165e+02
   4.4174060e+00   1.1008670e+02   1.1720790e+02
   4.1919107e+00   1.0573370e+02   1.1259805e+02
   4.2293347e+00   1.0755270e+02   1.1452043e+02
   4.5957327e+00   1.1814550e+02   1.2582138e+02
   4.7821503e+00   1.2445050e+02   1.3253885e+02
   4.6397855e+00   1.2211970e+02   1.3008362e+02
   4.3946066e+00   1.1680860e+02   1.2442323e+02
   4.2245564e+00   1.1341100e+02   1.2082333e+02
   4.1750686e+00   1.1338770e+02   1.2082982e+02
   4.1595116e+00   1.1433210e+02   1.2184408e+02
   4.0905304e+00   1.1377760e+02   1.2126540e+02
   3.9781170e+00   1.1165970e+02   1.1904285e+02
   3.8468210e+00   1.0920990e+02   1.1642900e+02
   3.7564017e+00   1.0790940e+02   1.1504262e+02
   3.7209294e+00   1.0822360e+02   1.1541190e+02
   3.7470535e+00   1.1014920e+02   1.1745003e+02
   3.7386380e+00   1.1112940e+02   1.1852777e+02
   3.7169501e+00   1.1169910e+02   1.1913548e+02
   3.6947751e+00   1.1220290e+02   1.1971282e+02
   3.6607140e+00   1.1233810e+02   1.1984990e+02
   3.5895024e+00   1.1146620e+02   1.1888880e+02
   3.4912221e+00   1.0939490e+02   1.1673943e+02
   3.3485918e+00   1.0600090e+02   1.1312943e+02
   3.2444905e+00   1.0371930e+02   1.1069573e+02
   3.2287938e+00   1.0446430e+02   1.1149715e+02
   3.2779155e+00   1.0724370e+02   1.1446892e+02
   3.2942878e+00   1.0887770e+02   1.1623698e+02
   3.2964285e+00   1.1002060e+02   1.1749335e+02
   3.2478244e+00   1.0940170e+02   1.1683440e+02
   3.1917294e+00   1.0846380e+02   1.1582788e+02
   3.1731456e+00   1.0884970e+02   1.1625865e+02
   3.2013433e+00   1.1108390e+02   1.1865152e+02
   3.1635804e+00   1.1084390e+02   1.1839168e+02
   3.1035904e+00   1.0984680e+02   1.1733738e+02
   3.0674270e+00   1.0943520e+02   1.1689490e+02
   3.0456747e+00   1.0976360e+02   1.1728612e+02
   3.0122790e+00   1.0952120e+02   1.1705165e+02
   2.9482378e+00   1.0813610e+02   1.1556948e+02
   2.8934165e+00   1.0726770e+02   1.1462610e+02
   2.8625556e+00   1.0714830e+02   1.1452930e+02
   2.8429544e+00   1.0759670e+02   1.1501898e+02
   2.8051580e+00   1.0712230e+02   1.1452508e+02
   2.7346198e+00   1.0551110e+02   1.1280797e+02
   2.6893831e+00   1.0485290e+02   1.1213877e+02
   2.7303671e+00   1.0762310e+02   1.1505503e+02
   2.8301925e+00   1.1285200e+02   1.2063993e+02
   2.8889211e+00   1.1624290e+02   1.2430378e+02
   2.8508463e+00   1.1570000e+02   1.2372755e+02
   2.7540460e+00   1.1284370e+02   1.2070390e+02
   2.6440296e+00   1.0931210e+02   1.1691005e+02
   2.5698111e+00   1.0718890e+02   1.1464713e+02
   2.5226503e+00   1.0628580e+02   1.1372265e+02
   2.4950260e+00   1.0631900e+02   1.1373130e+02
   2.4591870e+00   1.0574500e+02   1.1315960e+02
   2.4158799e+00   1.0498170e+02   1.1232635e+02
   2.3721214e+00   1.0410940e+02   1.1141240e+02
   2.3273844e+00   1.0332080e+02   1.1056485e+02
   2.2744216e+00   1.0231460e+02   1.0952195e+02
   2.2434107e+00   1.0215570e+02   1.0932913e+02
   2.2268818e+00   1.0258890e+02   1.0981092e+02
   2.2036699e+00   1.0292810e+02   1.1016570e+02
   2.1727937e+00   1.0263010e+02   1.0985505e+02
   2.1408679e+00   1.0222820e+02   1.0941837e+02
   2.1259336e+00   1.0267060e+02   1.0991653e+02
   2.1270456e+00   1.0373670e+02   1.1106115e+02
   2.1338906e+00   1.0519230e+02   1.1260460e+02
   2.1261684e+00   1.0585550e+02   1.1336145e+02
   2.0914831e+00   1.0542000e+02   1.1286000e+02
   2.0343109e+00   1.0412400e+02   1.1151985e+02
   1.9492657e+00   1.0143630e+02   1.0861883e+02
   1.8826008e+00   9.9564560e+01   1.0661248e+02
   1.8493759e+00   9.9307070e+01   1.0636730e+02
   1.8452963e+00   1.0048180e+02   1.0761275e+02
   1.8356994e+00   1.0112200e+02   1.0829753e+02
   1.8246707e+00   1.0180660e+02   1.0906275e+02
   1.8126246e+00   1.0228710e+02   1.0958060e+02
   1.7913622e+00   1.0231260e+02   1.0963355e+02
   1.7612655e+00   1.0176400e+02   1.0902065e+02
   1.7352037e+00   1.0128870e+02   1.0852978e+02
   1.7164643e+00   1.0111490e+02   1.0835592e+02
   1.7002374e+00   1.0115380e+02   1.0837078e+02
   1.6758306e+00   1.0061750e+02   1.0782857e+02
   1.6470213e+00   9.9601080e+01   1.0675158e+02
   1.6197567e+00   9.8560980e+01   1.0563190e+02
   1.5945280e+00   9.7905790e+01   1.0491423e+02
   1.5796961e+00   9.7891670e+01   1.0489257e+02
   1.5723837e+00   9.8320700e+01   1.0533068e+02
   1.5627907e+00   9.8580810e+01   1.0559347e+02
   1.5541663e+00   9.8977570e+01   1.0602595e+02
   1.5471950e+00   9.9340810e+01   1.0641920e+02
   1.5489445e+00   1.0004480e+02   1.0718290e+02
   1.5458588e+00   9.9919130e+01   1.0704663e+02
   1.5298646e+00   9.9011860e+01   1.0610938e+02
   1.5036046e+00   9.7697540e+01   1.0474080e+02
   1.4762092e+00   9.6592310e+01   1.0360075e+02
   1.4474272e+00   9.5794970e+01   1.0274185e+02
   1.4182574e+00   9.5012630e+01   1.0192825e+02
   1.3885235e+00   9.4692490e+01   1.0155851e+02
   1.3707172e+00   9.4847940e+01   1.0172170e+02
   1.3628747e+00   9.5446990e+01   1.0237020e+02
   1.3596625e+00   9.6294430e+01   1.0328355e+02
   1.3528219e+00   9.6901320e+01   1.0399613e+02
   1.3462551e+00   9.7594420e+01   1.0468873e+02
   1.3341187e+00   9.7769220e+01   1.0482640e+02
   1.3143586e+00   9.7292650e+01   1.0432170e+02
   1.2939451e+00   9.6595270e+01   1.0365348e+02
   1.2811342e+00   9.6262000e+01   1.0328760e+02
   1.2595188e+00   9.5748700e+01   1.0271862e+02
   1.2303842e+00   9.4567820e+01   1.0144840e+02
   1.1994598e+00   9.3393870e+01   1.0019599e+02
   1.1820453e+00   9.2850580e+01   9.9611787e+01
   1.1827414e+00   9.3503380e+01   1.0031777e+02
   1.1946375e+00   9.4730470e+01   1.0162725e+02
   1.1909196e+00   9.4805310e+01   1.0171813e+02
   1.1506162e+00   9.1991620e+01   9.8678800e+01
   1.1125593e+00   8.9321380e+01   9.5825198e+01
   1.1061716e+00   8.9472690e+01   9.6014393e+01
   1.1331206e+00   9.2339540e+01   9.9115488e+01
   1.1469731e+00   9.4044740e+01   1.0096264e+02
   1.1463536e+00   9.4559810e+01   1.0148714e+02
   1.1360077e+00   9.4493240e+01   1.0142343e+02
   1.1173195e+00   9.3999830e+01   1.0092818e+02
   1.0978322e+00   9.3803000e+01   1.0065406e+02
   1.0862846e+00   9.3571770e+01   1.0045648e+02
   1.0764611e+00   9.3342310e+01   1.0023261e+02
   1.0661589e+00   9.2991950e+01   9.9839157e+01
   1.0554896e+00   9.2815410e+01   9.9662823e+01
   1.0494988e+00   9.2846950e+01   9.9686172e+01
   1.0427413e+00   9.2898330e+01   9.9754972e+01
   1.0369219e+00   9.2908430e+01   9.9724843e+01
   1.0281028e+00   9.2885280e+01   9.9685417e+01
   1.0193888e+00   9.2672260e+01   9.9490167e+01
   1.0100060e+00   9.2434030e+01   9.9260788e+01
   9.9293430e-01   9.1631060e+01   9.8424413e+01
   9.5505335e-01   8.9151340e+01   9.5738650e+01
   8.7435498e-01   8.2834920e+01   8.8974520e+01
   8.0273766e-01   7.7447660e+01   8.3187398e+01
   7.8026499e-01   7.6551840e+01   8.2228053e+01
   8.0490585e-01   7.9441800e+01   8.5328530e+01
   8.2444010e-01   8.1923330e+01   8.7979062e+01
   8.3141615e-01   8.3138150e+01   8.9285022e+01
   8.3099190e-01   8.3843060e+01   9.0022363e+01
   8.3490329e-01   8.4732520e+01   9.1005837e+01
   8.3251398e-01   8.5237360e+01   9.1542590e+01
   8.2249405e-01   8.4927040e+01   9.1259620e+01
   8.1649575e-01   8.4962670e+01   9.1280583e+01
   8.1903855e-01   8.5798780e+01   9.2093490e+01
   8.2618163e-01   8.6654660e+01   9.3077950e+01
   8.2626890e-01   8.7117160e+01   9.3562410e+01
   8.1836576e-01   8.6824780e+01   9.3223662e+01
   8.0898200e-01   8.6319670e+01   9.2733973e+01
   7.9651801e-01   8.5746150e+01   9.2112932e+01
   7.8691505e-01   8.5099380e+01   9.1435195e+01
   7.7177513e-01   8.4068620e+01   9.0375983e+01
   7.4973859e-01   8.2551260e+01   8.8698530e+01
   7.0456259e-01   7.8772670e+01   8.4602942e+01
   6.4256033e-01   7.3164000e+01   7.8616200e+01
   5.9220623e-01   6.8586960e+01   7.3665625e+01
   5.8788925e-01   6.8725420e+01   7.3813758e+01
   6.0786271e-01   7.0999570e+01   7.6293140e+01
   6.1121433e-01   7.1890450e+01   7.7230265e+01
   5.9509101e-01   7.0706660e+01   7.5942215e+01
   5.8418851e-01   7.0043040e+01   7.5227688e+01
   5.8034681e-01   7.0109690e+01   7.5337407e+01
   5.7990054e-01   7.0569050e+01   7.5785863e+01
   5.8788772e-01   7.1643020e+01   7.7003422e+01
   6.0561166e-01   7.3781100e+01   7.9271727e+01
   6.2232719e-01   7.5864390e+01   8.1534030e+01
   6.2952431e-01   7.6970640e+01   8.2698818e+01
   6.3055514e-01   7.7215870e+01   8.2978458e+01
   6.2857069e-01   7.7335100e+01   8.3124345e+01
   6.3055955e-01   7.7648560e+01   8.3477040e+01
   6.3504706e-01   7.8135420e+01   8.4011133e+01
   6.3995992e-01   7.8898610e+01   8.4825267e+01
   6.4123844e-01   7.9495920e+01   8.5514755e+01
   6.4033623e-01   7.9741630e+01   8.5725420e+01
   6.3507846e-01   7.9480580e+01   8.5471432e+01
   6.2720391e-01   7.9025920e+01   8.4937285e+01
   6.1771920e-01   7.8235920e+01   8.4132210e+01
   6.0971700e-01   7.7566260e+01   8.3407575e+01
   6.0289610e-01   7.7232190e+01   8.3021425e+01
   5.9768544e-01   7.7072570e+01   8.2884947e+01
   5.8489244e-01   7.6374970e+01   8.2185847e+01
   5.5577366e-01   7.3533960e+01   7.9135113e+01
   4.5944850e-01   6.1919140e+01   6.6669282e+01
   3.3616389e-01   4.6014390e+01   4.9522393e+01
   2.4575266e-01   3.4566850e+01   3.7219833e+01
   2.4327734e-01   3.4929120e+01   3.7607053e+01
   2.8603584e-01   4.1648600e+01   4.4822530e+01
   3.6122348e-01   5.1784130e+01   5.5741632e+01
   4.4024289e-01   6.2178410e+01   6.6912960e+01
   5.0086320e-01   6.9498220e+01   7.4779638e+01
   5.3010132e-01   7.3085720e+01   7.8626380e+01
   5.3987165e-01   7.4408090e+01   8.0075563e+01
   5.4404030e-01   7.4696900e+01   8.0359108e+01
   5.4188837e-01   7.4571970e+01   8.0278298e+01
   5.3788219e-01   7.4188740e+01   7.9832628e+01
   5.3229289e-01   7.3944680e+01   7.9615695e+01
   5.2660125e-01   7.3777070e+01   7.9362387e+01
   5.2444251e-01   7.3766620e+01   7.9352400e+01
   5.1775089e-01   7.3418790e+01   7.9003955e+01
   5.1340625e-01   7.3019990e+01   7.8577787e+01
   5.0720569e-01   7.2567190e+01   7.8088392e+01
   4.9981802e-01   7.2037670e+01   7.7503482e+01
   4.8998056e-01   7.1328160e+01   7.6704360e+01
   4.8105018e-01   7.0507280e+01   7.5825063e+01
   4.6922886e-01   6.9629920e+01   7.4946555e+01
   4.6584821e-01   6.8980000e+01   7.4268812e+01
   4.6141515e-01   6.8552570e+01   7.3820880e+01
   4.5608759e-01   6.8382220e+01   7.3596888e+01
   4.5366395e-01   6.8456180e+01   7.3693267e+01
   4.5163313e-01   6.8544680e+01   7.3759897e+01
   4.4780361e-01   6.8426240e+01   7.3609355e+01
   4.4163291e-01   6.7890680e+01   7.3129118e+01
   4.3686808e-01   6.7422500e+01   7.2543455e+01
   4.3017635e-01   6.6827070e+01   7.2015723e+01
   4.2539890e-01   6.6439390e+01   7.1507680e+01
   4.2149324e-01   6.6163240e+01   7.1247698e+01
   4.1901497e-01   6.6552490e+01   7.1590567e+01
   4.2040350e-01   6.6911010e+01   7.1994695e+01
   4.1049902e-01   6.6151690e+01   7.1230367e+01
   3.9709627e-01   6.4145640e+01   6.9085983e+01
   3.7520162e-01   6.1558760e+01   6.6246538e+01
   3.5062170e-01   5.8416800e+01   6.2897730e+01
   3.3319374e-01   5.6203420e+01   6.0483325e+01
   3.2623313e-01   5.5307850e+01   5.9496727e+01
   3.3118922e-01   5.6170900e+01   6.0449033e+01
   3.3409594e-01   5.6957320e+01   6.1299925e+01
   3.3283474e-01   5.6718750e+01   6.0989440e+01
   3.3020794e-01   5.6802540e+01   6.1104523e+01
   3.3723020e-01   5.7965780e+01   6.2402270e+01
   3.4297920e-01   5.9184560e+01   6.3758355e+01
   3.3807360e-01   5.8977000e+01   6.3469903e+01
   3.3414706e-01   5.8550460e+01   6.3046147e+01
   3.3551335e-01   5.8610480e+01   6.3101985e+01
   3.3668081e-01   5.8962770e+01   6.3510652e+01
   3.3747234e-01   5.9560310e+01   6.4158900e+01
   3.3982130e-01   6.0381980e+01   6.5083917e+01
   3.4438837e-01   6.1523510e+01   6.6262123e+01
   3.4986746e-01   6.2232250e+01   6.7032735e+01
   3.5328541e-01   6.2777830e+01   6.7646810e+01
   3.5396121e-01   6.3097770e+01   6.8044105e+01
   3.4973295e-01   6.3259110e+01   6.8114122e+01
   3.5098594e-01   6.3219110e+01   6.8088715e+01
   3.4864493e-01   6.3036620e+01   6.7886528e+01
   3.4556436e-01   6.2838460e+01   6.7685865e+01
   3.4068366e-01   6.2239940e+01   6.6990680e+01
   3.3490012e-01   6.1030960e+01   6.5795970e+01
   3.2644960e-01   6.0086950e+01   6.4689340e+01
   3.1986034e-01   5.9152490e+01   6.3673127e+01
   3.1227706e-01   5.7944840e+01   6.2410385e+01
   3.1034666e-01   5.7408210e+01   6.1872087e+01
   3.1031928e-01   5.8045210e+01   6.2564153e+01
   3.1779186e-01   5.9768050e+01   6.4335927e+01
   3.1664636e-01   6.0392350e+01   6.4998032e+01
   3.1546385e-01   6.0250400e+01   6.4921937e+01
   3.1469879e-01   6.0037670e+01   6.4609895e+01
   3.1091669e-01   5.9582790e+01   6.4141847e+01
   3.0105076e-01   5.8171020e+01   6.2675625e+01
   2.9166781e-01   5.6762160e+01   6.1099245e+01
   2.8494084e-01   5.6125480e+01   6.0346958e+01
   2.9286320e-01   5.6799020e+01   6.1199378e+01
   2.9226431e-01   5.7710620e+01   6.2180170e+01
   2.9203079e-01   5.8452740e+01   6.2873537e+01
   2.9495812e-01   5.8679410e+01   6.3076927e+01
   2.9493616e-01   5.8775130e+01   6.3222848e+01
   2.9227719e-01   5.8798250e+01   6.3298600e+01
   2.9299912e-01   5.8750930e+01   6.3269325e+01
   2.9221388e-01   5.8408900e+01   6.3030677e+01
   2.8636636e-01   5.8225340e+01   6.2711483e+01
   2.8686687e-01   5.7881300e+01   6.2419505e+01
   2.8362730e-01   5.7842050e+01   6.2310055e+01
   2.8247830e-01   5.7711880e+01   6.2204777e+01
   2.7882260e-01   5.7375740e+01   6.1840530e+01
   2.7932820e-01   5.7038780e+01   6.1392798e+01
   2.7663639e-01   5.6631570e+01   6.1035595e+01
   2.7159619e-01   5.6299430e+01   6.0730072e+01
   2.6735154e-01   5.5571670e+01   5.9846865e+01
   2.6105634e-01   5.4220700e+01   5.8366065e+01
   2.4565730e-01   5.1999860e+01   5.6045642e+01
   2.3218013e-01   4.9347100e+01   5.3125547e+01
   2.1698187e-01   4.6505390e+01   5.0081765e+01
   2.0416332e-01   4.4117810e+01   4.7450085e+01
   1.9416135e-01   4.2606040e+01   4.5926158e+01
   1.8849441e-01   4.2183150e+01   4.5364667e+01
   1.9758987e-01   4.3356210e+01   4.6730470e+01
   1.9867159e-01   4.5034390e+01   4.8469738e+01
   2.0089657e-01   4.5978040e+01   4.9591053e+01
   1.9936835e-01   4.5210980e+01   4.8723737e+01
   1.9067374e-01   4.3388400e+01   4.6686397e+01
   1.8307304e-01   4.2063310e+01   4.5285418e+01
   1.8095375e-01   4.1894590e+01   4.5192977e+01
   1.8351143e-01   4.1808260e+01   4.5101200e+01
   1.8006080e-01   4.1821870e+01   4.5077760e+01
   1.7422571e-01   4.1416720e+01   4.4499350e+01
   1.7418559e-01   4.1442200e+01   4.4585772e+01
   1.7457402e-01   4.1882670e+01   4.5138613e+01
   1.7530627e-01   4.3108110e+01   4.6379723e+01
   1.8626290e-01   4.4302910e+01   4.7686248e+01
   1.8662659e-01   4.4678560e+01   4.8123505e+01
   1.8878614e-01   4.4185330e+01   4.7477060e+01
   1.7962451e-01   4.3178920e+01   4.6567455e+01
   1.7417765e-01   4.2029850e+01   4.5233038e+01
   1.6131071e-01   3.9921000e+01   4.3038243e+01
   1.4643572e-01   3.6549340e+01   3.9265982e+01
   1.2527480e-01   3.1531180e+01   3.3925002e+01
   9.8138581e-02   2.6481560e+01   2.8327713e+01
   8.2748692e-02   2.1608900e+01   2.3269160e+01
   7.1236954e-02   1.8470700e+01   1.9815703e+01
   6.8439324e-02   1.7421230e+01   1.8629925e+01
   6.8874072e-02   1.7729740e+01   1.9162803e+01
   7.5721059e-02   1.9793600e+01   2.1270207e+01
   8.2479337e-02   2.1933350e+01   2.3727160e+01
   8.9546880e-02   2.4081480e+01   2.5875195e+01
   9.1575605e-02   2.4008630e+01   2.5663955e+01
   8.5914440e-02   2.2583070e+01   2.4245160e+01
   8.1259560e-02   2.1489060e+01   2.3143467e+01
   8.0365387e-02   2.1312680e+01   2.2880730e+01
   8.4140199e-02   2.1987390e+01   2.3770265e+01
   8.2342857e-02   2.2550270e+01   2.4302822e+01
   8.3565271e-02   2.3355740e+01   2.5110383e+01
   8.8301461e-02   2.3576920e+01   2.5341838e+01
   9.0844526e-02   2.4423430e+01   2.6059868e+01
   1.0058821e-01   2.4302630e+01   2.6091752e+01
   8.9403988e-02   2.5110400e+01   2.7010155e+01
   9.1245421e-02   2.5712250e+01   2.7616058e+01
   9.8433554e-02   2.6369640e+01   2.8365973e+01
   1.0016493e-01   2.7304800e+01   2.9388465e+01
   1.0520290e-01   2.7913560e+01   3.0102418e+01
   1.1078507e-01   2.9574240e+01   3.1642392e+01
   1.1004366e-01   3.0674290e+01   3.3101757e+01
   1.1152394e-01   3.1971390e+01   3.4311923e+01
   1.1982424e-01   3.3407750e+01   3.5827835e+01
   1.3520231e-01   3.5235710e+01   3.7946177e+01
   1.4251340e-01   3.7288100e+01   4.0048145e+01
   1.4251340e-01   3.7288100e+01   4.0048145e+01
   1.5089739e-01   3.8533440e+01   4.1566873e+01
   1.5083084e-01   3.8764500e+01   4.1670258e+01
   1.3602820e-01   3.8222770e+01   4.1097625e+01
   1.3479465e-01   3.8177630e+01   4.1049907e+01
   1.3794905e-01   3.7308460e+01   4.0035922e+01
   1.3729996e-01   3.6718140e+01   3.9416335e+01
   1.3770562e-01   3.6983600e+01   3.9667205e+01
   1.3777939e-01   3.7031870e+01   3.9712817e+01
   1.3902100e-01   3.7623770e+01   4.0534600e+01
   1.5150412e-01   3.8676670e+01   4.1368695e+01
   1.3602915e-01   3.9159260e+01   4.2235145e+01
   1.3321549e-01   3.9247000e+01   4.2392682e+01
   1.4771290e-01   4.0128660e+01   4.3084617e+01
   1.5105650e-01   4.1207650e+01   4.4117915e+01
   1.5867725e-01   4.1601810e+01   4.4569770e+01
   1.6096345e-01   4.1720050e+01   4.4705328e+01
   1.6320079e-01   4.1895140e+01   4.5147768e+01
   1.6486297e-01   4.2235670e+01   4.5571488e+01
   1.6140958e-01   4.2154590e+01   4.5536310e+01
   1.5987475e-01   4.2118560e+01   4.5520675e+01
   1.5320036e-01   4.2260750e+01   4.5486697e+01
   1.7246679e-01   4.2182490e+01   4.5520310e+01
   1.7321972e-01   4.2273340e+01   4.5455202e+01
   1.7355436e-01   4.2313720e+01   4.5426265e+01
   1.7484339e-01   4.2285260e+01   4.5230362e+01
   1.5876350e-01   4.2115100e+01   4.5177338e+01
   1.6986571e-01   4.1447480e+01   4.4693000e+01
   1.7459228e-01   4.1099930e+01   4.4432065e+01
   1.5623329e-01   4.1053950e+01   4.3928920e+01
   1.4042376e-01   4.0446770e+01   4.3610655e+01
   1.4280938e-01   4.0209080e+01   4.3438203e+01
   1.4362568e-01   4.0079650e+01   4.3340873e+01
   1.3506358e-01   4.0114700e+01   4.3324568e+01
   1.3488056e-01   4.0099530e+01   4.3185860e+01
   1.3278921e-01   4.0435670e+01   4.3524300e+01
   1.3033355e-01   4.0622830e+01   4.3730740e+01
   1.2495250e-01   4.0717280e+01   4.3890740e+01
   1.2473256e-01   4.0887870e+01   4.4084397e+01
   1.2459720e-01   4.0992850e+01   4.4203570e+01
   1.2500813e-01   4.1062630e+01   4.4281717e+01
   1.2607663e-01   4.1244050e+01   4.4484898e+01
   1.2714512e-01   4.1425480e+01   4.4688083e+01
   1.2780263e-01   4.1537130e+01   4.4813122e+01
   1.2744034e-01   4.1585490e+01   4.4862652e+01
   1.2665536e-01   4.1690290e+01   4.4969968e+01
   1.2587038e-01   4.1795080e+01   4.5077282e+01
   1.2544771e-01   4.1851510e+01   4.5135070e+01
   1.2534442e-01   4.1876280e+01   4.5157810e+01
   1.2512070e-01   4.1929950e+01   4.5207075e+01
   1.2489691e-01   4.1983630e+01   4.5256345e+01
   1.2477644e-01   4.2012530e+01   4.5282870e+01
   1.2472695e-01   4.2016980e+01   4.5288745e+01
   1.2461970e-01   4.2026610e+01   4.5301473e+01
   1.2451243e-01   4.2036250e+01   4.5314200e+01
   1.2445469e-01   4.2041440e+01   4.5321055e+01
   1.2415523e-01   4.2019210e+01   4.5296187e+01
   1.2359909e-01   4.1977940e+01   4.5250005e+01
   1.2304289e-01   4.1936660e+01   4.5203820e+01
   1.2274343e-01   4.1914440e+01   4.5178953e+01
   1.2245235e-01   4.1883680e+01   4.5142798e+01
   1.2182167e-01   4.1817040e+01   4.5064458e+01
   1.2119099e-01   4.1750400e+01   4.4986117e+01
   1.2085142e-01   4.1714510e+01   4.4943935e+01
   1.2080953e-01   4.1676100e+01   4.4908992e+01
   1.2057912e-01   4.1464850e+01   4.4716810e+01
   1.1928876e-01   4.1213320e+01   4.4453200e+01
   1.1696880e-01   4.0967870e+01   4.4145463e+01
   1.1342695e-01   4.0636200e+01   4.3821138e+01
   1.1074676e-01   4.0267560e+01   4.3408012e+01
   1.0982016e-01   3.9817030e+01   4.2910308e+01
   1.1090992e-01   3.9279080e+01   4.2340615e+01
   1.0824141e-01   3.8725060e+01   4.1776140e+01
   1.0405325e-01   3.8167090e+01   4.1157193e+01
   1.0020161e-01   3.7684510e+01   4.0597342e+01
   9.8413838e-02   3.7263220e+01   4.0183018e+01
   9.9194688e-02   3.6895320e+01   3.9773710e+01
   9.7716675e-02   3.6418520e+01   3.9222203e+01
   9.3057625e-02   3.5896180e+01   3.8642645e+01
   9.1844900e-02   3.5289750e+01   3.7998075e+01
   9.2822175e-02   3.4481550e+01   3.7126713e+01
   9.3590550e-02   3.3504500e+01   3.6087532e+01
   9.4311788e-02   3.2402120e+01   3.4914578e+01
   9.3155175e-02   3.1136460e+01   3.3522388e+01
   8.6698663e-02   2.9306100e+01   3.1542845e+01
   7.4877225e-02   2.6109180e+01   2.8135652e+01
   5.9005400e-02   2.1826890e+01   2.3531155e+01
   4.6991362e-02   1.7834880e+01   1.9204625e+01
   3.9830175e-02   1.5118580e+01   1.6280890e+01
   3.4108450e-02   1.3900520e+01   1.4987155e+01
   3.2673713e-02   1.3429300e+01   1.4462960e+01
   3.1582250e-02   1.3657110e+01   1.4683037e+01
   3.2599088e-02   1.4337820e+01   1.5431445e+01
   3.1972175e-02   1.4029100e+01   1.5091975e+01
   2.9352375e-02   1.3444350e+01   1.4444233e+01
   2.9442300e-02   1.3899160e+01   1.4940815e+01
   3.4175063e-02   1.5438970e+01   1.6610648e+01
   3.6751687e-02   1.7604500e+01   1.8966025e+01
   3.9522300e-02   1.9855450e+01   2.1399475e+01
   4.4167550e-02   2.1790390e+01   2.3477355e+01
   4.7939900e-02   2.3141880e+01   2.4948918e+01
   5.1178837e-02   2.3965100e+01   2.5826933e+01
   5.1494987e-02   2.4320320e+01   2.6206987e+01
   5.2291350e-02   2.4488040e+01   2.6371873e+01
   5.4319375e-02   2.4749470e+01   2.6648838e+01
   5.6839575e-02   2.5340490e+01   2.7307040e+01
   5.8670562e-02   2.5886530e+01   2.7898302e+01
   5.8814287e-02   2.5861630e+01   2.7866688e+01
   5.7638400e-02   2.5568750e+01   2.7557575e+01
   5.7727512e-02   2.5514550e+01   2.7499745e+01
   5.8741550e-02   2.5661120e+01   2.7648127e+01
   5.8104537e-02   2.5912320e+01   2.7927510e+01
   5.8907512e-02   2.6235080e+01   2.8260300e+01
   6.1112375e-02   2.6481800e+01   2.8516545e+01
   6.2427750e-02   2.6630900e+01   2.8695303e+01
   6.2702500e-02   2.6767720e+01   2.8853600e+01
   5.9787975e-02   2.6824000e+01   2.8927660e+01
   5.7141700e-02   2.6824890e+01   2.8945895e+01
   5.5707750e-02   2.6749710e+01   2.8849360e+01
   5.4926150e-02   2.6524400e+01   2.8630900e+01
   5.4595937e-02   2.6265190e+01   2.8342855e+01
   5.3121487e-02   2.5939130e+01   2.7981500e+01
   4.9497800e-02   2.5444720e+01   2.7465792e+01
   4.5758025e-02   2.4570010e+01   2.6524950e+01
   4.3669763e-02   2.3344920e+01   2.5219338e+01
   4.1803850e-02   2.2202680e+01   2.3983775e+01
   4.0711562e-02   2.1820000e+01   2.3566933e+01
   4.1657625e-02   2.2265670e+01   2.4048085e+01
   4.3446975e-02   2.2698400e+01   2.4517265e+01
   4.3268000e-02   2.2907760e+01   2.4737093e+01
   4.3680163e-02   2.3113670e+01   2.4963997e+01
   4.3635600e-02   2.3265630e+01   2.5132178e+01
   4.3294763e-02   2.3214630e+01   2.5079545e+01
   4.5191750e-02   2.2943440e+01   2.4773782e+01
   4.4267150e-02   2.2510570e+01   2.4276623e+01
   4.0226400e-02   2.1891600e+01   2.3606797e+01
   3.7590000e-02   2.1112660e+01   2.2765385e+01
   3.6827150e-02   2.0248560e+01   2.1832350e+01
   3.5029500e-02   1.9426610e+01   2.0960120e+01
   3.2124600e-02   1.8679540e+01   2.0155515e+01
   3.0127813e-02   1.7918950e+01   1.9323260e+01
   2.8047375e-02   1.6674660e+01   1.7976615e+01
   2.4821125e-02   1.5058530e+01   1.6231620e+01
   2.2541900e-02   1.3973160e+01   1.5053998e+01
   2.1622325e-02   1.3313430e+01   1.4335280e+01
   1.8927350e-02   1.2060250e+01   1.2994460e+01
   1.4981575e-02   9.7420930e+00   1.0502987e+01
   1.1170500e-02   7.0654530e+00   7.6102905e+00
   6.5005875e-03   4.9692630e+00   5.3642445e+00
   4.6381500e-03   3.6801820e+00   3.9861140e+00
   3.7663750e-03   2.8966460e+00   3.1303940e+00
   2.4697625e-03   2.3386900e+00   2.5208953e+00
   2.6197500e-03   1.9041780e+00   2.0551747e+00
   2.7685875e-03   1.5523830e+00   1.6771688e+00
   2.6527500e-03   1.2742210e+00   1.3815480e+00
   3.3568750e-03   1.0748520e+00   1.1601948e+00
   2.7107500e-03   9.2918280e-01   1.0043033e+00
   1.7767750e-03   8.6137810e-01   9.3392732e-01
   2.1956000e-03   8.5164750e-01   9.2645438e-01
   2.1932000e-03   8.8037630e-01   9.5988673e-01
   3.4159375e-03   9.3893040e-01   1.0171747e+00
   3.6574875e-03   9.7913150e-01   1.0531358e+00
   2.6867500e-03   9.9345400e-01   1.0668340e+00
   2.6777500e-03   1.0730860e+00   1.1494145e+00
   2.9342500e-03   1.2517990e+00   1.3264165e+00
   1.9736250e-03   1.4065260e+00   1.5094955e+00
   2.3438250e-03   1.6299600e+00   1.7564222e+00
   3.1260000e-03   1.9694640e+00   2.1152302e+00
   4.4212750e-03   2.2307520e+00   2.4001075e+00
   4.9200500e-03   2.3901330e+00   2.5696078e+00
   3.6158500e-03   2.4970470e+00   2.6994237e+00
   2.7032250e-03   2.6610480e+00   2.8657442e+00
   3.4549875e-03   2.9769940e+00   3.2003745e+00
   4.0832000e-03   3.3823830e+00   3.6410232e+00
   4.8549750e-03   3.9592940e+00   4.2519097e+00
   6.7707500e-03   4.8747930e+00   5.2483163e+00
   8.0325000e-03   5.7424400e+00   6.1960675e+00
   9.4202000e-03   6.0464650e+00   6.5282465e+00
   8.6700000e-03   5.7540410e+00   6.2039720e+00
   6.5069625e-03   5.2730500e+00   5.6828940e+00
   6.1020000e-03   5.3243850e+00   5.7400237e+00
   7.3725250e-03   5.7601010e+00   6.2011613e+00
   8.1544000e-03   6.2236350e+00   6.7103172e+00
   8.2736875e-03   6.7650720e+00   7.3025830e+00
   9.0090125e-03   7.5462130e+00   8.1465270e+00
   1.1285200e-02   8.6467590e+00   9.3305482e+00
   1.2839625e-02   9.7787160e+00   1.0546060e+01
   1.2989700e-02   1.0724210e+01   1.1574810e+01
   1.3886600e-02   1.1347650e+01   1.2246322e+01
   1.5418425e-02   1.1885880e+01   1.2822213e+01
   1.7183812e-02   1.2598190e+01   1.3599277e+01
   1.7802750e-02   1.3269460e+01   1.4321310e+01
   1.8202112e-02   1.3711480e+01   1.4793640e+01
   1.8866300e-02   1.4098740e+01   1.5197038e+01
   1.8823750e-02   1.4465220e+01   1.5575220e+01
   1.8253800e-02   1.4720700e+01   1.5857022e+01
   1.7938150e-02   1.4882670e+01   1.6019282e+01
   1.7073275e-02   1.4981180e+01   1.6123570e+01
   1.7656475e-02   1.5057880e+01   1.6211198e+01
   1.8297450e-02   1.5121230e+01   1.6297117e+01
   1.8242700e-02   1.5169280e+01   1.6374363e+01
   1.8870800e-02   1.5142940e+01   1.6362035e+01
   1.8261075e-02   1.5079960e+01   1.6298488e+01
   1.7852400e-02   1.5010930e+01   1.6229087e+01
   1.7748000e-02   1.4930250e+01   1.6132635e+01
   1.6647187e-02   1.4774230e+01   1.5963615e+01
   1.6160488e-02   1.4445260e+01   1.5610130e+01
   1.5190500e-02   1.3969900e+01   1.5099735e+01
   1.5190500e-02   1.3583580e+01   1.4693222e+01
   1.5616125e-02   1.3458420e+01   1.4540260e+01
   1.5334150e-02   1.3578330e+01   1.4658918e+01
   1.5359375e-02   1.3679950e+01   1.4778480e+01
   1.5384375e-02   1.3683250e+01   1.4776357e+01
   1.5148987e-02   1.3677340e+01   1.4759068e+01
   1.4642950e-02   1.3553160e+01   1.4631517e+01
   1.3933650e-02   1.3269140e+01   1.4330115e+01
   1.4798300e-02   1.2991870e+01   1.4039025e+01
   1.5272150e-02   1.2870010e+01   1.3900485e+01
   1.4040525e-02   1.2889870e+01   1.3913393e+01
   1.3853000e-02   1.3017690e+01   1.4034755e+01
   1.3948200e-02   1.3107340e+01   1.4125293e+01
   1.4076975e-02   1.3159050e+01   1.4187165e+01
   1.5088700e-02   1.3218190e+01   1.4254852e+01
   1.5626562e-02   1.3199150e+01   1.4221843e+01
   1.4585550e-02   1.3068130e+01   1.4082005e+01
   1.2911925e-02   1.2847860e+01   1.3872142e+01
   1.3460675e-02   1.2615740e+01   1.3637380e+01
   1.4208000e-02   1.2478870e+01   1.3487540e+01
   1.3364000e-02   1.2443020e+01   1.3421275e+01
   1.3730975e-02   1.2356020e+01   1.3326670e+01
   1.4165550e-02   1.2291340e+01   1.3263300e+01
   1.3051250e-02   1.2312010e+01   1.3280090e+01
   1.1893300e-02   1.2205960e+01   1.3166902e+01
   1.2918750e-02   1.2002480e+01   1.2940805e+01
   1.3544700e-02   1.1878480e+01   1.2814573e+01
   1.2106050e-02   1.1836340e+01   1.2790510e+01
   1.1248688e-02   1.1731110e+01   1.2683720e+01
   1.1467025e-02   1.1626170e+01   1.2545452e+01
   1.1172838e-02   1.1574110e+01   1.2479263e+01
   9.6705000e-03   1.1487900e+01   1.2392390e+01
   9.6138000e-03   1.1361840e+01   1.2266480e+01
   1.0255438e-02   1.1253780e+01   1.2147545e+01
   9.1847625e-03   1.1152020e+01   1.2023532e+01
   8.9813500e-03   1.1031620e+01   1.1896657e+01
   9.8431375e-03   1.0895930e+01   1.1751297e+01
   1.0036250e-02   1.0693550e+01   1.1527223e+01
   9.4573125e-03   1.0545050e+01   1.1360658e+01
   8.6932125e-03   1.0512790e+01   1.1316588e+01
   8.1862500e-03   1.0400340e+01   1.1221920e+01
   8.1033250e-03   1.0116960e+01   1.0943830e+01
   9.0624000e-03   9.8909410e+00   1.0700238e+01
   8.0409000e-03   9.7600100e+00   1.0536620e+01
   8.2471875e-03   9.5608120e+00   1.0303197e+01
   8.4462500e-03   9.3483760e+00   1.0065886e+01
   7.5874500e-03   9.2016380e+00   9.9099613e+00
   6.8772750e-03   9.0521540e+00   9.7478850e+00
   6.8725750e-03   8.8953920e+00   9.5812515e+00
   7.7684750e-03   8.8346540e+00   9.5149183e+00
   7.9319250e-03   8.7517060e+00   9.4358463e+00
   7.2195375e-03   8.6162540e+00   9.2944463e+00
   6.5736000e-03   8.4377230e+00   9.1076325e+00
   6.3383250e-03   8.1488530e+00   8.8008508e+00
   6.0200000e-03   7.9048030e+00   8.5428690e+00
   6.3189000e-03   7.7062520e+00   8.3303812e+00
   6.8355000e-03   7.3446340e+00   7.9286077e+00
   5.7907250e-03   6.8549780e+00   7.4003638e+00
   5.3620000e-03   6.4125260e+00   6.9235530e+00
   5.4206250e-03   6.0483490e+00   6.5295205e+00
   4.5287125e-03   5.7177380e+00   6.1727707e+00
   3.3164250e-03   5.2329270e+00   5.6576012e+00
   2.8642500e-03   4.6550840e+00   5.0275390e+00
   3.5216500e-03   4.0011710e+00   4.3161673e+00
   3.0611375e-03   3.2742790e+00   3.5316830e+00
   1.6200000e-03   2.6815640e+00   2.8869860e+00
   6.5075000e-04   2.2363150e+00   2.4107180e+00
   9.7312500e-04   1.8238930e+00   1.9734133e+00
   8.0912500e-04   1.4532420e+00   1.5731097e+00
   8.1831250e-04   1.1441070e+00   1.2477760e+00
   1.6598750e-04   9.3406500e-01   1.0161113e+00
   0.0000000e+00   7.7278740e-01   8.3551365e-01
   4.8851250e-04   6.2146250e-01   6.7490827e-01
   8.1193750e-04   4.9826000e-01   5.4933165e-01
  -3.2555000e-04   4.3173720e-01   4.6938870e-01
  -3.2832500e-04   3.8528960e-01   4.1824200e-01
  -4.9541250e-04   3.3520740e-01   3.8091750e-01
  -4.8997500e-04   3.1489920e-01   3.4863840e-01
  -8.1181250e-04   3.0185850e-01   3.2412675e-01
  -1.6296250e-04   2.8689120e-01   3.1162320e-01
   4.9211250e-04   2.7747440e-01   2.9233910e-01
  -1.6492500e-04   2.4791000e-01   2.8137785e-01
  -6.5910000e-04   2.3702880e-01   2.7653360e-01
  -9.9832500e-04   2.5020500e-01   2.7022140e-01
  -3.3577500e-04   2.4968440e-01   2.6369730e-01
  -5.0538750e-04   2.4055070e-01   2.6358215e-01
  -3.3582500e-04   2.3244720e-01   2.5771320e-01
  -5.0066250e-04   2.3332210e-01   2.5442037e-01
  -8.3412500e-04   2.2259250e-01   2.5474475e-01
   0.0000000e+00   2.3344430e-01   2.5952053e-01
  -1.6528750e-04   2.5895480e-01   2.7389450e-01
  -1.6415000e-04   2.4905000e-01   2.7644550e-01
  -3.2607500e-04   2.4986000e-01   2.8234180e-01
   3.2712500e-04   2.5388500e-01   2.7800408e-01
   3.3150000e-04   2.4780000e-01   2.6974063e-01
  -6.6520000e-04   2.4337070e-01   2.6667215e-01
