   1.8815408e-02
   1.5746000e-02
   1.7733664e-02
   1.8265052e-02
   1.9640223e-02
   1.7819270e-02
   1.8651019e-02
   1.9317935e-02
   2.1017387e-02
   2.1248487e-02
   2.2848637e-02
   2.5301981e-02
   2.9435811e-02
   3.3405833e-02
   4.1763863e-02
   6.0556168e-02
   7.0778307e-02
   8.0022499e-02
   9.2152465e-02
   9.7278635e-02
   1.1193578e-01
   1.1007522e-01
   1.2176633e-01
   1.2582447e-01
   1.3231836e-01
   1.3636945e-01
   1.3455343e-01
   1.4213946e-01
   1.4290050e-01
   1.4264836e-01
   1.4450298e-01
   1.4433051e-01
   1.5028774e-01
   1.4368509e-01
   1.4645025e-01
   1.4865428e-01
   1.4394312e-01
   1.4428858e-01
   1.4219957e-01
   1.4164307e-01
   1.4005136e-01
   1.4425020e-01
   1.4659758e-01
   1.4780696e-01
   1.4576014e-01
   1.4364218e-01
   1.2781347e-01
   1.2787544e-01
   1.2871285e-01
   1.2685406e-01
   1.2891762e-01
   1.2957621e-01
   1.2845124e-01
   1.2852630e-01
   1.2949562e-01
   1.2716808e-01
   1.2457524e-01
   1.2414901e-01
   1.2202799e-01
   1.1906794e-01
   1.1989717e-01
   1.1858719e-01
   1.1765196e-01
   1.1813628e-01
   1.1492725e-01
   1.1451374e-01
   1.1310837e-01
   1.1229836e-01
   1.1029516e-01
   1.0901314e-01
   1.0767351e-01
   1.0782412e-01
   1.0585308e-01
   1.0412346e-01
   1.0267269e-01
   1.0180515e-01
   9.9782060e-02
   9.8807661e-02
   9.7162752e-02
   9.5436753e-02
   9.3480952e-02
   9.1512130e-02
   8.8744824e-02
   8.6938194e-02
   8.5678721e-02
   8.4851719e-02
   8.3492633e-02
   8.2232192e-02
   8.0659020e-02
   7.9201294e-02
   7.7910317e-02
   7.6712322e-02
   7.5169089e-02
   7.3811272e-02
   7.2662469e-02
   7.1619131e-02
   7.0038836e-02
   6.8686252e-02
   6.7141531e-02
   6.6135164e-02
   6.5228832e-02
   6.4106249e-02
   6.3439062e-02
   6.2013410e-02
   6.1084607e-02
   6.0210350e-02
   5.9186024e-02
   5.8185137e-02
   5.7284529e-02
   5.6315459e-02
   5.5465533e-02
   5.4555436e-02
   5.3582997e-02
   5.2879199e-02
   5.2172142e-02
   5.1262955e-02
   5.0483335e-02
   4.9490657e-02
   4.8722330e-02
   4.7890504e-02
   4.7105876e-02
   4.6439545e-02
   4.5728549e-02
   4.4964217e-02
   4.4192571e-02
   4.3486851e-02
   4.2726940e-02
   4.2182738e-02
   4.1603142e-02
   4.1217749e-02
   4.0807995e-02
   4.0387326e-02
   3.9447906e-02
   3.8463971e-02
   3.7804561e-02
   3.7341754e-02
   3.6878888e-02
   3.6327591e-02
   3.5764457e-02
   3.5196048e-02
   3.4754845e-02
   3.4204898e-02
   3.3623715e-02
   3.3071356e-02
   3.2571909e-02
   3.2080669e-02
   3.1637456e-02
   3.1149727e-02
   3.0713939e-02
   3.0209964e-02
   2.9818126e-02
   2.9418303e-02
   2.9013051e-02
   2.8520207e-02
   2.8103776e-02
   2.7674008e-02
   2.7280579e-02
   2.6843352e-02
   2.6409659e-02
   2.5975063e-02
   2.5512200e-02
   2.5123895e-02
   2.4727983e-02
   2.4407735e-02
   2.4029268e-02
   2.3688977e-02
   2.3358518e-02
   2.2987687e-02
   2.2648723e-02
   2.2292483e-02
   2.1994792e-02
   2.1683598e-02
   2.1341985e-02
   2.1057866e-02
   2.0723333e-02
   2.0398997e-02
   2.0065429e-02
   1.9714102e-02
   1.9393056e-02
   1.9144855e-02
   1.8824078e-02
   1.8489280e-02
   1.8220937e-02
   1.7953158e-02
   1.7670752e-02
   1.7360849e-02
   1.7009320e-02
   1.6695195e-02
   1.6436816e-02
   1.6099574e-02
   1.5879911e-02
   1.5641889e-02
   1.5409340e-02
   1.5239080e-02
   1.5029636e-02
   1.4847543e-02
   1.4651051e-02
   1.4381523e-02
   1.4081135e-02
   1.3841252e-02
   1.3559351e-02
   1.3352957e-02
   1.3149612e-02
   1.2925933e-02
   1.2745048e-02
   1.2567634e-02
   1.2390614e-02
   1.2206644e-02
   1.2072645e-02
   1.1896431e-02
   1.1713231e-02
   1.1537408e-02
   1.1388028e-02
   1.1209387e-02
   1.1086670e-02
   1.0965125e-02
   1.0852888e-02
   1.0723098e-02
   1.0578725e-02
   1.0444806e-02
   1.0428524e-02
   1.0423956e-02
   1.0306054e-02
   1.0205910e-02
   9.9947189e-03
   9.7776267e-03
   9.4742664e-03
   9.2844587e-03
   9.0301325e-03
   8.8491551e-03
   8.6421882e-03
   8.4464799e-03
   8.2465946e-03
   8.0933402e-03
   7.9597825e-03
   7.8830124e-03
   7.7276622e-03
   7.6247772e-03
   7.4836952e-03
   7.3490322e-03
   7.2505192e-03
   7.1250297e-03
   7.0116666e-03
   6.9491400e-03
   6.8661360e-03
   6.7984851e-03
   6.6607443e-03
   6.6076555e-03
   6.5218168e-03
   6.4060057e-03
   6.2439706e-03
   6.0242058e-03
   5.9030523e-03
   5.7989606e-03
   5.7030789e-03
   5.5899695e-03
   5.5130114e-03
   5.3932120e-03
   5.3070975e-03
   5.2226159e-03
   5.1048725e-03
   5.0211095e-03
   4.9107498e-03
   4.7720222e-03
   4.6423399e-03
   4.4176359e-03
   4.2408194e-03
   4.2068960e-03
   4.1623771e-03
   4.1509427e-03
   4.0826204e-03
   4.0956294e-03
   4.0282731e-03
   3.9050997e-03
   3.8390658e-03
   3.6815696e-03
   3.5874337e-03
   3.4730765e-03
   3.4012515e-03
   3.3388336e-03
   3.2385078e-03
   3.1667812e-03
   3.1116982e-03
   2.9671266e-03
   2.9185798e-03
   2.7269534e-03
   2.6121802e-03
   2.5237763e-03
   2.5278745e-03
   2.4941873e-03
   2.4563411e-03
   2.3428150e-03
   2.2971581e-03
   2.2256783e-03
   2.2318626e-03
   2.2565005e-03
   2.2750957e-03
   2.1923287e-03
   2.2228376e-03
   2.2262877e-03
   2.1073851e-03
   2.0543615e-03
   2.0346531e-03
   1.9728238e-03
   1.9948476e-03
   1.9629549e-03
   1.8808168e-03
   1.8140951e-03
   1.8101777e-03
   1.7437906e-03
   1.6848342e-03
   1.6216578e-03
   1.5926406e-03
   1.5303987e-03
   1.3373216e-03
   1.1087239e-03
   8.3249168e-04
   7.8233710e-04
   7.6600789e-04
   8.6966396e-04
   9.0275212e-04
   9.4010416e-04
   9.3507946e-04
   8.5626644e-04
   8.6725083e-04
   8.6723707e-04
   7.4502406e-04
   6.7675125e-04
   6.4275654e-04
   5.4552684e-04
   5.1954250e-04
   4.8708069e-04
   4.2803267e-04
   3.3275464e-04
   3.1676956e-04
   2.0928280e-04
   2.2610762e-04
   1.8384985e-04
   1.2516258e-04
   6.8271972e-05
   1.0282543e-05
  -3.9011785e-05
  -1.5372245e-04
  -1.2135121e-04
  -1.2677208e-04
  -3.5856033e-05
  -1.2241091e-04
  -1.1674532e-04
  -1.6778369e-04
  -4.0205752e-04
  -4.9226032e-04
  -5.1588515e-04
  -5.8069682e-04
  -5.8292700e-04
  -6.1133812e-04
  -6.5893209e-04
  -6.7027555e-04
  -6.7181512e-04
  -7.9176350e-04
  -7.2849474e-04
  -7.8106597e-04
  -8.4284090e-04
  -8.7479351e-04
  -7.6836930e-04
  -8.1402523e-04
  -9.9194601e-04
  -8.4499344e-04
  -9.8101163e-04
  -9.5035881e-04
  -8.7878804e-04
  -1.1004483e-03
  -1.0890305e-03
  -1.0921736e-03
  -1.0539397e-03
  -1.1625941e-03
  -1.1132421e-03
  -1.1315458e-03
  -1.2342487e-03
  -1.2704168e-03
  -1.2423779e-03
  -1.3488241e-03
  -1.3008377e-03
  -1.2714166e-03
  -1.5081623e-03
  -1.4574788e-03
  -1.4307630e-03
  -1.4298857e-03
  -1.4569164e-03
  -1.4898394e-03
  -1.6016304e-03
  -1.4849477e-03
  -1.4938981e-03
  -1.6980074e-03
  -1.7936716e-03
  -1.8183113e-03
  -1.6246926e-03
  -1.7052805e-03
  -1.4823217e-03
  -1.6403306e-03
  -1.9874876e-03
  -1.8754801e-03
  -1.6883643e-03
  -1.9428370e-03
  -1.8268787e-03
  -1.8528826e-03
  -2.0301374e-03
  -2.0325186e-03
  -2.0498854e-03
  -2.1323925e-03
  -2.0902863e-03
  -2.3025414e-03
  -2.0446915e-03
  -2.3845503e-03
  -2.2074279e-03
  -2.2602512e-03
  -2.3268642e-03
  -2.5405400e-03
  -2.5264868e-03
  -2.5348949e-03
  -2.2656304e-03
  -2.4038827e-03
  -2.6023457e-03
  -2.4222882e-03
  -2.3660784e-03
  -2.4633316e-03
  -2.7533807e-03
  -2.6819975e-03
  -2.4448425e-03
  -2.5053691e-03
  -2.5035305e-03
  -2.3426153e-03
  -2.6690173e-03
  -3.0507422e-03
  -2.6828009e-03
  -2.7795164e-03
  -3.1569594e-03
  -2.8947244e-03
  -2.4127837e-03
  -3.1663088e-03
  -2.5780763e-03
  -3.5164777e-03
  -2.7924272e-03
  -3.0645877e-03
  -2.6043438e-03
  -2.6326613e-03
  -2.5138265e-03
  -3.3729872e-03
  -2.3504126e-03
  -3.2326533e-03
  -3.5314619e-03
  -2.7406813e-03
  -2.9879874e-03
  -2.3333674e-03
  -2.7616415e-03
  -3.2932248e-03
  -2.7040800e-03
  -3.0133523e-03
  -2.9986385e-03
  -2.9721629e-03
  -2.8379539e-03
  -2.9529243e-03
  -3.3460574e-03
  -2.6436513e-03
  -3.0880536e-03
  -3.0880536e-03
  -2.8475120e-03
  -3.1948850e-03
  -2.9018788e-03
  -2.8770936e-03
  -2.6392003e-03
  -3.1703604e-03
  -2.8635055e-03
  -2.8081311e-03
  -2.4066078e-03
  -2.1576493e-03
  -3.8541153e-03
  -4.1551130e-03
  -3.6065571e-03
  -2.7369846e-03
  -3.1947906e-03
  -3.3303259e-03
  -2.3788347e-03
  -2.2198380e-03
  -3.2838209e-03
  -3.7572303e-03
  -3.2957520e-03
  -2.5460682e-03
  -1.6120271e-03
  -1.1960397e-03
  -2.0797134e-03
  -2.9983576e-03
  -1.9116382e-03
  -1.4043649e-03
  -3.2151723e-03
  -2.8419408e-03
  -3.0108694e-03
  -3.0664940e-03
  -2.8557832e-03
  -3.1797355e-03
  -3.0956459e-03
  -3.1919500e-03
  -3.5281836e-03
  -3.5449450e-03
  -3.5551884e-03
  -3.5804785e-03
  -3.6458129e-03
  -3.7105552e-03
  -3.7501058e-03
  -3.7625977e-03
  -3.7895747e-03
  -3.8164202e-03
  -3.8308233e-03
  -3.7815940e-03
  -3.6751012e-03
  -3.5688444e-03
  -3.5117230e-03
  -3.5046941e-03
  -3.4894700e-03
  -3.4742573e-03
  -3.4660677e-03
  -3.4761407e-03
  -3.4948794e-03
  -3.5136561e-03
  -3.5237844e-03
  -3.5424752e-03
  -3.5830755e-03
  -3.6238172e-03
  -3.6458107e-03
  -3.6508711e-03
  -3.6788463e-03
  -3.5320074e-03
  -3.6553143e-03
  -3.7449097e-03
  -3.9563709e-03
  -3.9281644e-03
  -3.8339530e-03
  -3.9057840e-03
  -3.9289873e-03
  -3.9562891e-03
  -3.9680508e-03
  -3.9996258e-03
  -4.0680688e-03
  -4.1598799e-03
  -4.0383835e-03
  -3.9485698e-03
  -3.8242932e-03
  -3.5941839e-03
  -3.6398306e-03
  -3.5960570e-03
  -3.7307644e-03
  -3.9740432e-03
  -3.9147402e-03
  -4.2002551e-03
  -4.7094060e-03
  -4.6592278e-03
  -4.3777846e-03
  -4.0793940e-03
  -4.2884707e-03
  -4.8024304e-03
  -4.6495869e-03
  -4.3814806e-03
  -4.7265080e-03
  -4.8509071e-03
  -4.7836700e-03
  -4.8611987e-03
  -4.8239815e-03
  -4.7547024e-03
  -4.6907233e-03
  -4.5726646e-03
  -4.4209876e-03
  -4.4594303e-03
  -4.4859311e-03
  -4.4642832e-03
  -4.4799437e-03
  -4.4028565e-03
  -4.3925272e-03
  -4.4085541e-03
  -4.4520474e-03
  -4.4309885e-03
  -4.4666762e-03
  -4.5979429e-03
  -4.5809323e-03
  -4.6114809e-03
  -4.6567600e-03
  -4.7127294e-03
  -4.9111922e-03
  -4.9795786e-03
  -5.0243243e-03
  -5.0435558e-03
  -5.0086237e-03
  -5.1042523e-03
  -5.0748652e-03
  -4.8433135e-03
  -5.0009401e-03
  -5.1526351e-03
  -5.0714064e-03
  -5.1002210e-03
  -4.9692225e-03
  -4.9660421e-03
  -5.0643854e-03
  -5.0640836e-03
  -5.0001424e-03
  -5.0122373e-03
  -5.2005891e-03
  -5.1925820e-03
  -5.2397204e-03
  -5.4401901e-03
  -5.2558294e-03
  -5.3289076e-03
  -5.5589651e-03
  -5.3068403e-03
  -5.3242162e-03
  -5.7010997e-03
  -5.1802307e-03
  -5.0264776e-03
  -5.3997270e-03
  -4.4844663e-03
  -3.8771996e-03
  -3.9055624e-03
  -3.3292034e-03
  -3.7772522e-03
  -2.2948042e-03
  -4.5671388e-03
  -5.7668091e-03
  -1.6147093e-03
  -2.9604183e-03
  -5.0815652e-03
  -5.2642235e-03
  -6.4586973e-03
  -5.0119232e-03
  -4.0880753e-03
  -4.6314952e-03
  -5.3388732e-03
  -6.2759751e-03
  -5.8657935e-03
  -5.9830401e-03
  -6.7629246e-03
  -6.2252432e-03
  -5.6535040e-03
  -5.7014232e-03
  -5.7203731e-03
  -5.4695267e-03
  -5.4024048e-03
  -5.9742391e-03
  -5.9849479e-03
  -5.4252679e-03
  -5.3755496e-03
  -5.6376608e-03
  -5.6603232e-03
  -5.8404679e-03
  -5.7896984e-03
  -5.6253762e-03
  -5.7034623e-03
  -5.6882942e-03
  -5.6841749e-03
  -5.6135373e-03
  -5.7303214e-03
  -5.7748770e-03
  -5.6913456e-03
  -5.9068480e-03
  -6.1211238e-03
  -6.0572722e-03
  -5.8738683e-03
  -5.8825572e-03
  -5.9944378e-03
  -5.9274627e-03
  -5.8581606e-03
  -5.9127071e-03
  -5.9807624e-03
  -5.9695650e-03
  -5.7541210e-03
  -5.9035277e-03
  -5.9307293e-03
  -5.8622510e-03
  -5.8158546e-03
  -5.8251311e-03
  -5.9610210e-03
  -5.9013667e-03
  -6.0216373e-03
  -6.1392987e-03
  -5.9039436e-03
  -5.8200847e-03
  -5.8995884e-03
  -5.9896980e-03
  -6.0651365e-03
  -5.9935474e-03
  -5.9241132e-03
  -5.9998546e-03
  -6.0534627e-03
  -6.0799814e-03
  -6.1952370e-03
  -6.1053280e-03
  -5.9693212e-03
  -5.7981755e-03
  -5.8497131e-03
  -6.0194536e-03
  -6.0193159e-03
  -6.0883359e-03
  -5.9012269e-03
  -5.8666158e-03
  -6.0105050e-03
  -6.0161635e-03
  -6.2697302e-03
  -6.3466768e-03
  -6.2464446e-03
  -6.1553641e-03
  -6.1613544e-03
  -6.2327017e-03
  -6.2168221e-03
  -6.0138138e-03
  -5.9945527e-03
  -6.0909451e-03
  -6.1471167e-03
  -5.8826953e-03
  -5.9464295e-03
  -6.1586065e-03
  -6.0416657e-03
  -6.0214094e-03
  -6.1181312e-03
  -6.4613942e-03
  -6.3264672e-03
  -6.1975416e-03
  -6.1750113e-03
  -6.1528718e-03
  -6.1141620e-03
  -6.3398362e-03
  -6.3129803e-03
  -5.8587050e-03
  -5.9585799e-03
  -6.5366744e-03
  -6.6753403e-03
  -6.0821844e-03
  -6.0186830e-03
  -6.1194584e-03
  -6.2661266e-03
  -6.4470245e-03
  -7.0417038e-03
  -7.0647351e-03
  -7.0488858e-03
  -5.0308450e-03
  -5.3516701e-03
  -7.9552152e-03
  -9.5507244e-03
  -7.0125330e-03
  -6.9577475e-03
  -6.7742576e-03
  -6.9441102e-03
  -6.9630975e-03
  -6.4143639e-03
  -6.7236123e-03
  -7.0973858e-03
  -6.9554122e-03
  -2.8461553e-03
  -6.4284412e-03
  -1.5643766e-02
  -1.6877783e-02
  -7.3045942e-03
  -6.8487127e-03
  -6.7067687e-03
  -1.2155602e-02
  -6.3316307e-03
  -1.5590880e-03
  -7.2858821e-03
  -6.6926565e-03
  -1.1099927e-02
  -6.8569766e-03
  -6.9291202e-03
  -1.6826508e-02
