   1.2570712e-02
   1.0068357e-02
   1.2866787e-02
   1.3233379e-02
   1.4582230e-02
   1.4039700e-02
   1.2858732e-02
   1.5716776e-02
   1.6577380e-02
   1.6629315e-02
   1.7889373e-02
   1.8146358e-02
   2.1301813e-02
   2.6057945e-02
   3.1241278e-02
   4.4995518e-02
   5.3666769e-02
   6.0100225e-02
   6.9131612e-02
   7.2825378e-02
   8.3674500e-02
   8.2164588e-02
   9.0899679e-02
   9.3771930e-02
   9.8499120e-02
   1.0130795e-01
   9.9958395e-02
   1.0553718e-01
   1.0581976e-01
   1.0560764e-01
   1.0693874e-01
   1.0670924e-01
   1.1100674e-01
   1.0606126e-01
   1.0807669e-01
   1.0963923e-01
   1.0608521e-01
   1.0628793e-01
   1.0476805e-01
   1.0425888e-01
   1.0301088e-01
   1.0608721e-01
   1.0784949e-01
   1.0873406e-01
   1.0722041e-01
   1.0558179e-01
   9.3847274e-02
   9.3862023e-02
   9.4476853e-02
   9.3074328e-02
   9.4646551e-02
   9.5147746e-02
   9.4289161e-02
   9.4330350e-02
   9.5070644e-02
   9.3298126e-02
   9.1326915e-02
   9.1045353e-02
   8.9477717e-02
   8.7244997e-02
   8.7911811e-02
   8.7003943e-02
   8.6346145e-02
   8.6660032e-02
   8.4345372e-02
   8.4058756e-02
   8.2960554e-02
   8.2451268e-02
   8.0968814e-02
   8.0051355e-02
   7.9148606e-02
   7.9247133e-02
   7.7801617e-02
   7.6598314e-02
   7.5563820e-02
   7.4938752e-02
   7.3478098e-02
   7.2720410e-02
   7.1399879e-02
   7.0037564e-02
   6.8596394e-02
   6.7447380e-02
   6.5779752e-02
   6.4324966e-02
   6.3171854e-02
   6.2502617e-02
   6.1575554e-02
   6.0674834e-02
   5.9531803e-02
   5.8520025e-02
   5.7566488e-02
   5.6719469e-02
   5.5630703e-02
   5.4650935e-02
   5.3770338e-02
   5.3052619e-02
   5.1925827e-02
   5.1095891e-02
   5.0081063e-02
   4.9356738e-02
   4.8701713e-02
   4.7850231e-02
   4.7371421e-02
   4.6363542e-02
   4.5713328e-02
   4.5069807e-02
   4.4344155e-02
   4.3650832e-02
   4.2991742e-02
   4.2318931e-02
   4.1688227e-02
   4.1005530e-02
   4.0282118e-02
   3.9699902e-02
   3.9072982e-02
   3.8435940e-02
   3.8014775e-02
   3.7496535e-02
   3.7020667e-02
   3.6418959e-02
   3.5846287e-02
   3.5381797e-02
   3.4863883e-02
   3.4339960e-02
   3.3804284e-02
   3.3315515e-02
   3.2774641e-02
   3.2374768e-02
   3.1949152e-02
   3.1554603e-02
   3.1097694e-02
   3.0797939e-02
   3.0395133e-02
   2.9950671e-02
   2.9539865e-02
   2.9191682e-02
   2.8838583e-02
   2.8430376e-02
   2.8015876e-02
   2.7611199e-02
   2.7300316e-02
   2.6922632e-02
   2.6534844e-02
   2.6126726e-02
   2.5788047e-02
   2.5430388e-02
   2.5087458e-02
   2.4755927e-02
   2.4435682e-02
   2.4080382e-02
   2.3800794e-02
   2.3495645e-02
   2.3206132e-02
   2.2855381e-02
   2.2533277e-02
   2.2241129e-02
   2.1960138e-02
   2.1702580e-02
   2.1459320e-02
   2.1199372e-02
   2.0887274e-02
   2.0627159e-02
   2.0357131e-02
   2.0147585e-02
   1.9878890e-02
   1.9648212e-02
   1.9423923e-02
   1.9153953e-02
   1.8909179e-02
   1.8633478e-02
   1.8411485e-02
   1.8159622e-02
   1.7904720e-02
   1.7648030e-02
   1.7376370e-02
   1.7161255e-02
   1.6962196e-02
   1.6740599e-02
   1.6538254e-02
   1.6338140e-02
   1.6110193e-02
   1.5862676e-02
   1.5661452e-02
   1.5435296e-02
   1.5221133e-02
   1.4979313e-02
   1.4700021e-02
   1.4450415e-02
   1.4211921e-02
   1.3934977e-02
   1.3711420e-02
   1.3497840e-02
   1.3276085e-02
   1.3087128e-02
   1.2883754e-02
   1.2694262e-02
   1.2466402e-02
   1.2181712e-02
   1.1883382e-02
   1.1595564e-02
   1.1327477e-02
   1.1086864e-02
   1.0889724e-02
   1.0673324e-02
   1.0484683e-02
   1.0285659e-02
   1.0098599e-02
   9.9336319e-03
   9.7877593e-03
   9.6327770e-03
   9.4890497e-03
   9.3774012e-03
   9.2822542e-03
   9.1448449e-03
   9.0058085e-03
   8.8711965e-03
   8.7413286e-03
   8.6004957e-03
   8.4813048e-03
   8.3951442e-03
   8.3845252e-03
   8.3654162e-03
   8.3078290e-03
   8.2067460e-03
   8.0452775e-03
   7.8746523e-03
   7.6293200e-03
   7.4319058e-03
   7.2706648e-03
   7.1223671e-03
   6.9737459e-03
   6.8188850e-03
   6.6803192e-03
   6.5532227e-03
   6.4470342e-03
   6.3662315e-03
   6.2223034e-03
   6.0882317e-03
   5.9320513e-03
   5.8272685e-03
   5.7513963e-03
   5.7156774e-03
   5.6699164e-03
   5.6195219e-03
   5.5709969e-03
   5.4850628e-03
   5.3995800e-03
   5.3296928e-03
   5.2613981e-03
   5.1674336e-03
   5.0414525e-03
   4.8702598e-03
   4.7830028e-03
   4.7119292e-03
   4.6489242e-03
   4.5624073e-03
   4.4985217e-03
   4.4252156e-03
   4.3649238e-03
   4.2787532e-03
   4.2155676e-03
   4.1480138e-03
   4.0642926e-03
   3.9487553e-03
   3.8028002e-03
   3.6254400e-03
   3.4651575e-03
   3.4085949e-03
   3.3443437e-03
   3.2855959e-03
   3.2019011e-03
   3.1490025e-03
   3.0683700e-03
   2.9936070e-03
   2.9234727e-03
   2.8606380e-03
   2.8520839e-03
   2.8054235e-03
   2.7494478e-03
   2.7016536e-03
   2.6244984e-03
   2.5858805e-03
   2.5258463e-03
   2.4324446e-03
   2.3024396e-03
   2.1537915e-03
   2.0140616e-03
   1.9393463e-03
   1.9483033e-03
   1.8917852e-03
   1.8110413e-03
   1.7402519e-03
   1.6842246e-03
   1.6253693e-03
   1.6184418e-03
   1.6189198e-03
   1.6156008e-03
   1.5915084e-03
   1.5806911e-03
   1.5461283e-03
   1.5403446e-03
   1.5473141e-03
   1.5317400e-03
   1.4927129e-03
   1.4560150e-03
   1.4205590e-03
   1.3679844e-03
   1.3323921e-03
   1.2995708e-03
   1.2473979e-03
   1.2017356e-03
   1.1151151e-03
   1.0225134e-03
   8.9712673e-04
   7.8829415e-04
   6.0879505e-04
   4.7405131e-04
   3.8135296e-04
   4.8263051e-04
   5.7844873e-04
   6.9523083e-04
   7.3729781e-04
   7.4140212e-04
   7.6529079e-04
   7.5356202e-04
   7.3593215e-04
   6.9118859e-04
   6.2946049e-04
   6.0328675e-04
   5.5176596e-04
   5.3248565e-04
   4.9369177e-04
   4.4497946e-04
   3.7814185e-04
   3.3500649e-04
   2.6238403e-04
   2.7762994e-04
   2.5769394e-04
   1.9751609e-04
   1.5933999e-04
   1.2144338e-04
   7.8059582e-05
   4.9858643e-05
   1.9068237e-05
  -1.0317424e-05
  -5.0284598e-05
  -7.6929777e-05
  -1.5305681e-04
  -1.6344955e-04
  -2.3068700e-04
  -2.4300305e-04
  -3.3709445e-04
  -4.1996145e-04
  -4.9196993e-04
  -5.2235909e-04
  -5.2186108e-04
  -5.4956990e-04
  -5.5340126e-04
  -6.0160516e-04
  -5.9225174e-04
  -6.0848435e-04
  -6.7395576e-04
  -6.9351151e-04
  -6.7827202e-04
  -6.8838169e-04
  -7.2871680e-04
  -7.5980444e-04
  -7.9345384e-04
  -7.7012211e-04
  -7.6214926e-04
  -7.7316935e-04
  -8.5943935e-04
  -8.3591338e-04
  -8.5607208e-04
  -8.8403159e-04
  -9.1322481e-04
  -8.8875059e-04
  -9.4928557e-04
  -9.7420805e-04
  -9.8670229e-04
  -9.6644015e-04
  -1.0212699e-03
  -1.0580741e-03
  -1.1279004e-03
  -1.1257927e-03
  -1.1300053e-03
  -1.1492855e-03
  -1.1827286e-03
  -1.2241869e-03
  -1.2898750e-03
  -1.2002453e-03
  -1.2856431e-03
  -1.3620710e-03
  -1.3385717e-03
  -1.3412821e-03
  -1.3789215e-03
  -1.3611389e-03
  -1.3306241e-03
  -1.4241003e-03
  -1.3791606e-03
  -1.4363795e-03
  -1.4402029e-03
  -1.4729576e-03
  -1.4488538e-03
  -1.4498933e-03
  -1.4994161e-03
  -1.5245902e-03
  -1.5245950e-03
  -1.5986768e-03
  -1.6256084e-03
  -1.6596291e-03
  -1.7052467e-03
  -1.7527551e-03
  -1.8541140e-03
  -1.7532936e-03
  -1.9004206e-03
  -1.9218712e-03
  -1.8912537e-03
  -1.9182846e-03
  -1.9529896e-03
  -1.9672032e-03
  -1.9019762e-03
  -1.9868470e-03
  -2.1053954e-03
  -2.0974728e-03
  -2.1150669e-03
  -2.2239746e-03
  -2.0923078e-03
  -2.1117788e-03
  -2.0434800e-03
  -2.1168369e-03
  -2.1494373e-03
  -2.2305371e-03
  -2.2924804e-03
  -2.3107814e-03
  -2.6108574e-03
  -2.4368340e-03
  -2.4442765e-03
  -2.4055245e-03
  -2.3531183e-03
  -2.4587106e-03
  -2.4602242e-03
  -2.5592725e-03
  -2.5159393e-03
  -2.4866547e-03
  -2.4800715e-03
  -2.5181573e-03
  -2.4046071e-03
  -2.5946278e-03
  -2.6846835e-03
  -2.5312854e-03
  -2.6209012e-03
  -2.1748273e-03
  -2.6964929e-03
  -2.7210287e-03
  -2.5358079e-03
  -2.5906640e-03
  -2.4800007e-03
  -2.5715839e-03
  -2.6421747e-03
  -2.7844567e-03
  -2.6991729e-03
  -2.4289326e-03
  -2.4668177e-03
  -2.4668177e-03
  -2.3410927e-03
  -2.3949031e-03
  -2.7017264e-03
  -2.7276823e-03
  -2.5902936e-03
  -2.5482271e-03
  -2.5706922e-03
  -2.5747473e-03
  -2.5571648e-03
  -2.4142655e-03
  -2.7525586e-03
  -2.8125800e-03
  -2.6010599e-03
  -2.6407560e-03
  -2.4961522e-03
  -2.4533391e-03
  -2.3689350e-03
  -2.3506840e-03
  -2.4095527e-03
  -2.4357472e-03
  -2.6306810e-03
  -2.1778930e-03
  -2.2001869e-03
  -2.2101165e-03
  -2.2104098e-03
  -2.5262607e-03
  -2.1753829e-03
  -2.0150510e-03
  -2.5150997e-03
  -2.7570916e-03
  -2.6655563e-03
  -2.6272547e-03
  -2.8390402e-03
  -2.8681853e-03
  -2.9472171e-03
  -3.0163640e-03
  -3.1333938e-03
  -3.1481509e-03
  -3.1571689e-03
  -3.1520541e-03
  -3.1388365e-03
  -3.1257413e-03
  -3.1177418e-03
  -3.1296932e-03
  -3.1555042e-03
  -3.1811893e-03
  -3.1949697e-03
  -3.1997429e-03
  -3.2100685e-03
  -3.2203749e-03
  -3.2259142e-03
  -3.2270702e-03
  -3.2295712e-03
  -3.2320743e-03
  -3.2334205e-03
  -3.2387703e-03
  -3.2487255e-03
  -3.2587003e-03
  -3.2640809e-03
  -3.2691736e-03
  -3.2802391e-03
  -3.2913428e-03
  -3.2973351e-03
  -3.2944033e-03
  -3.2781975e-03
  -3.2891107e-03
  -3.3349789e-03
  -3.3868689e-03
  -3.4284135e-03
  -3.4238808e-03
  -3.3607751e-03
  -3.3795810e-03
  -3.4474791e-03
  -3.5194914e-03
  -3.5263746e-03
  -3.4854439e-03
  -3.4998710e-03
  -3.5885139e-03
  -3.5768910e-03
  -3.4942178e-03
  -3.3965377e-03
  -3.2836511e-03
  -3.2164371e-03
  -3.2502310e-03
  -3.3227082e-03
  -3.4711210e-03
  -3.5464629e-03
  -3.5460062e-03
  -3.7017736e-03
  -3.7322691e-03
  -3.8617403e-03
  -3.8868722e-03
  -3.8867979e-03
  -3.9891848e-03
  -4.0441146e-03
  -3.9463862e-03
  -4.0493995e-03
  -4.1354236e-03
  -4.1049833e-03
  -4.0570945e-03
  -4.0015459e-03
  -4.0195217e-03
  -4.0090341e-03
  -3.9556635e-03
  -3.9026204e-03
  -3.8798430e-03
  -3.8744186e-03
  -3.8905116e-03
  -3.8826095e-03
  -3.8614847e-03
  -3.9016848e-03
  -3.9043599e-03
  -3.8498986e-03
  -3.8095664e-03
  -3.8073239e-03
  -3.9079202e-03
  -3.9932750e-03
  -4.0429654e-03
  -4.0449511e-03
  -4.0406952e-03
  -4.0727033e-03
  -4.1610686e-03
  -4.2365808e-03
  -4.2217852e-03
  -4.2112052e-03
  -4.2285357e-03
  -4.2238603e-03
  -4.1831173e-03
  -4.2092441e-03
  -4.2063838e-03
  -4.2178767e-03
  -4.2266146e-03
  -4.1350973e-03
  -4.1509410e-03
  -4.2715708e-03
  -4.3251800e-03
  -4.2902863e-03
  -4.2976021e-03
  -4.3741303e-03
  -4.4162059e-03
  -4.4184632e-03
  -4.4515317e-03
  -4.4896304e-03
  -4.4855637e-03
  -4.5291902e-03
  -4.5519925e-03
  -4.5219500e-03
  -4.7507655e-03
  -4.7575205e-03
  -4.7456152e-03
  -5.0009176e-03
  -4.6900337e-03
  -4.3015942e-03
  -3.9884978e-03
  -3.0702058e-03
  -3.2479374e-03
  -4.0062054e-03
  -3.4979970e-03
  -3.5552408e-03
  -2.5605238e-03
  -2.5344154e-03
  -3.5087369e-03
  -3.7291489e-03
  -3.9818152e-03
  -4.7272654e-03
  -4.6499052e-03
  -4.5475890e-03
  -4.1613717e-03
  -4.0983178e-03
  -4.6052960e-03
  -5.0486539e-03
  -4.9340944e-03
  -4.8757407e-03
  -4.8848449e-03
  -4.7053049e-03
  -4.6718089e-03
  -4.5173842e-03
  -4.5798793e-03
  -4.8377439e-03
  -4.9158061e-03
  -4.8070860e-03
  -4.7621091e-03
  -4.8299762e-03
  -4.8559676e-03
  -4.7577363e-03
  -4.7567194e-03
  -4.8422953e-03
  -4.8319799e-03
  -4.7682199e-03
  -4.6992720e-03
  -4.7219805e-03
  -4.7386174e-03
  -4.7392879e-03
  -4.7855242e-03
  -4.8377063e-03
  -4.8784943e-03
  -4.9407169e-03
  -4.9065897e-03
  -4.8595555e-03
  -4.8489877e-03
  -4.7976195e-03
  -4.8271282e-03
  -4.8435653e-03
  -4.8505023e-03
  -4.9081478e-03
  -4.9141582e-03
  -4.9407123e-03
  -4.9036138e-03
  -4.8783468e-03
  -4.9154326e-03
  -4.9139639e-03
  -4.9168668e-03
  -4.9407083e-03
  -4.9609055e-03
  -4.9848645e-03
  -4.8957818e-03
  -4.8572666e-03
  -4.9543758e-03
  -4.9910598e-03
  -4.9959947e-03
  -4.9858714e-03
  -4.9162067e-03
  -4.8867620e-03
  -4.9486052e-03
  -5.0290903e-03
  -4.9584843e-03
  -4.8938326e-03
  -4.9767743e-03
  -4.9428775e-03
  -4.8992409e-03
  -4.9896226e-03
  -5.0679923e-03
  -4.9792623e-03
  -4.9133910e-03
  -5.0032321e-03
  -5.0561334e-03
  -5.0533053e-03
  -5.0819325e-03
  -5.1908286e-03
  -5.1773028e-03
  -5.1191148e-03
  -5.2139936e-03
  -5.2198993e-03
  -5.1362061e-03
  -5.1093908e-03
  -5.1546395e-03
  -5.2290909e-03
  -5.2387094e-03
  -5.1965434e-03
  -5.0890213e-03
  -5.1984845e-03
  -5.1831685e-03
  -5.1548081e-03
  -5.2256753e-03
  -5.2871758e-03
  -5.2725870e-03
  -5.1746141e-03
  -5.1370034e-03
  -5.1946955e-03
  -5.2418661e-03
  -5.2363995e-03
  -5.2438386e-03
  -5.1868920e-03
  -5.1001814e-03
  -5.1792461e-03
  -5.1857786e-03
  -5.1316386e-03
  -5.2278259e-03
  -5.3573681e-03
  -5.3868889e-03
  -5.1553589e-03
  -5.1057975e-03
  -5.4344545e-03
  -5.7098037e-03
  -5.4410563e-03
  -5.4140928e-03
  -5.1809497e-03
  -5.7045368e-03
  -5.9433913e-03
  -5.1647852e-03
  -4.2270698e-03
  -6.5685301e-03
  -6.6789678e-03
  -6.6457990e-03
  -7.0598665e-03
  -8.5328583e-03
  -6.4092177e-03
  -4.5826167e-03
  -5.9454330e-03
  -7.4243179e-03
  -9.6511900e-03
  -7.5087875e-03
  -7.6969523e-03
  -6.9407227e-03
  -7.8067016e-03
  -8.5368450e-03
  -5.6051486e-03
  -6.8202117e-03
  -6.2173026e-03
  -6.5661018e-03
  -4.6111435e-03
  -4.6310201e-03
  -8.2740197e-03
