   6.1988556e-03
   3.6965013e-03
   6.4949312e-03
   6.8615228e-03
   8.2103738e-03
   7.6678434e-03
   6.4868757e-03
   9.3449197e-03
   1.0205524e-02
   1.0257459e-02
   1.1517517e-02
   1.1774501e-02
   1.4929957e-02
   1.9686089e-02
   2.4869422e-02
   3.8623662e-02
   4.7294913e-02
   5.3728369e-02
   6.2759756e-02
   6.6453522e-02
   7.7302644e-02
   7.5792732e-02
   8.4527823e-02
   8.7400074e-02
   9.2127264e-02
   9.4936098e-02
   9.3586539e-02
   9.9165323e-02
   9.9447902e-02
   9.9235784e-02
   1.0056689e-01
   1.0033738e-01
   1.0463488e-01
   9.9689405e-02
   1.0170483e-01
   1.0326737e-01
   9.9713352e-02
   9.9916071e-02
   9.8396195e-02
   9.7887025e-02
   9.6639028e-02
   9.9715358e-02
   1.0147764e-01
   1.0236220e-01
   1.0084856e-01
   9.9209935e-02
   8.7475418e-02
   8.7490167e-02
   8.8104997e-02
   8.6702471e-02
   8.8274694e-02
   8.8775890e-02
   8.7917305e-02
   8.7958494e-02
   8.8698788e-02
   8.6926270e-02
   8.4955058e-02
   8.4673497e-02
   8.3105861e-02
   8.0873141e-02
   8.1539955e-02
   8.0632086e-02
   7.9974289e-02
   8.0288176e-02
   7.7973516e-02
   7.7686900e-02
   7.6588698e-02
   7.6079412e-02
   7.4596957e-02
   7.3679499e-02
   7.2776750e-02
   7.2875277e-02
   7.1429760e-02
   7.0226458e-02
   6.9191964e-02
   6.8566896e-02
   6.7106242e-02
   6.6348554e-02
   6.5028023e-02
   6.3665708e-02
   6.2224538e-02
   6.1075524e-02
   5.9407896e-02
   5.7953110e-02
   5.6799998e-02
   5.6130760e-02
   5.5203698e-02
   5.4302978e-02
   5.3159947e-02
   5.2148168e-02
   5.1194632e-02
   5.0347613e-02
   4.9258846e-02
   4.8279079e-02
   4.7398482e-02
   4.6680762e-02
   4.5553970e-02
   4.4724035e-02
   4.3709207e-02
   4.2984881e-02
   4.2329857e-02
   4.1478375e-02
   4.0999565e-02
   3.9991685e-02
   3.9341471e-02
   3.8697951e-02
   3.7972298e-02
   3.7278975e-02
   3.6619886e-02
   3.5947075e-02
   3.5316371e-02
   3.4633674e-02
   3.3910262e-02
   3.3328045e-02
   3.2701125e-02
   3.2064084e-02
   3.1642919e-02
   3.1124679e-02
   3.0648811e-02
   3.0047102e-02
   2.9474431e-02
   2.9009941e-02
   2.8492027e-02
   2.7968104e-02
   2.7432428e-02
   2.6943659e-02
   2.6402785e-02
   2.6002911e-02
   2.5577295e-02
   2.5182746e-02
   2.4725838e-02
   2.4426083e-02
   2.4023277e-02
   2.3578815e-02
   2.3168009e-02
   2.2819825e-02
   2.2466726e-02
   2.2058520e-02
   2.1644019e-02
   2.1239343e-02
   2.0928460e-02
   2.0550776e-02
   2.0162988e-02
   1.9754870e-02
   1.9416191e-02
   1.9058532e-02
   1.8715601e-02
   1.8384071e-02
   1.8063826e-02
   1.7708525e-02
   1.7428938e-02
   1.7123789e-02
   1.6834276e-02
   1.6483525e-02
   1.6161421e-02
   1.5869273e-02
   1.5588282e-02
   1.5330723e-02
   1.5087464e-02
   1.4827515e-02
   1.4515418e-02
   1.4255303e-02
   1.3985275e-02
   1.3775729e-02
   1.3507033e-02
   1.3276356e-02
   1.3052067e-02
   1.2782097e-02
   1.2537323e-02
   1.2261622e-02
   1.2039629e-02
   1.1787766e-02
   1.1532864e-02
   1.1276174e-02
   1.1004514e-02
   1.0789399e-02
   1.0590339e-02
   1.0368743e-02
   1.0166398e-02
   9.9662835e-03
   9.7383373e-03
   9.4908193e-03
   9.2895959e-03
   9.0634394e-03
   8.8492763e-03
   8.6074572e-03
   8.3281651e-03
   8.0785585e-03
   7.8400645e-03
   7.5631205e-03
   7.3395639e-03
   7.1259835e-03
   6.9042283e-03
   6.7152718e-03
   6.5118983e-03
   6.3224053e-03
   6.0945455e-03
   5.8098555e-03
   5.5115257e-03
   5.2237077e-03
   4.9556205e-03
   4.7150080e-03
   4.5178681e-03
   4.3014682e-03
   4.1128269e-03
   3.9138031e-03
   3.7267427e-03
   3.5617757e-03
   3.4159031e-03
   3.2609209e-03
   3.1171935e-03
   3.0055450e-03
   2.9103980e-03
   2.7729887e-03
   2.6339523e-03
   2.4993403e-03
   2.3694724e-03
   2.2286395e-03
   2.1094486e-03
   2.0232880e-03
   2.0126691e-03
   1.9935600e-03
   1.9359728e-03
   1.8348899e-03
   1.6734213e-03
   1.5027961e-03
   1.2574638e-03
   1.0600496e-03
   8.9880862e-04
   7.5051094e-04
   6.0188976e-04
   4.4702877e-04
   3.0846306e-04
   1.8136649e-04
   7.5178052e-05
  -5.6247287e-06
  -1.4955281e-04
  -2.8362453e-04
  -4.3980486e-04
  -5.4458770e-04
  -6.2045984e-04
  -6.5617875e-04
  -7.0193981e-04
  -7.5233430e-04
  -8.0085924e-04
  -8.8679339e-04
  -9.7227618e-04
  -1.0421634e-03
  -1.1104581e-03
  -1.2044226e-03
  -1.3304037e-03
  -1.5015964e-03
  -1.5888534e-03
  -1.6599270e-03
  -1.7229320e-03
  -1.8094489e-03
  -1.8733345e-03
  -1.9466406e-03
  -2.0069324e-03
  -2.0931030e-03
  -2.1562886e-03
  -2.2238424e-03
  -2.3075636e-03
  -2.4231009e-03
  -2.5690560e-03
  -2.7464162e-03
  -2.9066987e-03
  -2.9632613e-03
  -3.0275124e-03
  -3.0862603e-03
  -3.1699551e-03
  -3.2228537e-03
  -3.3034862e-03
  -3.3782492e-03
  -3.4483834e-03
  -3.5112182e-03
  -3.5197723e-03
  -3.5664327e-03
  -3.6224083e-03
  -3.6702026e-03
  -3.7473578e-03
  -3.7859757e-03
  -3.8460099e-03
  -3.9394116e-03
  -4.0694166e-03
  -4.2180647e-03
  -4.3577946e-03
  -4.4325099e-03
  -4.4235529e-03
  -4.4800710e-03
  -4.5608149e-03
  -4.6316042e-03
  -4.6876316e-03
  -4.7464869e-03
  -4.7534144e-03
  -4.7529364e-03
  -4.7562554e-03
  -4.7803478e-03
  -4.7911651e-03
  -4.8257279e-03
  -4.8315116e-03
  -4.8245421e-03
  -4.8401162e-03
  -4.8791433e-03
  -4.9158412e-03
  -4.9512972e-03
  -5.0038718e-03
  -5.0394641e-03
  -5.0722854e-03
  -5.1244583e-03
  -5.1701206e-03
  -5.2567411e-03
  -5.3493428e-03
  -5.4747294e-03
  -5.5835620e-03
  -5.7630611e-03
  -5.8978049e-03
  -5.9905032e-03
  -5.8892257e-03
  -5.7934074e-03
  -5.6766254e-03
  -5.6345584e-03
  -5.6304541e-03
  -5.6065654e-03
  -5.6182942e-03
  -5.6359240e-03
  -5.6806676e-03
  -5.7423957e-03
  -5.7685694e-03
  -5.8200902e-03
  -5.8393705e-03
  -5.8781644e-03
  -5.9268767e-03
  -5.9937143e-03
  -6.0368497e-03
  -6.1094722e-03
  -6.0942262e-03
  -6.1141622e-03
  -6.1743401e-03
  -6.2125162e-03
  -6.2504128e-03
  -6.2937966e-03
  -6.3219975e-03
  -6.3527879e-03
  -6.3821736e-03
  -6.4221408e-03
  -6.4487860e-03
  -6.5249130e-03
  -6.5353057e-03
  -6.6025432e-03
  -6.6148592e-03
  -6.7089506e-03
  -6.7918176e-03
  -6.8638261e-03
  -6.8942153e-03
  -6.8937173e-03
  -6.9214261e-03
  -6.9252574e-03
  -6.9734613e-03
  -6.9641079e-03
  -6.9803405e-03
  -7.0458119e-03
  -7.0653677e-03
  -7.0501282e-03
  -7.0602379e-03
  -7.1005730e-03
  -7.1316606e-03
  -7.1653100e-03
  -7.1419783e-03
  -7.1340054e-03
  -7.1450255e-03
  -7.2312955e-03
  -7.2077696e-03
  -7.2279283e-03
  -7.2558878e-03
  -7.2850810e-03
  -7.2606068e-03
  -7.3211417e-03
  -7.3460642e-03
  -7.3585585e-03
  -7.3382963e-03
  -7.3931261e-03
  -7.4299303e-03
  -7.4997566e-03
  -7.4976489e-03
  -7.5018615e-03
  -7.5211416e-03
  -7.5545848e-03
  -7.5960431e-03
  -7.6617312e-03
  -7.5721014e-03
  -7.6574993e-03
  -7.7339272e-03
  -7.7104279e-03
  -7.7131383e-03
  -7.7507777e-03
  -7.7329951e-03
  -7.7024803e-03
  -7.7959564e-03
  -7.7510167e-03
  -7.8082357e-03
  -7.8120591e-03
  -7.8448138e-03
  -7.8207100e-03
  -7.8217495e-03
  -7.8712723e-03
  -7.8964464e-03
  -7.8964512e-03
  -7.9705330e-03
  -7.9974646e-03
  -8.0314853e-03
  -8.0771029e-03
  -8.1246113e-03
  -8.2259702e-03
  -8.1251498e-03
  -8.2722768e-03
  -8.2937273e-03
  -8.2631098e-03
  -8.2901408e-03
  -8.3248458e-03
  -8.3390593e-03
  -8.2738324e-03
  -8.3587031e-03
  -8.4772516e-03
  -8.4693289e-03
  -8.4869231e-03
  -8.5958308e-03
  -8.4641640e-03
  -8.4836350e-03
  -8.4153362e-03
  -8.4886931e-03
  -8.5212935e-03
  -8.6023932e-03
  -8.6643366e-03
  -8.6826375e-03
  -8.9827136e-03
  -8.8086902e-03
  -8.8161327e-03
  -8.7773807e-03
  -8.7249745e-03
  -8.8305668e-03
  -8.8320804e-03
  -8.9311286e-03
  -8.8877955e-03
  -8.8585109e-03
  -8.8519277e-03
  -8.8900135e-03
  -8.7764633e-03
  -8.9664840e-03
  -9.0565397e-03
  -8.9031416e-03
  -8.9927574e-03
  -8.5466835e-03
  -9.0683491e-03
  -9.0928849e-03
  -8.9076641e-03
  -8.9625202e-03
  -8.8518568e-03
  -8.9434400e-03
  -9.0140309e-03
  -9.1563129e-03
  -9.0710291e-03
  -8.8007888e-03
  -8.8386739e-03
  -8.8386739e-03
  -8.7129489e-03
  -8.7667593e-03
  -9.0735826e-03
  -9.0995385e-03
  -8.9621498e-03
  -8.9200833e-03
  -8.9425484e-03
  -8.9466035e-03
  -8.9290210e-03
  -8.7861216e-03
  -9.1244148e-03
  -9.1844362e-03
  -8.9729161e-03
  -9.0126122e-03
  -8.8680084e-03
  -8.8251953e-03
  -8.7407911e-03
  -8.7225401e-03
  -8.7814089e-03
  -8.8076034e-03
  -9.0025372e-03
  -8.5497492e-03
  -8.5720431e-03
  -8.5819727e-03
  -8.5822660e-03
  -8.8981169e-03
  -8.5472391e-03
  -8.3869072e-03
  -8.8869558e-03
  -9.1289478e-03
  -9.0374125e-03
  -8.9991109e-03
  -9.2108963e-03
  -9.2400415e-03
  -9.3190732e-03
  -9.3882202e-03
  -9.5052500e-03
  -9.5200071e-03
  -9.5290251e-03
  -9.5239103e-03
  -9.5106927e-03
  -9.4975975e-03
  -9.4895979e-03
  -9.5015494e-03
  -9.5273603e-03
  -9.5530454e-03
  -9.5668258e-03
  -9.5715990e-03
  -9.5819247e-03
  -9.5922311e-03
  -9.5977704e-03
  -9.5989264e-03
  -9.6014274e-03
  -9.6039305e-03
  -9.6052766e-03
  -9.6106265e-03
  -9.6205817e-03
  -9.6305565e-03
  -9.6359371e-03
  -9.6410298e-03
  -9.6520953e-03
  -9.6631990e-03
  -9.6691913e-03
  -9.6662595e-03
  -9.6500537e-03
  -9.6609669e-03
  -9.7068350e-03
  -9.7587250e-03
  -9.8002697e-03
  -9.7957369e-03
  -9.7326312e-03
  -9.7514372e-03
  -9.8193353e-03
  -9.8913476e-03
  -9.8982308e-03
  -9.8573001e-03
  -9.8717271e-03
  -9.9603701e-03
  -9.9487471e-03
  -9.8660740e-03
  -9.7683939e-03
  -9.6555073e-03
  -9.5882933e-03
  -9.6220872e-03
  -9.6945644e-03
  -9.8429772e-03
  -9.9183190e-03
  -9.9178624e-03
  -1.0073630e-02
  -1.0104125e-02
  -1.0233596e-02
  -1.0258728e-02
  -1.0258654e-02
  -1.0361041e-02
  -1.0415971e-02
  -1.0318242e-02
  -1.0421256e-02
  -1.0507280e-02
  -1.0476839e-02
  -1.0428951e-02
  -1.0373402e-02
  -1.0391378e-02
  -1.0380890e-02
  -1.0327520e-02
  -1.0274477e-02
  -1.0251699e-02
  -1.0246275e-02
  -1.0262368e-02
  -1.0254466e-02
  -1.0233341e-02
  -1.0273541e-02
  -1.0276216e-02
  -1.0221755e-02
  -1.0181423e-02
  -1.0179180e-02
  -1.0279776e-02
  -1.0365131e-02
  -1.0414822e-02
  -1.0416807e-02
  -1.0412551e-02
  -1.0444559e-02
  -1.0532925e-02
  -1.0608437e-02
  -1.0593641e-02
  -1.0583061e-02
  -1.0600392e-02
  -1.0595717e-02
  -1.0554973e-02
  -1.0581100e-02
  -1.0578240e-02
  -1.0589733e-02
  -1.0598471e-02
  -1.0506953e-02
  -1.0522797e-02
  -1.0643427e-02
  -1.0697036e-02
  -1.0662142e-02
  -1.0669458e-02
  -1.0745986e-02
  -1.0788062e-02
  -1.0790319e-02
  -1.0823388e-02
  -1.0861487e-02
  -1.0857420e-02
  -1.0901046e-02
  -1.0923849e-02
  -1.0893806e-02
  -1.1122622e-02
  -1.1129377e-02
  -1.1117471e-02
  -1.1372774e-02
  -1.1061890e-02
  -1.0673450e-02
  -1.0360354e-02
  -9.4420619e-03
  -9.6197936e-03
  -1.0378062e-02
  -9.8698532e-03
  -9.9270970e-03
  -8.9323800e-03
  -8.9062716e-03
  -9.8805930e-03
  -1.0101005e-02
  -1.0353671e-02
  -1.1099122e-02
  -1.1021761e-02
  -1.0919445e-02
  -1.0533228e-02
  -1.0470174e-02
  -1.0977152e-02
  -1.1420510e-02
  -1.1305951e-02
  -1.1247597e-02
  -1.1256701e-02
  -1.1077161e-02
  -1.1043665e-02
  -1.0889240e-02
  -1.0951735e-02
  -1.1209600e-02
  -1.1287662e-02
  -1.1178942e-02
  -1.1133965e-02
  -1.1201832e-02
  -1.1227824e-02
  -1.1129593e-02
  -1.1128576e-02
  -1.1214151e-02
  -1.1203836e-02
  -1.1140076e-02
  -1.1071128e-02
  -1.1093837e-02
  -1.1110474e-02
  -1.1111144e-02
  -1.1157380e-02
  -1.1209562e-02
  -1.1250350e-02
  -1.1312573e-02
  -1.1278446e-02
  -1.1231412e-02
  -1.1220844e-02
  -1.1169476e-02
  -1.1198984e-02
  -1.1215421e-02
  -1.1222359e-02
  -1.1280004e-02
  -1.1286014e-02
  -1.1312568e-02
  -1.1275470e-02
  -1.1250203e-02
  -1.1287289e-02
  -1.1285820e-02
  -1.1288723e-02
  -1.1312564e-02
  -1.1332762e-02
  -1.1356721e-02
  -1.1267638e-02
  -1.1229123e-02
  -1.1326232e-02
  -1.1362916e-02
  -1.1367851e-02
  -1.1357728e-02
  -1.1288063e-02
  -1.1258618e-02
  -1.1320461e-02
  -1.1400946e-02
  -1.1330340e-02
  -1.1265689e-02
  -1.1348630e-02
  -1.1314734e-02
  -1.1271097e-02
  -1.1361479e-02
  -1.1439848e-02
  -1.1351118e-02
  -1.1285247e-02
  -1.1375088e-02
  -1.1427990e-02
  -1.1425161e-02
  -1.1453789e-02
  -1.1562685e-02
  -1.1549159e-02
  -1.1490971e-02
  -1.1585850e-02
  -1.1591755e-02
  -1.1508062e-02
  -1.1481247e-02
  -1.1526496e-02
  -1.1600947e-02
  -1.1610566e-02
  -1.1568400e-02
  -1.1460878e-02
  -1.1570341e-02
  -1.1555025e-02
  -1.1526664e-02
  -1.1597531e-02
  -1.1659032e-02
  -1.1644443e-02
  -1.1546470e-02
  -1.1508860e-02
  -1.1566552e-02
  -1.1613722e-02
  -1.1608256e-02
  -1.1615695e-02
  -1.1558748e-02
  -1.1472038e-02
  -1.1551102e-02
  -1.1557635e-02
  -1.1503495e-02
  -1.1599682e-02
  -1.1729224e-02
  -1.1758745e-02
  -1.1527215e-02
  -1.1477654e-02
  -1.1806311e-02
  -1.2081660e-02
  -1.1812912e-02
  -1.1785949e-02
  -1.1552806e-02
  -1.2076393e-02
  -1.2315247e-02
  -1.1536641e-02
  -1.0598926e-02
  -1.2940386e-02
  -1.3050824e-02
  -1.3017655e-02
  -1.3431723e-02
  -1.4904715e-02
  -1.2781074e-02
  -1.0954473e-02
  -1.2317289e-02
  -1.3796174e-02
  -1.6023046e-02
  -1.3880644e-02
  -1.4068809e-02
  -1.3312579e-02
  -1.4178558e-02
  -1.4908701e-02
  -1.1977005e-02
  -1.3192068e-02
  -1.2589159e-02
  -1.2937958e-02
  -1.0983000e-02
  -1.1002876e-02
  -1.4645876e-02
