   3.3918249e-03
   3.3977886e-03
   4.5652238e-03
   3.3429026e-03
   4.2772733e-03
   5.2173403e-03
   1.1494491e-03
   5.2122311e-03
   3.9921166e-03
   2.8523138e-03
   4.6276905e-03
   5.2420510e-03
   3.8924316e-03
   4.8960396e-03
   5.5654989e-03
   6.5957762e-03
   7.6185683e-03
   8.7317609e-03
   1.0156828e-02
   1.0936508e-02
   1.2620157e-02
   1.2309294e-02
   1.3684867e-02
   1.4520682e-02
   1.5492870e-02
   1.6211337e-02
   1.6053295e-02
   1.7297006e-02
   1.7602681e-02
   1.7676346e-02
   1.8119185e-02
   1.8319742e-02
   1.9368128e-02
   1.8618172e-02
   1.9227472e-02
   1.9819961e-02
   1.9284289e-02
   1.9573551e-02
   1.9477632e-02
   1.9608925e-02
   1.9596425e-02
   2.0511705e-02
   2.1132440e-02
   2.1510781e-02
   2.1484366e-02
   2.1403663e-02
   1.9013488e-02
   1.9219244e-02
   1.9603441e-02
   1.9492416e-02
   2.0128482e-02
   2.0488056e-02
   2.0454426e-02
   2.0684874e-02
   2.1144557e-02
   2.0959420e-02
   2.0755478e-02
   2.0913844e-02
   2.0747948e-02
   2.0434313e-02
   2.0904311e-02
   2.0858097e-02
   2.0910189e-02
   2.1164285e-02
   2.0696150e-02
   2.0914945e-02
   2.0910013e-02
   2.1110405e-02
   2.0923536e-02
   2.0866328e-02
   2.0859241e-02
   2.1078841e-02
   2.0934795e-02
   2.0824886e-02
   2.0788820e-02
   2.0855532e-02
   2.0599979e-02
   2.0528461e-02
   2.0298071e-02
   2.0093760e-02
   1.9860725e-02
   1.9841040e-02
   1.9604639e-02
   1.9352364e-02
   1.9123669e-02
   1.9082531e-02
   1.8975639e-02
   1.8891082e-02
   1.8709747e-02
   1.8563142e-02
   1.8452061e-02
   1.8362923e-02
   1.8192829e-02
   1.8066231e-02
   1.7982709e-02
   1.7944084e-02
   1.7790280e-02
   1.7730608e-02
   1.7554212e-02
   1.7478680e-02
   1.7419918e-02
   1.7287612e-02
   1.7307144e-02
   1.7127178e-02
   1.7041027e-02
   1.7001955e-02
   1.6938510e-02
   1.6890764e-02
   1.6852386e-02
   1.6795011e-02
   1.6746820e-02
   1.6664345e-02
   1.6572913e-02
   1.6503519e-02
   1.6422440e-02
   1.6354483e-02
   1.6363874e-02
   1.6317809e-02
   1.6268054e-02
   1.6199975e-02
   1.6125890e-02
   1.6100280e-02
   1.6035761e-02
   1.5974253e-02
   1.5899762e-02
   1.5839023e-02
   1.5780098e-02
   1.5814409e-02
   1.5827933e-02
   1.5836102e-02
   1.5824390e-02
   1.5934763e-02
   1.5974104e-02
   1.5932676e-02
   1.5865447e-02
   1.5834269e-02
   1.5808435e-02
   1.5754934e-02
   1.5700928e-02
   1.5649457e-02
   1.5647504e-02
   1.5594318e-02
   1.5518158e-02
   1.5428690e-02
   1.5385936e-02
   1.5340954e-02
   1.5273521e-02
   1.5211568e-02
   1.5156018e-02
   1.5069226e-02
   1.5027178e-02
   1.4990278e-02
   1.4986624e-02
   1.4948853e-02
   1.4910671e-02
   1.4894003e-02
   1.4859568e-02
   1.4833844e-02
   1.4830941e-02
   1.4812391e-02
   1.4750424e-02
   1.4694084e-02
   1.4659604e-02
   1.4642219e-02
   1.4601020e-02
   1.4561436e-02
   1.4535636e-02
   1.4459067e-02
   1.4399679e-02
   1.4342976e-02
   1.4257017e-02
   1.4191997e-02
   1.4110299e-02
   1.4033512e-02
   1.3963759e-02
   1.3908554e-02
   1.3893093e-02
   1.3833688e-02
   1.3795020e-02
   1.3748582e-02
   1.3682379e-02
   1.3592678e-02
   1.3521503e-02
   1.3405540e-02
   1.3288735e-02
   1.3123970e-02
   1.2920835e-02
   1.2727001e-02
   1.2533457e-02
   1.2291530e-02
   1.2075186e-02
   1.1860043e-02
   1.1616040e-02
   1.1394984e-02
   1.1147064e-02
   1.0876127e-02
   1.0551985e-02
   1.0162076e-02
   9.7408592e-03
   9.3072394e-03
   8.9360234e-03
   8.6322497e-03
   8.3258340e-03
   8.0035866e-03
   7.7112287e-03
   7.4095023e-03
   7.1306533e-03
   6.8962718e-03
   6.7093080e-03
   6.5549415e-03
   6.4281170e-03
   6.3613169e-03
   6.2739921e-03
   6.1793691e-03
   6.0930398e-03
   5.9875495e-03
   5.8840448e-03
   5.7959905e-03
   5.6901735e-03
   5.6241202e-03
   5.5840624e-03
   5.5317738e-03
   5.4872449e-03
   5.4141394e-03
   5.2900284e-03
   5.1721034e-03
   5.0560509e-03
   4.9760161e-03
   4.9528908e-03
   4.9225289e-03
   4.8878135e-03
   4.8336925e-03
   4.7661724e-03
   4.7267155e-03
   4.6851814e-03
   4.6459422e-03
   4.5455132e-03
   4.4242629e-03
   4.2898279e-03
   4.2023311e-03
   4.1664083e-03
   4.1518239e-03
   4.1029099e-03
   4.0402081e-03
   3.9961742e-03
   3.9386540e-03
   3.8778568e-03
   3.8333435e-03
   3.7958808e-03
   3.7402405e-03
   3.6565126e-03
   3.5805621e-03
   3.5289339e-03
   3.5124672e-03
   3.4971248e-03
   3.4954529e-03
   3.4644621e-03
   3.4709223e-03
   3.4484370e-03
   3.4285276e-03
   3.4089706e-03
   3.3778118e-03
   3.3338758e-03
   3.2441444e-03
   3.0493634e-03
   2.8171221e-03
   2.6592651e-03
   2.6390198e-03
   2.5569710e-03
   2.4608878e-03
   2.4015759e-03
   2.3865824e-03
   2.3151674e-03
   2.2082109e-03
   2.0955125e-03
   2.0311838e-03
   2.0416836e-03
   1.9858076e-03
   1.9186358e-03
   1.8677864e-03
   1.8043838e-03
   1.7351540e-03
   1.6692953e-03
   1.5391278e-03
   1.3134302e-03
   1.0582096e-03
   8.3592907e-04
   7.7503469e-04
   8.4066525e-04
   7.8765625e-04
   6.7268000e-04
   5.9573428e-04
   5.5891795e-04
   5.0445864e-04
   5.3356361e-04
   5.6849997e-04
   6.0836492e-04
   6.3262371e-04
   6.6581786e-04
   6.6805985e-04
   7.0861038e-04
   7.5554735e-04
   7.4452387e-04
   7.6277474e-04
   7.3828316e-04
   7.2679328e-04
   7.1563398e-04
   6.7855727e-04
   6.6729618e-04
   6.4242012e-04
   6.3218182e-04
   5.9269303e-04
   5.0906102e-04
   3.7841545e-04
   1.3268362e-04
  -1.9706138e-04
  -3.2597167e-04
  -3.6458642e-04
  -1.1307008e-04
   1.4333895e-04
   2.9438847e-04
   3.6693527e-04
   4.2136297e-04
   4.3481819e-04
   4.6433429e-04
   4.6262400e-04
   4.6782796e-04
   4.5490224e-04
   4.1381636e-04
   4.1172706e-04
   3.7605137e-04
   3.4816567e-04
   3.1670040e-04
   2.4908509e-04
   2.1207920e-04
   1.8010821e-04
   1.9365398e-04
   2.0766878e-04
   1.7358497e-04
   1.7577924e-04
   1.3701580e-04
   1.2525195e-04
   1.5504070e-04
   7.2411195e-05
   1.2185502e-04
   9.9526470e-05
   4.6233891e-05
  -1.5532918e-05
  -2.9982943e-05
  -1.8382575e-05
  -1.3010447e-04
  -2.1708272e-04
  -3.3427640e-04
  -4.3252295e-04
  -4.3184867e-04
  -3.6322009e-04
  -3.3129323e-04
  -3.5257740e-04
  -4.1881359e-04
  -3.6890828e-04
  -4.0360053e-04
  -4.3442816e-04
  -4.7005107e-04
  -4.5480359e-04
  -3.8633076e-04
  -3.2989849e-04
  -3.7580834e-04
  -3.4081834e-04
  -3.2083124e-04
  -3.2375203e-04
  -2.7336291e-04
  -3.2707498e-04
  -3.0605639e-04
  -2.9515517e-04
  -3.3908897e-04
  -2.8843220e-04
  -3.2382349e-04
  -3.0236925e-04
  -3.4011728e-04
  -3.7395587e-04
  -2.2453718e-04
  -3.3959521e-04
  -4.0653092e-04
  -4.1061956e-04
  -4.0587154e-04
  -4.0036034e-04
  -4.2022543e-04
  -3.8165469e-04
  -4.4809936e-04
  -4.1814554e-04
  -4.6703406e-04
  -4.4253968e-04
  -3.8035746e-04
  -4.6480254e-04
  -4.7680826e-04
  -4.6025247e-04
  -4.1690273e-04
  -4.4775091e-04
  -5.4134094e-04
  -3.8490435e-04
  -4.9156120e-04
  -4.9434550e-04
  -5.2404980e-04
  -4.6265138e-04
  -5.7129263e-04
  -5.9922845e-04
  -5.8722187e-04
  -7.3235035e-04
  -7.3868839e-04
  -8.0349476e-04
  -9.2517074e-04
  -1.0416719e-03
  -9.3968849e-04
  -1.1011219e-03
  -9.9952762e-04
  -9.7103469e-04
  -1.0668361e-03
  -8.1700901e-04
  -9.4544868e-04
  -9.0123917e-04
  -1.0132237e-03
  -1.1383741e-03
  -1.1027871e-03
  -1.1515270e-03
  -1.1647511e-03
  -1.0379336e-03
  -1.1022721e-03
  -9.2156347e-04
  -1.1134966e-03
  -9.4262936e-04
  -9.4913479e-04
  -1.1170448e-03
  -1.1612673e-03
  -1.1864648e-03
  -1.4211650e-03
  -1.3734147e-03
  -1.5159338e-03
  -1.2581194e-03
  -9.7978440e-04
  -1.7282186e-03
  -1.3558744e-03
  -1.3032627e-03
  -1.4869706e-03
  -1.9789814e-03
  -1.4596405e-03
  -1.5003603e-03
  -1.5514436e-03
  -1.3584031e-03
  -1.3912462e-03
  -1.5524150e-03
  -1.5377124e-03
  -1.2692535e-03
  -1.4756943e-03
  -1.8457087e-03
  -1.5016127e-03
  -1.4956140e-03
  -1.7509131e-03
  -1.3128377e-03
  -1.3343584e-03
  -1.6005824e-03
  -1.2893766e-03
  -1.2070984e-03
  -1.3088064e-03
  -1.1109841e-03
  -1.1109841e-03
  -1.4862871e-03
  -1.1114417e-03
  -1.1308900e-03
  -1.1325361e-03
  -1.4731465e-03
  -1.2086093e-03
  -1.2893245e-03
  -1.3038919e-03
  -1.2844573e-03
  -1.6885066e-03
  -1.4554134e-03
  -1.4140550e-03
  -1.2484001e-03
  -1.2588576e-03
  -1.2709595e-03
  -1.2745398e-03
  -6.9814572e-04
  -1.3172413e-03
  -7.4562220e-04
  -4.9128731e-04
  -1.1951074e-03
  -9.9603965e-04
  -9.6522447e-04
  -9.5150135e-04
  -6.7248883e-04
  -1.0264962e-03
  -8.2313587e-04
  -7.4122375e-04
  -1.1665524e-03
  -1.5782977e-03
  -1.0764269e-03
  -7.9748483e-04
  -1.3514099e-03
  -1.6734783e-03
  -1.6984252e-03
  -1.6903121e-03
  -1.5786752e-03
  -1.5043269e-03
  -1.4588986e-03
  -1.4455621e-03
  -1.4111054e-03
  -1.3769637e-03
  -1.3561070e-03
  -1.3963314e-03
  -1.4831862e-03
  -1.5696245e-03
  -1.6159986e-03
  -1.6404511e-03
  -1.6933486e-03
  -1.7461328e-03
  -1.7745073e-03
  -1.7562052e-03
  -1.7165642e-03
  -1.6769482e-03
  -1.6556252e-03
  -1.6550115e-03
  -1.6538743e-03
  -1.6527325e-03
  -1.6521186e-03
  -1.6492921e-03
  -1.6431552e-03
  -1.6369971e-03
  -1.6336701e-03
  -1.6374380e-03
  -1.6582678e-03
  -1.6279354e-03
  -1.6578521e-03
  -1.7765515e-03
  -1.6804330e-03
  -1.6368794e-03
  -1.5858578e-03
  -1.8061675e-03
  -1.8169863e-03
  -1.6706348e-03
  -1.7212646e-03
  -1.6813886e-03
  -1.6943785e-03
  -1.7456613e-03
  -1.6849666e-03
  -1.6720161e-03
  -1.5882302e-03
  -1.5056032e-03
  -1.3694724e-03
  -1.3622324e-03
  -1.4531892e-03
  -1.6714863e-03
  -1.7365647e-03
  -1.6731721e-03
  -1.9417491e-03
  -1.9319657e-03
  -1.9775616e-03
  -2.0198774e-03
  -2.1340577e-03
  -2.1240323e-03
  -1.9126317e-03
  -1.6903686e-03
  -2.2747789e-03
  -2.2574310e-03
  -1.8886334e-03
  -1.8762461e-03
  -1.9170885e-03
  -2.0019962e-03
  -1.9662641e-03
  -1.9298064e-03
  -1.9510300e-03
  -1.8152200e-03
  -1.7173923e-03
  -1.8165948e-03
  -1.8224301e-03
  -1.9452737e-03
  -2.0098396e-03
  -1.8270474e-03
  -1.7946629e-03
  -1.8518677e-03
  -1.8122814e-03
  -1.8705378e-03
  -1.8778017e-03
  -1.8456395e-03
  -1.8383319e-03
  -1.8913232e-03
  -1.8501462e-03
  -1.9769215e-03
  -2.0528528e-03
  -1.9667593e-03
  -1.9311645e-03
  -1.8741858e-03
  -1.8575108e-03
  -1.8386612e-03
  -1.8668419e-03
  -1.7514316e-03
  -1.8261495e-03
  -1.8396034e-03
  -1.7101728e-03
  -1.7609052e-03
  -1.8797586e-03
  -1.9996247e-03
  -2.0228955e-03
  -1.9331635e-03
  -1.8487319e-03
  -2.1469977e-03
  -2.1040290e-03
  -1.9689491e-03
  -2.1890975e-03
  -2.0966008e-03
  -2.1024196e-03
  -2.1267233e-03
  -2.0143994e-03
  -2.5977707e-03
  -2.4877854e-03
  -2.1102250e-03
  -2.8058947e-03
  -3.2998871e-03
  -2.7776056e-03
  -1.9658358e-03
  -9.3708039e-04
  -6.1302508e-04
  -2.7339428e-03
  -2.6931531e-03
  -2.6653545e-03
   1.5545284e-03
   1.2834628e-03
  -8.3768417e-04
  -1.9522082e-03
  -3.0192393e-03
  -2.8599994e-03
  -2.8095973e-03
  -1.8654675e-03
  -6.6155324e-04
  -1.6611310e-05
  -8.5648977e-04
  -2.4578554e-03
  -2.8389123e-03
  -2.8224444e-03
  -1.8903951e-03
  -2.0417295e-03
  -2.2995947e-03
  -1.8496416e-03
  -2.1449886e-03
  -2.4487948e-03
  -2.4497747e-03
  -2.8212410e-03
  -2.6506727e-03
  -2.2304426e-03
  -2.2886789e-03
  -2.1401776e-03
  -2.1244220e-03
  -2.1736637e-03
  -2.2086061e-03
  -2.1599371e-03
  -2.1142047e-03
  -2.2220643e-03
  -2.1747766e-03
  -2.0678375e-03
  -2.0354177e-03
  -2.1745889e-03
  -2.1295887e-03
  -2.1926992e-03
  -2.2568379e-03
  -2.0693167e-03
  -2.0557900e-03
  -2.0477906e-03
  -2.0411044e-03
  -2.0966135e-03
  -2.0424731e-03
  -2.0964646e-03
  -2.2056794e-03
  -2.3139627e-03
  -2.2247834e-03
  -2.1638898e-03
  -2.1793649e-03
  -2.0468595e-03
  -1.9836738e-03
  -2.0580394e-03
  -2.1814328e-03
  -2.1683533e-03
  -2.0085198e-03
  -1.9306158e-03
  -2.2222406e-03
  -2.3098453e-03
  -1.9623215e-03
  -1.9604061e-03
  -2.0301481e-03
  -2.1075806e-03
  -2.1667396e-03
  -2.2011125e-03
  -2.1003435e-03
  -2.0892127e-03
  -2.1850090e-03
  -2.0986240e-03
  -2.2387364e-03
  -2.2473013e-03
  -2.1681620e-03
  -2.1639095e-03
  -2.3077928e-03
  -2.2811604e-03
  -2.1839699e-03
  -2.1974166e-03
  -2.1984394e-03
  -2.4496215e-03
  -2.4379778e-03
  -2.2623358e-03
  -2.3603132e-03
  -2.2592495e-03
  -2.2483234e-03
  -2.3346829e-03
  -2.4262927e-03
  -2.3347994e-03
  -2.2988898e-03
  -2.4558591e-03
  -2.2318825e-03
  -2.2417848e-03
  -2.3595035e-03
  -2.3562156e-03
  -2.4632030e-03
  -2.6978635e-03
  -2.5709566e-03
  -2.4466128e-03
  -2.3047374e-03
  -2.2894437e-03
  -2.5264339e-03
  -2.3703150e-03
  -2.2100355e-03
  -2.3372399e-03
  -2.3277699e-03
  -2.2927933e-03
  -2.0774214e-03
  -2.4075641e-03
  -2.7867462e-03
  -2.5455079e-03
  -2.5286564e-03
  -2.2031435e-03
  -1.3380088e-03
  -1.9230319e-03
  -2.8050047e-03
  -2.7594347e-03
  -2.7537009e-03
  -2.6620273e-03
  -3.9999982e-03
  -2.7686520e-03
  -4.6440547e-03
  -7.2601241e-03
  -2.7002292e-03
  -5.8592646e-03
  -9.1068929e-03
  -2.4797312e-03
  -2.8535047e-03
  -2.7115311e-03
  -3.0912393e-03
  -6.8736286e-03
  -1.1399885e-02
  -7.7079409e-03
  -8.1540531e-03
  -2.6048317e-03
  -2.4628876e-03
  -2.6641069e-03
  -2.0877497e-03
  -2.4304093e-03
  -3.0420010e-03
  -2.4487754e-03
  -2.2364679e-03
  -2.6130955e-03
  -2.6852392e-03
  -1.2582627e-02
