   1.4820000e-03   9.2112000e-03   3.1924650e-01
   1.1557875e-03   8.9139167e-03   3.7718200e-01
   9.9450000e-04   1.0342800e-02   3.8018657e-01
   1.1761750e-03   1.0710700e-02   3.8829188e-01
   1.5045375e-03   1.2339100e-02   4.2594440e-01
   1.7899875e-03   1.3827417e-02   4.1702270e-01
   1.4082375e-03   1.2849017e-02   4.4230800e-01
   1.5112500e-03   1.5475200e-02   4.6665600e-01
   1.4364000e-03   1.5042300e-02   4.5491940e-01
   1.7221125e-03   1.5791067e-02   4.6276940e-01
   2.2443750e-03   1.8425250e-02   5.1941775e-01
   2.2680000e-03   2.0260800e-02   5.5843450e-01
   2.3054625e-03   2.4101550e-02   5.9676377e-01
   2.6879750e-03   3.1439100e-02   6.7078575e-01
   3.3607750e-03   4.3346233e-02   8.3983125e-01
   5.6594375e-03   7.2927633e-02   9.9195245e-01
   7.8597500e-03   1.1617033e-01   1.3348867e+00
   1.1282287e-02   1.8036465e-01   1.8750390e+00
   1.6078812e-02   2.6685325e-01   2.4591725e+00
   2.4182075e-02   4.0141687e-01   3.4562910e+00
   3.5582188e-02   5.9074083e-01   4.4650063e+00
   4.7823750e-02   8.0847480e-01   6.2237890e+00
   6.2017263e-02   1.0354067e+00   7.2558730e+00
   7.5306025e-02   1.2613627e+00   8.5763905e+00
   9.3771662e-02   1.5766353e+00   1.0203263e+01
   1.1719820e-01   1.9608537e+00   1.2363587e+01
   1.3104922e-01   2.2071612e+00   1.4074555e+01
   1.5163425e-01   2.5199563e+00   1.5262992e+01
   1.7160185e-01   2.8376273e+00   1.7120258e+01
   1.9929322e-01   3.2886043e+00   1.9853595e+01
   2.3910787e-01   3.9419127e+00   2.3523727e+01
   2.6375785e-01   4.3252830e+00   2.5823172e+01
   2.8748860e-01   4.6993040e+00   2.6985827e+01
   2.8407027e-01   4.6462353e+00   2.7852995e+01
   2.9213055e-01   4.7496402e+00   2.7897748e+01
   2.9809975e-01   4.8028045e+00   2.7790377e+01
   2.8934492e-01   4.6434057e+00   2.7725348e+01
   2.9581200e-01   4.7092320e+00   2.8017480e+01
   3.0909192e-01   4.8744955e+00   2.9367740e+01
   3.2173588e-01   5.0656773e+00   3.0693490e+01
   3.2548880e-01   5.0956257e+00   3.1145112e+01
   3.2814005e-01   5.0867902e+00   3.0216685e+01
   3.3001780e-01   5.0986052e+00   2.9796973e+01
   3.4474770e-01   5.2906130e+00   3.0644137e+01
   3.5661572e-01   5.4216470e+00   3.1788127e+01
   3.6558730e-01   5.5143148e+00   3.2821313e+01
   3.8216180e-01   5.7372463e+00   3.8037622e+01
   3.9376353e-01   5.8615793e+00   3.8875230e+01
   3.9207000e-01   5.7978210e+00   3.8164165e+01
   3.6846600e-01   5.3979418e+00   3.6050712e+01
   3.7201828e-01   5.3796935e+00   3.5351300e+01
   3.8173587e-01   5.5083020e+00   3.5906063e+01
   3.9997875e-01   5.7308170e+00   3.7710768e+01
   4.1642477e-01   5.9168418e+00   3.8897830e+01
   4.4802870e-01   6.3089278e+00   4.1120315e+01
   4.5922002e-01   6.4319713e+00   4.2675195e+01
   4.7397567e-01   6.5458297e+00   4.4282893e+01
   4.7432865e-01   6.4821775e+00   4.3934613e+01
   4.6438177e-01   6.2756695e+00   4.3240790e+01
   4.4411035e-01   5.9352992e+00   4.1868530e+01
   4.5064623e-01   5.9580200e+00   4.1702937e+01
   4.8313100e-01   6.3326290e+00   4.4735623e+01
   5.1417540e-01   6.6938882e+00   4.7562422e+01
   5.1843375e-01   6.7037173e+00   4.7463622e+01
   4.7784143e-01   6.1058783e+00   4.4277525e+01
   4.3184572e-01   5.4625495e+00   3.9792912e+01
   4.0637310e-01   5.0518115e+00   3.7248515e+01
   4.2842205e-01   5.2547148e+00   3.8933575e+01
   4.6168427e-01   5.6056765e+00   4.2265055e+01
   4.9744827e-01   5.9684748e+00   4.5428180e+01
   5.3355865e-01   6.3397567e+00   4.8721880e+01
   5.1854320e-01   6.0937342e+00   4.6780183e+01
   4.9048653e-01   5.6810117e+00   4.4358920e+01
   4.7918430e-01   5.4891987e+00   4.3480135e+01
   5.1288592e-01   5.8171105e+00   4.6655873e+01
   5.7868382e-01   6.4894867e+00   5.2469730e+01
   6.7883240e-01   7.5475448e+00   6.2082193e+01
   7.4692610e-01   8.2346073e+00   6.8402070e+01
   7.4576000e-01   8.1294133e+00   6.8783848e+01
   7.1950690e-01   7.7014372e+00   6.6583733e+01
   7.0714053e-01   7.4446392e+00   6.5635635e+01
   7.6338295e-01   7.9762533e+00   7.1009592e+01
   8.5645360e-01   8.8671970e+00   8.0322815e+01
   9.3427310e-01   9.5077142e+00   8.8233317e+01
   9.1756952e-01   9.2223210e+00   8.7301193e+01
   8.8132457e-01   8.7654938e+00   8.3906315e+01
   8.5737855e-01   8.4200918e+00   8.1674420e+01
   8.4076445e-01   8.1613655e+00   8.0200965e+01
   8.2492597e-01   7.9029565e+00   7.9005992e+01
   8.2080210e-01   7.7588092e+00   7.8800095e+01
   8.1538835e-01   7.6022707e+00   7.8330767e+01
   8.1289280e-01   7.4645383e+00   7.7971293e+01
   8.0215048e-01   7.2553480e+00   7.7132598e+01
   7.9138733e-01   7.0489975e+00   7.6165630e+01
   7.6852977e-01   6.7391463e+00   7.3989823e+01
   7.3139000e-01   6.2942050e+00   7.0023953e+01
   7.3960965e-01   6.2418188e+00   7.0862482e+01
   8.0423540e-01   6.7040910e+00   7.7077535e+01
   8.8230695e-01   7.2705043e+00   8.4983255e+01
   9.0724403e-01   7.3706528e+00   8.7260245e+01
   9.0731308e-01   7.2694293e+00   8.7122857e+01
   9.1223530e-01   7.1865985e+00   8.7587650e+01
   9.2549610e-01   7.1675243e+00   8.8220312e+01
   9.4563000e-01   7.2124367e+00   9.0488925e+01
   9.6581592e-01   7.2409368e+00   9.1981992e+01
   9.6818903e-01   7.1359340e+00   9.1817600e+01
   9.8257642e-01   7.0963680e+00   9.2699515e+01
   1.0091943e+00   7.1444597e+00   9.4707300e+01
   1.0494101e+00   7.2927118e+00   9.8041370e+01
   1.0741802e+00   7.3216090e+00   9.9882703e+01
   1.0792720e+00   7.2214745e+00   9.9919053e+01
   1.0772980e+00   7.0772200e+00   9.9436477e+01
   1.0848810e+00   7.0022540e+00   9.9964002e+01
   1.0854672e+00   6.8769850e+00   9.9598015e+01
   1.0981230e+00   6.8208432e+00   1.0044562e+02
   1.1383488e+00   6.9515520e+00   1.0397648e+02
   1.1833665e+00   7.1303092e+00   1.0751668e+02
   1.1880393e+00   7.0714410e+00   1.0765260e+02
   1.1636017e+00   6.8256900e+00   1.0507278e+02
   1.1326612e+00   6.5345717e+00   1.0210215e+02
   1.1189520e+00   6.3438208e+00   1.0055328e+02
   1.1160558e+00   6.2164073e+00   9.9721928e+01
   1.1229123e+00   6.1387648e+00   9.9760923e+01
   1.1377228e+00   6.1052870e+00   1.0058482e+02
   1.1529617e+00   6.0655603e+00   1.0131180e+02
   1.1675460e+00   6.0211547e+00   1.0190305e+02
   1.1816772e+00   5.9717190e+00   1.0257052e+02
   1.1964370e+00   5.9353818e+00   1.0313350e+02
   1.1910063e+00   5.8011848e+00   1.0205288e+02
   1.1524780e+00   5.5048047e+00   9.8067248e+01
   1.1137152e+00   5.2049037e+00   9.4180225e+01
   1.1573243e+00   5.2863923e+00   9.6715990e+01
   1.2925223e+00   5.8082067e+00   1.0728545e+02
   1.3629815e+00   6.0568415e+00   1.1305365e+02
   1.3299440e+00   5.8381580e+00   1.1022150e+02
   1.2722347e+00   5.5007948e+00   1.0497628e+02
   1.2399107e+00   5.2727437e+00   1.0178673e+02
   1.2431595e+00   5.2057005e+00   1.0177770e+02
   1.2554340e+00   5.1778368e+00   1.0255343e+02
   1.2525380e+00   5.0858313e+00   1.0201920e+02
   1.2345730e+00   4.9365953e+00   1.0010399e+02
   1.2120222e+00   4.7725718e+00   9.7938082e+01
   1.2018450e+00   4.6569033e+00   9.6775555e+01
   1.2095110e+00   4.6141128e+00   9.7116765e+01
   1.2356180e+00   4.6417937e+00   9.8799520e+01
   1.2479910e+00   4.6304698e+00   9.9761005e+01
   1.2555075e+00   4.6010258e+00   1.0033827e+02
   1.2598510e+00   4.5743910e+00   1.0091228e+02
   1.2587277e+00   4.5293232e+00   1.0101642e+02
   1.2468450e+00   4.4408533e+00   1.0022843e+02
   1.2254825e+00   4.3109197e+00   9.8354510e+01
   1.1926138e+00   4.1337548e+00   9.5399860e+01
   1.1747600e+00   4.0058278e+00   9.3510950e+01
   1.1891425e+00   3.9856787e+00   9.4266565e+01
   1.2242468e+00   4.0370575e+00   9.6649423e+01
   1.2468432e+00   4.0499465e+00   9.8041432e+01
   1.2638947e+00   4.0434713e+00   9.8974087e+01
   1.2608257e+00   3.9807660e+00   9.8340407e+01
   1.2567082e+00   3.9119170e+00   9.7596540e+01
   1.2651560e+00   3.8852422e+00   9.7973615e+01
   1.2913752e+00   3.9133283e+00   9.9878655e+01
   1.2897508e+00   3.8594073e+00   9.9536213e+01
   1.2799650e+00   3.7829597e+00   9.8669340e+01
   1.2801563e+00   3.7345287e+00   9.8320882e+01
   1.2849300e+00   3.7058188e+00   9.8678340e+01
   1.2844805e+00   3.6594863e+00   9.8434917e+01
   1.2709818e+00   3.5795560e+00   9.7224260e+01
   1.2616882e+00   3.5124862e+00   9.6474263e+01
   1.2613792e+00   3.4734077e+00   9.6426030e+01
   1.2650270e+00   3.4463805e+00   9.6782657e+01
   1.2562727e+00   3.3923450e+00   9.6253765e+01
   1.2335882e+00   3.3034587e+00   9.4738685e+01
   1.2244472e+00   3.2487110e+00   9.4234930e+01
   1.2568010e+00   3.3066357e+00   9.7037437e+01
   1.3185468e+00   3.4378183e+00   1.0209723e+02
   1.3612730e+00   3.5080970e+00   1.0528868e+02
   1.3535138e+00   3.4534040e+00   1.0464780e+02
   1.3184318e+00   3.3262812e+00   1.0185458e+02
   1.2772600e+00   3.1866310e+00   9.8532243e+01
   1.2530595e+00   3.0941212e+00   9.6596852e+01
   1.2417740e+00   3.0335622e+00   9.5779867e+01
   1.2375197e+00   2.9958000e+00   9.5685082e+01
   1.2284940e+00   2.9487868e+00   9.5091922e+01
   1.2137807e+00   2.8933010e+00   9.4356925e+01
   1.1984737e+00   2.8402310e+00   9.3507875e+01
   1.1797857e+00   2.7855192e+00   9.2730075e+01
   1.1573168e+00   2.7244682e+00   9.1817647e+01
   1.1444665e+00   2.6895088e+00   9.1666000e+01
   1.1343460e+00   2.6717225e+00   9.2041567e+01
   1.1208252e+00   2.6468678e+00   9.2303387e+01
   1.0993563e+00   2.6143478e+00   9.2062287e+01
   1.0751187e+00   2.5821430e+00   9.1793257e+01
   1.0547738e+00   2.5709658e+00   9.2315425e+01
   1.0397055e+00   2.5815835e+00   9.3407912e+01
   1.0235274e+00   2.5975703e+00   9.4775615e+01
   9.9814800e-01   2.5928097e+00   9.5409525e+01
   9.6020748e-01   2.5571583e+00   9.4978307e+01
   9.1287005e-01   2.4922012e+00   9.3669730e+01
   8.5581725e-01   2.3994600e+00   9.1143120e+01
   8.0799335e-01   2.3277708e+00   8.9396928e+01
   7.7427023e-01   2.2987360e+00   8.9186145e+01
   7.5222565e-01   2.2990312e+00   9.0198140e+01
   7.2528775e-01   2.2962230e+00   9.0812188e+01
   6.9586075e-01   2.2924457e+00   9.1498475e+01
   6.6439305e-01   2.2873202e+00   9.2044415e+01
   6.2966802e-01   2.2684187e+00   9.2135778e+01
   5.9428497e-01   2.2388230e+00   9.1674415e+01
   5.6645435e-01   2.2133960e+00   9.1292867e+01
   5.4619560e-01   2.1919155e+00   9.1125902e+01
   5.3231880e-01   2.1718848e+00   9.1099807e+01
   5.1901058e-01   2.1417713e+00   9.0584197e+01
   5.0806807e-01   2.1049927e+00   8.9655173e+01
   4.9702580e-01   2.0710335e+00   8.8708963e+01
   4.8721348e-01   2.0391852e+00   8.8115515e+01
   4.8063733e-01   2.0209023e+00   8.8139172e+01
   4.7677397e-01   2.0147977e+00   8.8561023e+01
   4.7216408e-01   2.0045712e+00   8.8885658e+01
   4.6857417e-01   1.9988277e+00   8.9289880e+01
   4.6655225e-01   1.9943880e+00   8.9630787e+01
   4.6461188e-01   1.9966850e+00   9.0284715e+01
   4.6386800e-01   1.9936947e+00   9.0182125e+01
   4.5876288e-01   1.9719587e+00   8.9426685e+01
   4.5238830e-01   1.9402670e+00   8.8269745e+01
   4.4531938e-01   1.9045910e+00   8.7326787e+01
   4.3720380e-01   1.8711720e+00   8.6519447e+01
   4.2945668e-01   1.8349862e+00   8.5792595e+01
   4.2282845e-01   1.8038300e+00   8.5504485e+01
   4.1940760e-01   1.7844822e+00   8.5729833e+01
   4.1767437e-01   1.7753375e+00   8.6404870e+01
   4.1792985e-01   1.7719225e+00   8.7250650e+01
   4.1595505e-01   1.7642703e+00   8.7874725e+01
   4.1383500e-01   1.7572432e+00   8.8489690e+01
   4.1101542e-01   1.7418660e+00   8.8596293e+01
   4.0467200e-01   1.7142630e+00   8.8140085e+01
   3.9804023e-01   1.6900908e+00   8.7566267e+01
   3.9331463e-01   1.6720238e+00   8.7283092e+01
   3.8694648e-01   1.6464907e+00   8.6701180e+01
   3.7745988e-01   1.6097163e+00   8.5466538e+01
   3.6840500e-01   1.5715093e+00   8.4281112e+01
   3.6248160e-01   1.5525887e+00   8.3818668e+01
   3.6137475e-01   1.5556420e+00   8.4516967e+01
   3.6249628e-01   1.5719553e+00   8.5717213e+01
   3.5782792e-01   1.5629893e+00   8.5698585e+01
   3.4204275e-01   1.5103480e+00   8.3011800e+01
   3.2722480e-01   1.4654872e+00   8.0813770e+01
   3.2258863e-01   1.4602693e+00   8.1142642e+01
   3.2574300e-01   1.4976970e+00   8.3855815e+01
   3.2632052e-01   1.5155300e+00   8.5352328e+01
   3.2553080e-01   1.5144975e+00   8.5802993e+01
   3.2187525e-01   1.5035080e+00   8.5742355e+01
   3.1545835e-01   1.4810250e+00   8.5338515e+01
   3.0882275e-01   1.4550828e+00   8.5117535e+01
   3.0738488e-01   1.4399968e+00   8.4953123e+01
   3.0617363e-01   1.4286850e+00   8.4784645e+01
   3.0556017e-01   1.4143218e+00   8.4474558e+01
   3.0563730e-01   1.4009030e+00   8.4366978e+01
   3.0668823e-01   1.3951463e+00   8.4412312e+01
   3.0700998e-01   1.3853903e+00   8.4484050e+01
   3.0731250e-01   1.3751833e+00   8.4519805e+01
   3.0753938e-01   1.3652075e+00   8.4514408e+01
   3.0662502e-01   1.3535172e+00   8.4409280e+01
   3.0439780e-01   1.3409047e+00   8.4171950e+01
   2.9975775e-01   1.3179218e+00   8.3375872e+01
   2.8828795e-01   1.2668858e+00   8.0775030e+01
   2.6573330e-01   1.1637842e+00   7.4826555e+01
   2.4562222e-01   1.0738302e+00   6.9894708e+01
   2.3699528e-01   1.0525278e+00   6.9341010e+01
   2.4059010e-01   1.0876663e+00   7.2087538e+01
   2.4304248e-01   1.1154473e+00   7.4229120e+01
   2.3884615e-01   1.1230998e+00   7.5194753e+01
   2.3542057e-01   1.1249002e+00   7.5847650e+01
   2.3289285e-01   1.1318652e+00   7.6780762e+01
   2.2714658e-01   1.1289418e+00   7.7252148e+01
   2.2180240e-01   1.1195608e+00   7.7010795e+01
   2.1598123e-01   1.1140303e+00   7.7120833e+01
   2.1269160e-01   1.1203742e+00   7.7966375e+01
   2.0869050e-01   1.1287960e+00   7.8868903e+01
   2.0395245e-01   1.1290727e+00   7.9283887e+01
   1.9845377e-01   1.1178467e+00   7.8980325e+01
   1.9154000e-01   1.1045067e+00   7.8564125e+01
   1.8404945e-01   1.0888333e+00   7.8035235e+01
   1.7741427e-01   1.0759447e+00   7.7423320e+01
   1.6913435e-01   1.0550352e+00   7.6448375e+01
   1.5992595e-01   1.0243738e+00   7.4785587e+01
   1.4687538e-01   9.6415055e-01   7.0793487e+01
   1.3080622e-01   8.8368610e-01   6.5262600e+01
   1.1843455e-01   8.1973580e-01   6.1023925e+01
   1.1588980e-01   8.2275787e-01   6.1476585e+01
   1.1589145e-01   8.4656080e-01   6.3689307e+01
   1.1481497e-01   8.5210417e-01   6.4432900e+01
   1.0992200e-01   8.2981947e-01   6.3151620e+01
   1.0570221e-01   8.1732700e-01   6.2556393e+01
   1.0231813e-01   8.1493533e-01   6.2730338e+01
   1.0156034e-01   8.1542885e-01   6.3235167e+01
   1.0170050e-01   8.2929333e-01   6.4450603e+01
   1.0210770e-01   8.5345800e-01   6.6627870e+01
   1.0329304e-01   8.7595320e-01   6.8747575e+01
   1.0396482e-01   8.8658387e-01   6.9877463e+01
   1.0283892e-01   8.8571857e-01   7.0153645e+01
   1.0280025e-01   8.8350570e-01   7.0406445e+01
   1.0275640e-01   8.8715640e-01   7.0852463e+01
   1.0179840e-01   8.9232660e-01   7.1479165e+01
   1.0176184e-01   8.9886280e-01   7.2280317e+01
   1.0460839e-01   9.0267613e-01   7.2876080e+01
   1.0254937e-01   8.9991225e-01   7.3084995e+01
   1.0257162e-01   8.9498955e-01   7.2821843e+01
   1.0191751e-01   8.8341875e-01   7.2358685e+01
   1.0069560e-01   8.7183200e-01   7.1664790e+01
   9.9899400e-02   8.5851360e-01   7.1066965e+01
   1.0001030e-01   8.4853543e-01   7.0739223e+01
   9.8478475e-02   8.3988510e-01   7.0592242e+01
   9.6024800e-02   8.2393693e-01   6.9813340e+01
   9.1081538e-02   7.8052095e-01   6.6772932e+01
   7.5940200e-02   6.4305640e-01   5.5329373e+01
   5.5080562e-02   4.7175200e-01   4.0706148e+01
   4.1350725e-02   3.5236305e-01   3.0492620e+01
   4.1013000e-02   3.5949667e-01   3.1380110e+01
   4.9340375e-02   4.2804697e-01   3.7817373e+01
   6.2399275e-02   5.3491943e-01   4.7502787e+01
   7.4247225e-02   6.4118600e-01   5.7171675e+01
   8.3102475e-02   7.1728130e-01   6.3915643e+01
   8.8981750e-02   7.5261247e-01   6.7140520e+01
   8.8690800e-02   7.6507013e-01   6.8360893e+01
   8.9979738e-02   7.6656188e-01   6.8625725e+01
   8.9701000e-02   7.6306533e-01   6.8543575e+01
   8.8310250e-02   7.5730725e-01   6.8135742e+01
   8.8328437e-02   7.4986558e-01   6.7933350e+01
   8.7766875e-02   7.4203410e-01   6.7742005e+01
   8.6786775e-02   7.3658795e-01   6.7731695e+01
   8.6807000e-02   7.3097608e-01   6.7404753e+01
   8.5837500e-02   7.2240000e-01   6.7028610e+01
   8.6543825e-02   7.1366642e-01   6.6548407e+01
   8.4752150e-02   7.0486453e-01   6.6016532e+01
   8.3830375e-02   6.9229683e-01   6.5233193e+01
   8.1757800e-02   6.7951530e-01   6.4437922e+01
   8.0359963e-02   6.6798187e-01   6.3624752e+01
   8.1336150e-02   6.5979450e-01   6.3111795e+01
   7.9771500e-02   6.5146725e-01   6.2776233e+01
   8.0755950e-02   6.4935845e-01   6.2594172e+01
   8.0445575e-02   6.4668870e-01   6.2720327e+01
   8.1522637e-02   6.4166205e-01   6.2726235e+01
   8.0831400e-02   6.3913200e-01   6.2577622e+01
   7.9681338e-02   6.2874500e-01   6.2166830e+01
   7.8911700e-02   6.1872067e-01   6.1665737e+01
   7.9468275e-02   6.1121580e-01   6.1226157e+01
   7.9931850e-02   6.0522350e-01   6.0801018e+01
   7.9500938e-02   5.9784705e-01   6.0598398e+01
   8.1095000e-02   6.0106842e-01   6.0943455e+01
   7.8523000e-02   6.0156267e-01   6.1293730e+01
   7.7277450e-02   5.9186140e-01   6.0411672e+01
   7.4076750e-02   5.6627560e-01   5.8321760e+01
   6.9523313e-02   5.3625150e-01   5.5635818e+01
   6.5829800e-02   5.0642880e-01   5.2622075e+01
   6.1896775e-02   4.8237137e-01   5.0532342e+01
   6.0896850e-02   4.7636180e-01   4.9834170e+01
   6.1438000e-02   4.8382425e-01   5.0851812e+01
   6.1175625e-02   4.8664000e-01   5.1517805e+01
   6.3849625e-02   4.8367328e-01   5.1350693e+01
   6.1064325e-02   4.8415640e-01   5.1529542e+01
   6.2532750e-02   4.9371095e-01   5.2704370e+01
   6.1926800e-02   4.9898710e-01   5.3868285e+01
   6.0710400e-02   4.9421440e-01   5.3591255e+01
   5.9767350e-02   4.8943810e-01   5.3207215e+01
   5.7096000e-02   4.8828975e-01   5.3386747e+01
   5.8954500e-02   4.9069200e-01   5.3792685e+01
   5.8496200e-02   4.9363630e-01   5.4453500e+01
   6.0219600e-02   5.0093120e-01   5.5359727e+01
   5.8792500e-02   5.0873100e-01   5.6483305e+01
   6.0267150e-02   5.0999940e-01   5.7207900e+01
   6.0563213e-02   5.1122030e-01   5.7800933e+01
   6.1755900e-02   5.1685248e-01   5.8221813e+01
   5.9743537e-02   5.1426595e-01   5.8301315e+01
   6.1547650e-02   5.1349463e-01   5.8259710e+01
   6.2120025e-02   5.1043440e-01   5.8150188e+01
   5.9506050e-02   5.0387710e-01   5.7978943e+01
   5.7853337e-02   4.9636487e-01   5.7339855e+01
   5.9043300e-02   4.8777480e-01   5.6261905e+01
   5.5800800e-02   4.7624640e-01   5.5378950e+01
   5.3047075e-02   4.6404920e-01   5.4419310e+01
   5.3880125e-02   4.5856287e-01   5.3404997e+01
   5.4708300e-02   4.4914080e-01   5.3027850e+01
   5.4922387e-02   4.5431550e-01   5.3686748e+01
   5.4505687e-02   4.6848560e-01   5.5183035e+01
   5.5949700e-02   4.7074920e-01   5.5734382e+01
   5.6075175e-02   4.6674658e-01   5.5587747e+01
   5.4919500e-02   4.5900200e-01   5.5388332e+01
   5.4087350e-02   4.5574868e-01   5.4847673e+01
   5.2280375e-02   4.4023117e-01   5.3519428e+01
   5.1619425e-02   4.3244805e-01   5.2274015e+01
   5.0639600e-02   4.2025903e-01   5.1672835e+01
   5.1284800e-02   4.2595947e-01   5.2507883e+01
   5.0228237e-02   4.2957483e-01   5.3316543e+01
   5.2418438e-02   4.3758000e-01   5.3897982e+01
   5.3628750e-02   4.3328625e-01   5.4115835e+01
   5.1933000e-02   4.3796830e-01   5.4234257e+01
   5.1353375e-02   4.3442770e-01   5.4356657e+01
   5.2235050e-02   4.3192680e-01   5.4338707e+01
   4.7493000e-02   4.2538483e-01   5.4075982e+01
   5.1946550e-02   4.2848567e-01   5.3827745e+01
   5.1356112e-02   4.2377977e-01   5.3490630e+01
   5.1167600e-02   4.1757467e-01   5.3450778e+01
   4.9855600e-02   4.1766933e-01   5.3313330e+01
   4.8308663e-02   4.1499862e-01   5.2969940e+01
   4.7954288e-02   4.0691165e-01   5.2578572e+01
   4.7417050e-02   4.0178933e-01   5.2233460e+01
   4.7824063e-02   4.0305675e-01   5.1880648e+01
   4.3215112e-02   3.9080195e-01   5.1046033e+01
   4.2247975e-02   3.8286757e-01   4.9600028e+01
   4.2445200e-02   3.6268587e-01   4.7407350e+01
   3.8581175e-02   3.3452420e-01   4.4610223e+01
   3.8704875e-02   3.1964753e-01   4.1894723e+01
   3.4146612e-02   2.9705165e-01   3.9562855e+01
   3.4084750e-02   2.8144265e-01   3.8297635e+01
   3.3095388e-02   2.7504838e-01   3.7960880e+01
   3.2561600e-02   2.9459072e-01   3.9244385e+01
   3.3951125e-02   3.0176887e-01   4.0774250e+01
   3.7832062e-02   3.0864173e-01   4.1640255e+01
   3.4454687e-02   3.0096583e-01   4.0737100e+01
   3.0136550e-02   2.8177853e-01   3.8927772e+01
   3.3457612e-02   2.7399740e-01   3.7725082e+01
   2.7919025e-02   2.7289758e-01   3.7574250e+01
   3.1919438e-02   2.7424223e-01   3.7490490e+01
   3.3815850e-02   2.7519485e-01   3.7441338e+01
   3.0844800e-02   2.6804028e-01   3.6999960e+01
   3.2258675e-02   2.6692440e-01   3.7183795e+01
   3.0244450e-02   2.6421367e-01   3.7699568e+01
   3.3750950e-02   2.8258915e-01   3.8951755e+01
   3.4443000e-02   2.8777043e-01   4.0150708e+01
   3.1717125e-02   2.9172412e-01   4.0530975e+01
   3.3871500e-02   2.8295347e-01   3.9935840e+01
   3.1146363e-02   2.6964025e-01   3.9005640e+01
   2.9270000e-02   2.6084143e-01   3.7628505e+01
   2.5921500e-02   2.4570892e-01   3.5510035e+01
   2.4600163e-02   2.1906453e-01   3.2109747e+01
   2.1786850e-02   1.8609063e-01   2.7126857e+01
   1.7724337e-02   1.5657297e-01   2.2258045e+01
   1.2424538e-02   1.2536167e-01   1.8009352e+01
   1.0712625e-02   1.1417472e-01   1.5259980e+01
   1.2673100e-02   1.0468578e-01   1.4322612e+01
   1.0318687e-02   1.0484789e-01   1.4879535e+01
   1.7724700e-02   1.2054817e-01   1.6619923e+01
   1.3456800e-02   1.3269555e-01   1.8718235e+01
   1.4644125e-02   1.4322395e-01   2.0536965e+01
   1.0944862e-02   1.4488035e-01   2.0229183e+01
   1.6244400e-02   1.2999705e-01   1.9077240e+01
   1.4191125e-02   1.2903873e-01   1.8069527e+01
   1.7053800e-02   1.2395052e-01   1.8035885e+01
   1.6407563e-02   1.3078245e-01   1.8630235e+01
   1.3099625e-02   1.3701995e-01   1.9310650e+01
   1.3833450e-02   1.4279167e-01   1.9958697e+01
   1.5727000e-02   1.3826403e-01   2.0081072e+01
   1.9661250e-02   1.3847390e-01   2.0767052e+01
   1.4316312e-02   1.3704827e-01   2.0771928e+01
   1.4981400e-02   1.4658855e-01   2.1662515e+01
   1.9046812e-02   1.4649575e-01   2.2264733e+01
   1.2915375e-02   1.4627398e-01   2.2864068e+01
   1.7524000e-02   1.5360390e-01   2.3884418e+01
   2.1041900e-02   1.5817523e-01   2.4391517e+01
   1.8783125e-02   1.7201650e-01   2.5880398e+01
   1.4083125e-02   1.8062008e-01   2.7166348e+01
   2.2134050e-02   1.8037663e-01   2.8278357e+01
   2.6792100e-02   1.9958442e-01   2.9708415e+01
   1.5842550e-02   2.0510510e-01   3.1699192e+01
   2.5334400e-02   2.1360317e-01   3.3484560e+01
   2.5334400e-02   2.1360317e-01   3.3484560e+01
   1.8518100e-02   2.2754323e-01   3.4935177e+01
   2.3631825e-02   2.2204423e-01   3.5044880e+01
   2.6032160e-02   2.2380673e-01   3.4375185e+01
   2.6232188e-02   2.2395360e-01   3.4319378e+01
   1.8725163e-02   2.1708062e-01   3.3498095e+01
   2.3112975e-02   1.9691562e-01   3.3001947e+01
   2.3283115e-02   2.1590070e-01   3.3333320e+01
   2.3314050e-02   2.1935257e-01   3.3393567e+01
   2.9615300e-02   2.1555267e-01   3.4158722e+01
   3.9736125e-02   2.1500393e-01   3.4852215e+01
   2.6328510e-02   2.1572908e-01   3.5698273e+01
   2.3890762e-02   2.1586093e-01   3.5852105e+01
   2.6329625e-02   2.1291785e-01   3.6587485e+01
   2.0336550e-02   2.2964447e-01   3.7556445e+01
   3.2283165e-02   2.3871992e-01   3.7843263e+01
   3.5867150e-02   2.4144257e-01   3.7929310e+01
   2.8079700e-02   2.2536717e-01   3.8520900e+01
   3.0984625e-02   2.5948855e-01   3.8971220e+01
   2.4943252e-02   2.5853957e-01   3.8869285e+01
   2.2258200e-02   2.5811777e-01   3.8823985e+01
   2.3397300e-02   2.4134968e-01   3.9113312e+01
   3.1678125e-02   2.2741508e-01   3.8700362e+01
   2.8463655e-02   2.3767027e-01   3.8740125e+01
   2.7035000e-02   2.4222813e-01   3.8757793e+01
   3.3221313e-02   2.3362920e-01   3.8539748e+01
   3.4214600e-02   2.3340588e-01   3.8655565e+01
   3.5207855e-02   2.3045345e-01   3.8275780e+01
   3.5467122e-02   2.2834995e-01   3.8066370e+01
   2.8085468e-02   2.2290972e-01   3.7489207e+01
   3.1048006e-02   2.1307465e-01   3.7282145e+01
   2.8902043e-02   2.2079792e-01   3.7092598e+01
   2.7826565e-02   2.2451097e-01   3.6987248e+01
   2.3783387e-02   2.1144422e-01   3.6846115e+01
   2.9035577e-02   1.9770460e-01   3.6917393e+01
   3.0049853e-02   2.0196605e-01   3.7133888e+01
   2.8692340e-02   2.0347890e-01   3.7287205e+01
   2.4835710e-02   2.0297212e-01   3.7465595e+01
   2.2316490e-02   2.0526323e-01   3.7634623e+01
   2.0766200e-02   2.0667313e-01   3.7738642e+01
   2.0613275e-02   2.0694358e-01   3.7794103e+01
   2.0215665e-02   2.0764678e-01   3.7938295e+01
   1.9818057e-02   2.0834992e-01   3.8082493e+01
   1.9573375e-02   2.0878267e-01   3.8171225e+01
   2.0231222e-02   2.0914633e-01   3.8203005e+01
   2.1656555e-02   2.0993427e-01   3.8271862e+01
   2.3081888e-02   2.1072218e-01   3.8340717e+01
   2.3849375e-02   2.1114647e-01   3.8377795e+01
   2.4032358e-02   2.1110578e-01   3.8389022e+01
   2.4428813e-02   2.1101760e-01   3.8413350e+01
   2.4825273e-02   2.1092942e-01   3.8437677e+01
   2.5038750e-02   2.1088192e-01   3.8450775e+01
   2.5192748e-02   2.1056605e-01   3.8447830e+01
   2.5526415e-02   2.0988158e-01   3.8441447e+01
   2.5860082e-02   2.0919713e-01   3.8435068e+01
   2.6039750e-02   2.0882858e-01   3.8431630e+01
   2.6805297e-02   2.0852728e-01   3.8411113e+01
   2.8227025e-02   2.0796777e-01   3.8373005e+01
   2.9648755e-02   2.0740820e-01   3.8334900e+01
   3.0414300e-02   2.0710690e-01   3.8314385e+01
   3.0343122e-02   2.0639258e-01   3.8288075e+01
   3.0188905e-02   2.0484488e-01   3.8231077e+01
   3.0034688e-02   2.0329723e-01   3.8174078e+01
   2.9951650e-02   2.0246387e-01   3.8143385e+01
   2.9580898e-02   2.0204383e-01   3.8116322e+01
   2.7541750e-02   1.9973367e-01   3.7967467e+01
   2.6003000e-02   1.9762280e-01   3.7761185e+01
   2.6063700e-02   1.9621940e-01   3.7513292e+01
   2.4305775e-02   1.9444620e-01   3.7231000e+01
   2.1966300e-02   1.9200173e-01   3.6894482e+01
   2.5135950e-02   1.8871912e-01   3.6473337e+01
   2.7580775e-02   1.8348062e-01   3.5964033e+01
   2.9285475e-02   1.7954102e-01   3.5467125e+01
   2.6435150e-02   1.7810917e-01   3.4924477e+01
   2.3187150e-02   1.7555985e-01   3.4440782e+01
   2.4400125e-02   1.7098162e-01   3.4103498e+01
   2.7125625e-02   1.6700875e-01   3.3742550e+01
   2.4625650e-02   1.6242450e-01   3.3227605e+01
   2.1834750e-02   1.6046808e-01   3.2711845e+01
   2.1550200e-02   1.5906100e-01   3.2126038e+01
   2.3332350e-02   1.5825420e-01   3.1319168e+01
   2.6165100e-02   1.5866785e-01   3.0338890e+01
   2.6238975e-02   1.5809395e-01   2.9209262e+01
   2.4808950e-02   1.5242100e-01   2.7914670e+01
   2.3535925e-02   1.4185598e-01   2.6093953e+01
   2.1461625e-02   1.2431845e-01   2.3015687e+01
   1.6654750e-02   9.8659567e-02   1.9001045e+01
   9.9177750e-03   7.6508550e-02   1.5340690e+01
   8.8511500e-03   6.6461267e-02   1.2898655e+01
   6.9138750e-03   6.1149383e-02   1.1794760e+01
   5.4837000e-03   5.5750950e-02   1.1332790e+01
   5.8652750e-03   5.4742567e-02   1.1539605e+01
   3.5482000e-03   5.5292783e-02   1.2090248e+01
   4.8177250e-03   5.2848983e-02   1.1709390e+01
   5.6530500e-03   5.0152700e-02   1.1199042e+01
   5.6286750e-03   5.0225100e-02   1.1667323e+01
   6.8780000e-03   5.7316667e-02   1.3134358e+01
   8.9223750e-03   6.4864250e-02   1.5215155e+01
   9.6703500e-03   7.0355300e-02   1.7363153e+01
   1.1250225e-02   7.9446033e-02   1.9199233e+01
   1.4051350e-02   8.5685683e-02   2.0496988e+01
   1.1510100e-02   8.7970050e-02   2.1289870e+01
   1.0583950e-02   8.9827883e-02   2.1667750e+01
   1.3223100e-02   9.0825333e-02   2.1842508e+01
   1.3431700e-02   9.4285267e-02   2.2123198e+01
   1.4454050e-02   9.7402067e-02   2.2743195e+01
   1.6543175e-02   1.0156740e-01   2.3278862e+01
   1.6369025e-02   1.0430495e-01   2.3249020e+01
   1.5926400e-02   1.0187840e-01   2.3019523e+01
   1.8051600e-02   9.9283800e-02   2.3002602e+01
   1.6836750e-02   9.9274467e-02   2.3154487e+01
   1.7449925e-02   1.0296693e-01   2.3425735e+01
   1.6883150e-02   1.0668193e-01   2.3739548e+01
   1.5323700e-02   1.0799560e-01   2.4000723e+01
   1.6285500e-02   1.1001760e-01   2.4194880e+01
   1.6840100e-02   1.0868433e-01   2.4361182e+01
   1.7688750e-02   1.0636835e-01   2.4469243e+01
   1.7769675e-02   1.0406293e-01   2.4523250e+01
   1.5474375e-02   1.0064075e-01   2.4457303e+01
   1.4624300e-02   9.6588400e-02   2.4278920e+01
   1.3439000e-02   9.2729100e-02   2.4037462e+01
   1.4893875e-02   9.0025200e-02   2.3719340e+01
   1.4423200e-02   8.8724533e-02   2.3240932e+01
   1.1358375e-02   8.4809200e-02   2.2385980e+01
   1.1197375e-02   7.9554683e-02   2.1213840e+01
   1.2398100e-02   7.5024400e-02   2.0166755e+01
   1.2889375e-02   7.3773333e-02   1.9873597e+01
   1.1417275e-02   7.6526600e-02   2.0312638e+01
   1.0026225e-02   7.8184300e-02   2.0715710e+01
   1.2234400e-02   7.8976533e-02   2.0934300e+01
   1.4024400e-02   7.8497683e-02   2.1152095e+01
   1.4260000e-02   7.8144800e-02   2.1279858e+01
   1.4851925e-02   7.9210267e-02   2.1192735e+01
   1.3585250e-02   7.8554167e-02   2.0884588e+01
   1.1786300e-02   7.8209867e-02   2.0423098e+01
   1.1143800e-02   7.5560400e-02   1.9809185e+01
   1.1814000e-02   7.2495000e-02   1.9031038e+01
   1.1699600e-02   6.8956733e-02   1.8195293e+01
   9.2881250e-03   6.3336167e-02   1.7408550e+01
   8.9896000e-03   5.9578133e-02   1.6683210e+01
   9.2093750e-03   5.5607083e-02   1.5920637e+01
   8.1258750e-03   4.9978500e-02   1.4668620e+01
   7.3157000e-03   4.4939300e-02   1.3142805e+01
   6.5150000e-03   4.2564667e-02   1.2157525e+01
   5.4379500e-03   3.9015133e-02   1.1511847e+01
   4.6039500e-03   3.4444367e-02   1.0292610e+01
   4.5706500e-03   2.6408200e-02   8.1801935e+00
   3.0465000e-03   1.8448250e-02   5.8864242e+00
   1.7844750e-03   1.3765950e-02   4.1947465e+00
   1.0307000e-03   9.2763000e-03   3.1672960e+00
   7.7925000e-04   7.0998333e-03   2.5093570e+00
   1.0399000e-03   6.2394000e-03   2.0377045e+00
  -5.2395000e-04   5.2395000e-03   1.6655792e+00
   1.0547000e-03   3.3398833e-03   1.3543280e+00
   7.9582500e-04   2.6527500e-03   1.1063797e+00
  -8.0565000e-04   2.6855000e-03   9.2953965e-01
   5.4215000e-04   2.5300333e-03   8.1014570e-01
   1.3667500e-03   2.9157333e-03   7.5313005e-01
   0.0000000e+00   3.6593333e-03   7.4231437e-01
   2.7415000e-04   2.7415000e-03   7.5707752e-01
   2.7327500e-04   2.7327500e-03   7.9049655e-01
  -2.7092500e-04   3.6123333e-03   8.0949128e-01
   2.6867500e-04   4.2988000e-03   8.1056815e-01
   5.3555000e-04   4.1058833e-03   8.6093833e-01
   5.3350000e-04   3.7345000e-03   9.7337380e-01
   2.6315000e-04   4.0349667e-03   1.0833755e+00
   0.0000000e+00   4.6876500e-03   1.2462492e+00
   5.2100000e-04   5.0363333e-03   1.5030120e+00
   1.8205250e-03   5.8950333e-03   1.7032673e+00
   1.2947500e-03   6.5600667e-03   1.8183925e+00
   2.5827500e-04   5.3376833e-03   1.9006257e+00
   0.0000000e+00   4.6341000e-03   2.0181750e+00
   2.5592500e-04   5.2891167e-03   2.2835623e+00
   1.0208000e-03   7.1456000e-03   2.6360208e+00
   1.0221000e-03   9.1989000e-03   3.1332088e+00
   1.0220000e-03   1.1412333e-02   3.9452058e+00
   1.2750000e-03   1.4110000e-02   4.6709950e+00
   1.2730000e-03   1.4427333e-02   4.8956590e+00
   1.5300000e-03   1.2920000e-02   4.6154848e+00
   2.5517500e-03   1.1908167e-02   4.2378757e+00
   1.5255000e-03   1.1526000e-02   4.3415835e+00
   7.6267500e-04   1.3050217e-02   4.7263983e+00
   1.7837750e-03   1.4100317e-02   5.1512483e+00
   1.7820250e-03   1.5613933e-02   5.6554075e+00
   2.0302000e-03   1.7425883e-02   6.4009173e+00
   3.2968000e-03   2.0118933e-02   7.4332147e+00
   2.7967500e-03   2.3052000e-02   8.5032763e+00
   4.0752000e-03   2.4790800e-02   9.3993207e+00
   4.0768000e-03   2.6669067e-02   1.0002256e+01
   4.0776000e-03   2.8373300e-02   1.0562105e+01
   5.3460750e-03   2.9870133e-02   1.1267203e+01
   6.1038000e-03   3.0858100e-02   1.1897080e+01
   4.8369250e-03   3.1737017e-02   1.2320433e+01
   3.0594000e-03   3.2293667e-02   1.2708538e+01
   3.8156250e-03   3.2899167e-02   1.3067892e+01
   4.5634500e-03   3.3296283e-02   1.3330707e+01
   4.2950500e-03   3.3686667e-02   1.3498832e+01
   4.0772000e-03   3.3806783e-02   1.3612588e+01
   4.8269500e-03   3.3195867e-02   1.3701892e+01
   5.0130000e-03   3.3420000e-02   1.3787062e+01
   4.4982000e-03   3.4153000e-02   1.3871110e+01
   3.9728000e-03   3.3437733e-02   1.3879687e+01
   5.4659000e-03   3.2961033e-02   1.3837353e+01
   6.4467000e-03   3.2564100e-02   1.3785748e+01
   5.6695000e-03   3.2702333e-02   1.3705970e+01
   5.1791250e-03   3.3212167e-02   1.3547028e+01
   5.6746750e-03   3.2567700e-02   1.3220543e+01
   3.9520000e-03   3.0792667e-02   1.2774083e+01
   3.7050000e-03   2.9146000e-02   1.2439955e+01
   5.2053750e-03   2.8918750e-02   1.2339555e+01
   6.4304500e-03   2.9184350e-02   1.2458782e+01
   6.8810000e-03   2.9490000e-02   1.2557530e+01
   4.9230000e-03   2.9373900e-02   1.2559255e+01
   5.1728250e-03   2.9559000e-02   1.2539885e+01
   5.1681000e-03   2.8547600e-02   1.2399188e+01
   5.3779000e-03   2.7215433e-02   1.2124190e+01
   4.8920000e-03   2.7395200e-02   1.1875682e+01
   4.4338500e-03   2.6767317e-02   1.1761110e+01
   3.4485500e-03   2.6767317e-02   1.1797840e+01
   4.2053750e-03   2.7541083e-02   1.1917938e+01
   5.2305750e-03   2.7066150e-02   1.1994402e+01
   4.2355500e-03   2.6576000e-02   1.2058143e+01
   3.4916000e-03   2.8099067e-02   1.2117672e+01
   3.2503250e-03   2.9002900e-02   1.2085572e+01
   4.0236000e-03   2.8332850e-02   1.1953072e+01
   5.3166750e-03   2.8018033e-02   1.1755028e+01
   4.0636000e-03   2.6752033e-02   1.1553638e+01
   4.0960000e-03   2.6282667e-02   1.1431497e+01
   5.3970000e-03   2.6042667e-02   1.1384958e+01
   5.1815000e-03   2.5216633e-02   1.1299930e+01
   5.5088250e-03   2.4833433e-02   1.1250780e+01
   4.9594750e-03   2.5406433e-02   1.1280838e+01
   3.1026000e-03   2.5855000e-02   1.1165287e+01
   3.3588750e-03   2.4804000e-02   1.0959095e+01
   4.1676000e-03   2.3442750e-02   1.0863260e+01
   2.6317500e-03   2.3159400e-02   1.0842705e+01
   2.1174000e-03   2.3820750e-02   1.0756645e+01
   2.1334000e-03   2.2756267e-02   1.0640915e+01
   1.0769000e-03   2.2614900e-02   1.0582043e+01
   1.0745000e-03   2.3101750e-02   1.0505215e+01
   2.4034500e-03   2.2788267e-02   1.0396545e+01
   1.8646250e-03   2.1842750e-02   1.0296542e+01
   2.1298000e-03   2.1120517e-02   1.0184945e+01
   2.6810000e-03   2.0733067e-02   1.0072667e+01
   3.2361000e-03   2.0135733e-02   9.9318210e+00
   2.7125000e-03   2.0434167e-02   9.7386935e+00
   2.7412500e-03   1.9737000e-02   9.6084120e+00
   3.3117000e-03   1.9686217e-02   9.5715063e+00
   2.7750000e-03   2.0720000e-02   9.4730230e+00
   2.7942500e-03   1.9932317e-02   9.2171383e+00
   1.9824000e-03   1.8880000e-02   9.0122448e+00
   1.7230500e-03   1.7996300e-02   8.8775475e+00
   2.8937500e-03   1.7941250e-02   8.6727737e+00
   2.6212500e-03   1.7280833e-02   8.4648670e+00
   2.0427750e-03   1.7704050e-02   8.3320375e+00
   1.1706000e-03   1.7363900e-02   8.1729325e+00
   2.0471500e-03   1.6572167e-02   8.0213855e+00
   2.6383500e-03   1.6416400e-02   7.9832270e+00
   2.0564250e-03   1.6255550e-02   7.9067218e+00
   1.1787000e-03   1.5912450e-02   7.7621518e+00
   1.4940000e-03   1.4940000e-02   7.5930545e+00
   2.1127750e-03   1.5896117e-02   7.3253943e+00
   2.4080000e-03   1.3846000e-02   7.0976383e+00
   1.2036000e-03   1.1835400e-02   6.8834843e+00
   0.0000000e+00   1.1746933e-02   6.5033935e+00
   6.0955000e-04   1.1581450e-02   6.0426038e+00
   1.8384000e-03   1.0826133e-02   5.6224443e+00
   6.1950000e-04   9.0860000e-03   5.2835885e+00
   0.0000000e+00   9.1615333e-03   4.9632492e+00
   6.3170000e-04   8.2121000e-03   4.4909275e+00
  -3.1825000e-04   5.5163333e-03   3.9577738e+00
   0.0000000e+00   4.9089667e-03   3.3627632e+00
   9.6667500e-04   3.8667000e-03   2.7118933e+00
   1.2960000e-03   3.4560000e-03   2.2018345e+00
   6.5075000e-04   3.4706667e-03   1.8219538e+00
   3.2437500e-04   1.0812500e-03   1.4692473e+00
   0.0000000e+00   4.3153333e-04   1.1653122e+00
  -1.3093000e-03   2.1821667e-04   9.3052362e-01
  -1.6598750e-03   6.6395000e-04   7.5735000e-01
  -1.3200000e-03   4.4000000e-04   6.1848083e-01
  -6.5135000e-04  -6.5135000e-04   5.0214170e-01
  -6.4955000e-04  -2.1651667e-04   4.1978405e-01
  -6.5110000e-04   0.0000000e+00   3.6019935e-01
  -6.5665000e-04   1.0944167e-03   3.2572180e-01
  -1.3211000e-03   4.4036667e-04   3.0092483e-01
  -1.6332500e-03  -1.3066000e-03   2.8365920e-01
  -3.2472500e-04  -8.6593333e-04   2.6598187e-01
  -3.2592500e-04  -2.1728333e-04   2.4608340e-01
   0.0000000e+00   8.7486667e-04   2.3164157e-01
  -6.5970000e-04  -4.3980000e-04   2.2807720e-01
  -1.3182000e-03  -8.7880000e-04   2.2962165e-01
  -3.3277500e-04  -6.6555000e-04   2.2018040e-01
  -6.7155000e-04  -4.4770000e-04   2.1146740e-01
  -1.0107750e-03  -6.7385000e-04   2.0728305e-01
  -6.7165000e-04  -1.1194167e-03   2.0086470e-01
  -1.0013250e-03  -8.9006667e-04   2.0477738e-01
  -1.3346000e-03  -1.1121667e-03   2.0651638e-01
  -3.3187500e-04  -1.9912500e-03   2.0736807e-01
   3.3057500e-04  -1.5426833e-03   2.0791082e-01
  -3.2830000e-04  -1.0943333e-03   2.0920200e-01
   3.2607500e-04  -1.3043000e-03   2.0113730e-01
   0.0000000e+00  -2.1808333e-03   2.0564685e-01
  -6.6300000e-04  -1.7680000e-03   2.1037188e-01
  -2.9934000e-03  -1.7738667e-03   1.9935685e-01
