   4.1688856e-03
   2.6766022e-03
   2.1695655e-03
   2.5766178e-03
   3.0570433e-03
   3.7483968e-03
   2.7073124e-03
   2.6944886e-03
   2.6150796e-03
   3.1615755e-03
   3.7390569e-03
   3.4662036e-03
   3.2007768e-03
   3.2383769e-03
   3.1550813e-03
   4.4993625e-03
   4.4603974e-03
   4.4391812e-03
   4.7582790e-03
   5.0913967e-03
   5.7988374e-03
   5.5531707e-03
   6.2063862e-03
   6.3680631e-03
   6.6556154e-03
   6.8776900e-03
   6.7386564e-03
   7.2264737e-03
   7.3044596e-03
   7.3209869e-03
   7.4157413e-03
   7.4664395e-03
   7.7967805e-03
   7.4625645e-03
   7.6787140e-03
   7.8917939e-03
   7.6888428e-03
   7.8009556e-03
   7.8021702e-03
   7.7749375e-03
   7.7669210e-03
   8.0981025e-03
   8.2686841e-03
   8.4179890e-03
   8.4207726e-03
   8.3827260e-03
   7.5727569e-03
   7.6555655e-03
   7.7812319e-03
   7.7646099e-03
   8.0271825e-03
   8.1150440e-03
   8.1136530e-03
   8.2103965e-03
   8.3787993e-03
   8.2884641e-03
   8.2785869e-03
   8.3760129e-03
   8.3587165e-03
   8.2818627e-03
   8.4625354e-03
   8.4776373e-03
   8.5018964e-03
   8.6059151e-03
   8.5298887e-03
   8.6005175e-03
   8.6850346e-03
   8.7899769e-03
   8.7478976e-03
   8.7950505e-03
   8.8166366e-03
   8.9478775e-03
   8.9564139e-03
   8.9498588e-03
   8.9477208e-03
   9.0000874e-03
   8.9401587e-03
   8.9448752e-03
   8.9033614e-03
   8.9087037e-03
   8.9131584e-03
   8.9078499e-03
   8.8517647e-03
   8.8210590e-03
   8.7775345e-03
   8.7900171e-03
   8.8064022e-03
   8.8139559e-03
   8.8004484e-03
   8.8011167e-03
   8.8175173e-03
   8.8551394e-03
   8.8566425e-03
   8.8722118e-03
   8.8928820e-03
   8.9703831e-03
   8.9923558e-03
   9.0073382e-03
   8.9787535e-03
   9.0114114e-03
   9.0454730e-03
   9.0691828e-03
   9.1580054e-03
   9.1427682e-03
   9.2087338e-03
   9.2698265e-03
   9.3438423e-03
   9.4184782e-03
   9.4835737e-03
   9.5519909e-03
   9.6159140e-03
   9.6665258e-03
   9.7036735e-03
   9.7658490e-03
   9.8186044e-03
   9.8514351e-03
   9.9184891e-03
   9.9583417e-03
   1.0008635e-02
   1.0043569e-02
   1.0093056e-02
   1.0169113e-02
   1.0246635e-02
   1.0315407e-02
   1.0398236e-02
   1.0488172e-02
   1.0565598e-02
   1.0656816e-02
   1.0738015e-02
   1.0831127e-02
   1.0918805e-02
   1.1069605e-02
   1.1159445e-02
   1.1177232e-02
   1.1197240e-02
   1.1259699e-02
   1.1331715e-02
   1.1375446e-02
   1.1413546e-02
   1.1459720e-02
   1.1523961e-02
   1.1576032e-02
   1.1629533e-02
   1.1674837e-02
   1.1735638e-02
   1.1748419e-02
   1.1760554e-02
   1.1741030e-02
   1.1725123e-02
   1.1713229e-02
   1.1740869e-02
   1.1790424e-02
   1.1860104e-02
   1.1921115e-02
   1.1981696e-02
   1.2039901e-02
   1.2099802e-02
   1.2157021e-02
   1.2219063e-02
   1.2262726e-02
   1.2286731e-02
   1.2321567e-02
   1.2343352e-02
   1.2397123e-02
   1.2405365e-02
   1.2439197e-02
   1.2468737e-02
   1.2480743e-02
   1.2490429e-02
   1.2486675e-02
   1.2473545e-02
   1.2448972e-02
   1.2428049e-02
   1.2392742e-02
   1.2362273e-02
   1.2382407e-02
   1.2392665e-02
   1.2408558e-02
   1.2432351e-02
   1.2446621e-02
   1.2445333e-02
   1.2419674e-02
   1.2410339e-02
   1.2360724e-02
   1.2318571e-02
   1.2230044e-02
   1.2117772e-02
   1.2003890e-02
   1.1848123e-02
   1.1672451e-02
   1.1475614e-02
   1.1250957e-02
   1.0968918e-02
   1.0677446e-02
   1.0349894e-02
   1.0015942e-02
   9.6681086e-03
   9.3091835e-03
   8.9579685e-03
   8.6111379e-03
   8.2587091e-03
   7.9215936e-03
   7.5719041e-03
   7.1941760e-03
   6.8105437e-03
   6.4302658e-03
   6.0819583e-03
   5.8070959e-03
   5.5992867e-03
   5.4521721e-03
   5.3417438e-03
   5.2817743e-03
   5.2199141e-03
   5.1496410e-03
   5.0770505e-03
   5.0103737e-03
   4.9420984e-03
   4.8805753e-03
   4.8402664e-03
   4.7832995e-03
   4.7810362e-03
   4.7683243e-03
   4.7644946e-03
   4.7416953e-03
   4.6984770e-03
   4.6549016e-03
   4.5990446e-03
   4.5507551e-03
   4.4968791e-03
   4.4568579e-03
   4.4041614e-03
   4.3508988e-03
   4.3166858e-03
   4.2721961e-03
   4.2289854e-03
   4.1919600e-03
   4.1514766e-03
   4.1075088e-03
   4.0652811e-03
   4.0207438e-03
   3.9738346e-03
   3.9281536e-03
   3.8762495e-03
   3.8219559e-03
   3.7516548e-03
   3.6803680e-03
   3.5915841e-03
   3.5319506e-03
   3.5043932e-03
   3.4663398e-03
   3.4118715e-03
   3.3477707e-03
   3.3402372e-03
   3.3347771e-03
   3.3425454e-03
   3.3503309e-03
   3.3621001e-03
   3.3649480e-03
   3.3690848e-03
   3.3739207e-03
   3.3695622e-03
   3.3550605e-03
   3.3359644e-03
   3.3117452e-03
   3.2961951e-03
   3.2621558e-03
   3.1688306e-03
   3.0899701e-03
   3.0277201e-03
   2.9313634e-03
   2.8605769e-03
   2.7914031e-03
   2.7006076e-03
   2.6416744e-03
   2.5636003e-03
   2.4922706e-03
   2.4112679e-03
   2.3388292e-03
   2.2805292e-03
   2.2073942e-03
   2.1296603e-03
   2.0635228e-03
   1.9860181e-03
   1.9137700e-03
   1.8512964e-03
   1.7821921e-03
   1.7204374e-03
   1.6655694e-03
   1.6015987e-03
   1.5649971e-03
   1.5250580e-03
   1.4753890e-03
   1.4179768e-03
   1.3945449e-03
   1.3668920e-03
   1.3223869e-03
   1.2934879e-03
   1.2796910e-03
   1.2588063e-03
   1.2542528e-03
   1.2448931e-03
   1.2193893e-03
   1.2038845e-03
   1.2322445e-03
   1.2011696e-03
   1.2069246e-03
   1.2082332e-03
   1.2055337e-03
   1.2075455e-03
   1.2170217e-03
   1.1998661e-03
   1.1818540e-03
   1.1723028e-03
   1.1818621e-03
   1.1630204e-03
   1.1665335e-03
   1.1190503e-03
   1.1190311e-03
   1.1288729e-03
   1.1147023e-03
   1.1161024e-03
   1.1414286e-03
   1.1138066e-03
   1.1279338e-03
   1.1260559e-03
   1.1137708e-03
   1.1191537e-03
   1.1159215e-03
   1.1029400e-03
   1.1099556e-03
   1.1038191e-03
   1.1245505e-03
   1.1086580e-03
   1.1110009e-03
   1.0958024e-03
   1.0908110e-03
   1.1172725e-03
   1.1004964e-03
   1.1199774e-03
   1.1134744e-03
   1.1318549e-03
   1.1241600e-03
   1.1158295e-03
   1.1150825e-03
   1.1341895e-03
   1.1513613e-03
   1.1500969e-03
   1.1688744e-03
   1.1201005e-03
   1.1184714e-03
   1.1108672e-03
   1.0915054e-03
   1.0931247e-03
   1.0683078e-03
   1.0651878e-03
   1.0521058e-03
   1.0325153e-03
   1.0888965e-03
   1.0309108e-03
   1.0328187e-03
   9.9764750e-04
   9.8156779e-04
   9.7240099e-04
   9.1944608e-04
   9.4632439e-04
   9.2553707e-04
   9.3935558e-04
   8.9313866e-04
   9.0723951e-04
   9.0270693e-04
   9.1507974e-04
   8.8004305e-04
   9.1185542e-04
   9.2427916e-04
   8.8377941e-04
   8.6695565e-04
   9.0722102e-04
   8.6654932e-04
   8.3490485e-04
   8.6804595e-04
   8.9275209e-04
   8.8420196e-04
   8.4846339e-04
   8.6531265e-04
   8.7103365e-04
   8.5559831e-04
   8.4983333e-04
   8.4191764e-04
   8.5177448e-04
   8.4659168e-04
   8.4363493e-04
   8.0991028e-04
   8.3937282e-04
   8.5966053e-04
   8.2510016e-04
   8.1364731e-04
   8.3089660e-04
   7.4922559e-04
   8.3447291e-04
   8.3013701e-04
   8.2913341e-04
   8.0663265e-04
   7.8348484e-04
   7.8509979e-04
   7.8161036e-04
   7.9437011e-04
   7.2100628e-04
   7.2515133e-04
   7.6983433e-04
   7.4184200e-04
   7.9870368e-04
   7.3993302e-04
   7.6944819e-04
   7.5297446e-04
   7.0657800e-04
   7.1125761e-04
   7.8695946e-04
   7.2459087e-04
   6.5542759e-04
   7.6773956e-04
   6.2389780e-04
   7.3140807e-04
   7.8260113e-04
   7.1481008e-04
   7.4979233e-04
   6.8728548e-04
   7.4747439e-04
   7.4027330e-04
   6.6447370e-04
   7.3192433e-04
   6.8511276e-04
   6.6415693e-04
   6.1647255e-04
   6.5421539e-04
   6.9061715e-04
   6.8092053e-04
   5.7570870e-04
   5.7927572e-04
   7.6493479e-04
   5.7789393e-04
   9.4749315e-04
   6.0262629e-04
   5.9866298e-04
   4.2356072e-04
   7.3972786e-04
   6.6821951e-04
   8.3281477e-04
   7.6554294e-04
   5.6196913e-04
   5.7574582e-04
   6.7023097e-04
   8.3737276e-04
   5.8098664e-04
   5.8057911e-04
   7.4753822e-04
   4.5993298e-04
   6.2820565e-04
   7.5629731e-04
   6.1673767e-04
   4.0934046e-04
   6.7808761e-04
   7.9163344e-04
   3.9363984e-04
   6.5195766e-04
   6.5195766e-04
   4.2322803e-04
   5.7039646e-04
   6.5049538e-04
   6.5731138e-04
   4.5268946e-04
   6.0247439e-04
   5.9224650e-04
   5.9040873e-04
   7.6347809e-04
   1.0389372e-03
   6.3839931e-04
   5.6760522e-04
   6.2417469e-04
   4.4119001e-04
   7.4959902e-04
   8.4121213e-04
   6.3297696e-04
   6.8584072e-04
   5.3261190e-04
   4.6425195e-04
   4.9697323e-04
   7.2215534e-04
   6.3409657e-04
   5.9501737e-04
   7.6256147e-04
   7.8606734e-04
   8.2108224e-04
   8.3331652e-04
   6.5162543e-04
   7.3903449e-04
   6.8154132e-04
   6.5275882e-04
   5.5134490e-04
   6.9865412e-04
   7.2001241e-04
   6.7997939e-04
   5.7402569e-04
   5.0351006e-04
   4.6042975e-04
   4.5559045e-04
   4.4307439e-04
   4.3065314e-04
   4.2305596e-04
   4.3976767e-04
   4.7588104e-04
   5.1186475e-04
   5.3118709e-04
   5.3581565e-04
   5.4583473e-04
   5.5584126e-04
   5.6122416e-04
   5.6540727e-04
   5.7447311e-04
   5.8354192e-04
   5.8842641e-04
   6.0879976e-04
   6.4669373e-04
   6.8466308e-04
   7.0513929e-04
   7.0407087e-04
   7.0175078e-04
   6.9942380e-04
   6.9816801e-04
   6.8911760e-04
   6.3910969e-04
   6.0276849e-04
   6.0898343e-04
   5.6716542e-04
   5.1001553e-04
   6.0428405e-04
   6.8321070e-04
   7.4266905e-04
   6.7326701e-04
   5.8962995e-04
   6.3323100e-04
   7.2270951e-04
   6.6093495e-04
   5.8701910e-04
   5.8958436e-04
   6.6209914e-04
   7.7663878e-04
   8.0952566e-04
   7.9917405e-04
   8.1279217e-04
   8.4387403e-04
   7.9134421e-04
   5.6469108e-04
   6.0168588e-04
   5.0113764e-04
   4.0318205e-04
   4.3045613e-04
   2.1845650e-04
   3.3740490e-04
   4.3131898e-04
   4.1181659e-04
   4.5208104e-04
   5.1648245e-04
   4.9047902e-04
   5.1809442e-04
   6.1695831e-04
   4.7285703e-04
   4.2046079e-04
   5.3717401e-04
   5.3722215e-04
   5.6528094e-04
   6.3908160e-04
   6.3047977e-04
   6.1926637e-04
   7.1396170e-04
   6.5681783e-04
   6.7280216e-04
   6.3746667e-04
   5.6465681e-04
   5.9850692e-04
   6.1808467e-04
   6.5159002e-04
   6.5499706e-04
   5.6520923e-04
   5.3708698e-04
   4.9580519e-04
   5.6566193e-04
   5.5797195e-04
   4.4524248e-04
   4.6631741e-04
   5.5375401e-04
   5.8767511e-04
   5.0027746e-04
   4.2208123e-04
   5.2253439e-04
   6.0215060e-04
   6.0987886e-04
   6.3949191e-04
   5.8879162e-04
   5.1428868e-04
   4.9998670e-04
   5.5828869e-04
   5.8083450e-04
   4.7385778e-04
   4.8026114e-04
   5.2116082e-04
   4.9807290e-04
   5.0054221e-04
   4.7845112e-04
   4.1678427e-04
   3.9241111e-04
   5.0578969e-04
   4.6613702e-04
   3.7157486e-04
   2.7737674e-04
   2.6412598e-04
   4.6010139e-04
  -3.6617726e-04
   7.3830971e-04
   6.7997453e-04
  -9.1411073e-04
   6.1797287e-04
   1.7512529e-03
  -8.0864187e-05
   3.0271566e-04
   2.8899273e-04
  -4.0788664e-04
   2.4446893e-04
   5.4382325e-04
   4.8515826e-04
   1.8180360e-04
  -6.1701027e-05
   2.9167128e-04
   1.0120693e-03
   6.5285166e-04
   8.9821567e-05
  -3.7665930e-05
   7.4078934e-05
   3.4278396e-04
   2.7805485e-04
   2.1159742e-04
   2.2340928e-04
   2.1168512e-04
   2.8557435e-04
   5.5603609e-04
   3.0782106e-04
   1.1607211e-04
   3.0137889e-04
   2.6981231e-04
   2.7251576e-04
   3.9912406e-04
   2.8443291e-04
   3.9029830e-04
   3.6385074e-04
   3.4199362e-04
   4.3099376e-04
   4.7050307e-04
   3.5033836e-04
   1.9905233e-04
   2.5068744e-04
   3.0135440e-04
   2.7724351e-04
   2.5877838e-04
   3.1254183e-04
   3.2383896e-04
   2.8389682e-04
   2.4671284e-04
   3.5593635e-04
   4.2888700e-04
   3.7451274e-04
   3.4209144e-04
   3.8882246e-04
   2.6983433e-04
   2.5939784e-04
   3.8340120e-04
   4.7771268e-04
   5.0943574e-04
   3.5361644e-04
   3.7384296e-04
   3.7904205e-04
   4.0674601e-04
   3.7409362e-04
   3.3965898e-04
   2.5508624e-04
   3.1495374e-04
   3.9906862e-04
   3.1510699e-04
   2.5010339e-04
   2.2957703e-04
   2.9773400e-04
   4.1319131e-04
   3.1373387e-04
   3.2059376e-04
   4.3652369e-04
   4.2193656e-04
   4.5343208e-04
   4.0269308e-04
   2.3989369e-04
   2.6936507e-04
   3.4824278e-04
   2.0768340e-04
   1.6051950e-04
   1.6540991e-04
   6.6710345e-05
   6.6209550e-05
   1.9522234e-04
   1.4629404e-04
   1.7509620e-04
   2.3240129e-04
   2.9257467e-04
   2.4410911e-04
   2.5160140e-04
   3.1225733e-04
   2.5705787e-04
   2.6768461e-04
   1.8560281e-04
   1.6083765e-04
   2.9972498e-04
   2.7617447e-04
   2.1031625e-04
   1.0837819e-04
   2.2132149e-04
   2.9675470e-04
   2.2636103e-04
   1.1822453e-04
   1.6448302e-04
   2.5282184e-04
   3.0726759e-04
   1.4664892e-04
  -2.9629655e-05
   6.9435504e-05
   2.9538954e-04
   8.9040976e-05
  -3.0279186e-05
   1.1066558e-04
  -1.0327481e-04
  -2.3946162e-05
   3.3306870e-04
   5.6285283e-04
   3.2592385e-04
   2.0870448e-04
  -6.0745506e-06
  -1.4109041e-03
  -2.2060689e-03
  -2.1459317e-03
  -1.2758658e-03
  -1.5388825e-03
  -1.8076101e-03
  -2.0711002e-03
  -4.4141378e-03
  -5.6822303e-03
  -1.1674498e-03
  -1.3099654e-03
  -6.1953733e-05
  -2.8608105e-03
  -5.6779682e-03
  -1.4617900e-03
  -3.1409383e-03
  -4.8229769e-03
  -3.2523754e-03
  -4.8185235e-03
  -6.3741015e-03
  -1.4428986e-03
   1.7116989e-03
  -1.4834890e-03
   1.7275282e-03
   1.7395725e-04
  -3.0137025e-03
  -1.4869326e-02
