   3.3701796e-03
   2.1857372e-03
   8.1396489e-04
   5.4230158e-04
   3.0572712e-03
   2.7569922e-03
   1.7081274e-03
   1.5028362e-03
   5.2021121e-04
   2.3173114e-03
   3.0341925e-03
   3.1686738e-03
   1.8259729e-03
   2.1693211e-03
   3.6985134e-03
   3.3932565e-03
   4.0679602e-03
   4.5038214e-03
   5.2357749e-03
   5.5624116e-03
   6.2021395e-03
   6.1830580e-03
   7.1052563e-03
   7.4599675e-03
   7.7615492e-03
   8.0067552e-03
   7.8134920e-03
   8.6212039e-03
   8.6344322e-03
   8.7091422e-03
   8.8752232e-03
   8.9234255e-03
   9.3914901e-03
   8.9197340e-03
   9.2420563e-03
   9.5082837e-03
   9.2928089e-03
   9.3424336e-03
   9.3378349e-03
   9.2995239e-03
   9.2801550e-03
   9.7396899e-03
   9.9682784e-03
   1.0130812e-02
   1.0095192e-02
   1.0034304e-02
   8.9475616e-03
   8.9929401e-03
   9.1432030e-03
   9.1836059e-03
   9.5162627e-03
   9.5838298e-03
   9.5432629e-03
   9.6862726e-03
   9.8754880e-03
   9.7699233e-03
   9.6928690e-03
   9.7767580e-03
   9.7308087e-03
   9.6420536e-03
   9.9086230e-03
   9.8882632e-03
   9.8809127e-03
   9.9840200e-03
   9.8596944e-03
   9.9293727e-03
   9.9628662e-03
   1.0114257e-02
   1.0027356e-02
   1.0027744e-02
   1.0072125e-02
   1.0219031e-02
   1.0180305e-02
   1.0155054e-02
   1.0161014e-02
   1.0188339e-02
   1.0068286e-02
   1.0025685e-02
   9.9647415e-03
   9.9370338e-03
   9.9037103e-03
   9.8684733e-03
   9.8069022e-03
   9.7214677e-03
   9.6458265e-03
   9.6392433e-03
   9.6290113e-03
   9.6144696e-03
   9.5801840e-03
   9.5529115e-03
   9.5541645e-03
   9.5575005e-03
   9.5253237e-03
   9.5102118e-03
   9.5376621e-03
   9.5936481e-03
   9.5806677e-03
   9.5731084e-03
   9.5272767e-03
   9.5210385e-03
   9.5688579e-03
   9.5474469e-03
   9.6322755e-03
   9.5738957e-03
   9.6272504e-03
   9.6807232e-03
   9.7348413e-03
   9.7694119e-03
   9.8396744e-03
   9.8826744e-03
   9.9455896e-03
   9.9565984e-03
   9.9873049e-03
   1.0022947e-02
   1.0054520e-02
   1.0071497e-02
   1.0131194e-02
   1.0166117e-02
   1.0210792e-02
   1.0219452e-02
   1.0254109e-02
   1.0320963e-02
   1.0381594e-02
   1.0441304e-02
   1.0509466e-02
   1.0580009e-02
   1.0643049e-02
   1.0726724e-02
   1.0795218e-02
   1.0875321e-02
   1.0959449e-02
   1.1104401e-02
   1.1194489e-02
   1.1184872e-02
   1.1201765e-02
   1.1257305e-02
   1.1311806e-02
   1.1349668e-02
   1.1372279e-02
   1.1409249e-02
   1.1459743e-02
   1.1497076e-02
   1.1538641e-02
   1.1573371e-02
   1.1623583e-02
   1.1641292e-02
   1.1629113e-02
   1.1616111e-02
   1.1585089e-02
   1.1566940e-02
   1.1581985e-02
   1.1619640e-02
   1.1684889e-02
   1.1741293e-02
   1.1791437e-02
   1.1847599e-02
   1.1895906e-02
   1.1944552e-02
   1.1992534e-02
   1.2031975e-02
   1.2049473e-02
   1.2080931e-02
   1.2103203e-02
   1.2142466e-02
   1.2130021e-02
   1.2170359e-02
   1.2191246e-02
   1.2197963e-02
   1.2188960e-02
   1.2178983e-02
   1.2165873e-02
   1.2134069e-02
   1.2088304e-02
   1.2042060e-02
   1.2017222e-02
   1.2019332e-02
   1.2027378e-02
   1.2041987e-02
   1.2063701e-02
   1.2066120e-02
   1.2055215e-02
   1.2027698e-02
   1.1998181e-02
   1.1936468e-02
   1.1891322e-02
   1.1806364e-02
   1.1674595e-02
   1.1548574e-02
   1.1384644e-02
   1.1199531e-02
   1.0977621e-02
   1.0754177e-02
   1.0468821e-02
   1.0154629e-02
   9.8260586e-03
   9.4678614e-03
   9.1149619e-03
   8.7427809e-03
   8.3607787e-03
   8.0189733e-03
   7.6411333e-03
   7.2871376e-03
   6.9278647e-03
   6.5326442e-03
   6.1416380e-03
   5.7589616e-03
   5.3950722e-03
   5.1147505e-03
   4.9034745e-03
   4.7483640e-03
   4.6293463e-03
   4.5752698e-03
   4.4976873e-03
   4.4288815e-03
   4.3509268e-03
   4.2718833e-03
   4.2201972e-03
   4.1198013e-03
   4.0816316e-03
   4.0364067e-03
   4.0265769e-03
   3.9951677e-03
   3.9972985e-03
   3.9815010e-03
   3.9126127e-03
   3.8721633e-03
   3.7895853e-03
   3.7360933e-03
   3.6981630e-03
   3.6371328e-03
   3.5853062e-03
   3.5325506e-03
   3.5082000e-03
   3.4433692e-03
   3.4061194e-03
   3.3575938e-03
   3.3184174e-03
   3.2614576e-03
   3.2139083e-03
   3.1466382e-03
   3.1177309e-03
   3.0730512e-03
   3.0134299e-03
   2.9543123e-03
   2.8688032e-03
   2.8079398e-03
   2.7181935e-03
   2.6580714e-03
   2.6305295e-03
   2.5820209e-03
   2.5132224e-03
   2.4413853e-03
   2.4365421e-03
   2.4298675e-03
   2.4479790e-03
   2.4506145e-03
   2.4584685e-03
   2.4474969e-03
   2.4522328e-03
   2.4510707e-03
   2.4436100e-03
   2.4592506e-03
   2.4023517e-03
   2.3802982e-03
   2.3426754e-03
   2.3007031e-03
   2.2086105e-03
   2.1353582e-03
   2.0479822e-03
   1.9808067e-03
   1.9026219e-03
   1.8326722e-03
   1.7478240e-03
   1.6457248e-03
   1.5858260e-03
   1.5090348e-03
   1.4299931e-03
   1.3487119e-03
   1.3121005e-03
   1.2168698e-03
   1.1373777e-03
   1.0724158e-03
   1.0015888e-03
   9.4211132e-04
   8.5700993e-04
   7.6817702e-04
   7.0233012e-04
   6.4823078e-04
   5.7884887e-04
   5.5354494e-04
   5.0447706e-04
   4.4091185e-04
   3.7025591e-04
   3.6188470e-04
   3.4111828e-04
   3.1892557e-04
   2.6906243e-04
   3.0574763e-04
   2.7967501e-04
   2.5255218e-04
   2.5026452e-04
   2.3155127e-04
   2.0519972e-04
   2.0830923e-04
   1.6595367e-04
   1.8782888e-04
   2.2504917e-04
   2.1760882e-04
   2.1093533e-04
   1.9311992e-04
   1.8928479e-04
   1.7256187e-04
   1.5652621e-04
   1.5732453e-04
   1.6323915e-04
   4.0434868e-05
   4.8523416e-05
   5.3981170e-05
   5.3844224e-05
   4.3672692e-05
   9.4089104e-05
   1.0728517e-04
   6.6920425e-05
   9.5771699e-05
   1.0867548e-04
   8.7296061e-05
   9.8916670e-05
   8.7137168e-05
   7.8715844e-05
   5.3500387e-05
   7.1962643e-05
   9.5182763e-05
   5.4866965e-05
   6.3138203e-05
  -8.4621668e-07
   3.5426770e-05
   8.0224509e-05
   2.8537835e-05
   7.7222595e-05
   3.3705890e-05
   4.3726889e-05
   1.1210987e-04
   3.1209807e-05
   4.4189953e-05
   1.1056225e-04
   9.1056397e-05
   1.2455405e-04
   5.6665422e-05
   8.3591431e-05
   5.3683142e-05
  -2.4101161e-05
   1.0261701e-05
   3.2131746e-05
   2.7937762e-05
  -5.9610058e-05
  -6.2904623e-05
  -6.4660470e-05
   6.9697212e-05
  -8.4220506e-05
  -1.4446030e-04
  -1.0429623e-04
  -1.2896354e-04
  -8.5689873e-05
  -1.2496196e-04
  -1.7671961e-04
  -2.1158827e-04
  -1.4098032e-04
  -2.2140987e-04
  -2.0888484e-04
  -1.9727540e-04
  -1.4638621e-04
  -2.0904355e-04
  -1.5310593e-04
  -1.8694625e-04
  -1.6799514e-04
  -2.4726711e-04
  -1.6816069e-04
  -2.0260670e-04
  -2.7031716e-04
  -2.6004228e-04
  -3.0465301e-04
  -2.3584065e-04
  -3.4162123e-04
  -2.5008598e-04
  -2.4627355e-04
  -2.6256495e-04
  -2.6320235e-04
  -3.5774403e-04
  -2.0337683e-04
  -3.0512682e-04
  -3.1090457e-04
  -3.4873209e-04
  -2.7727121e-04
  -2.7819312e-04
  -3.1203716e-04
  -2.8623700e-04
  -2.3137579e-04
  -4.4917217e-04
  -2.8068478e-04
  -2.7168383e-04
  -2.6917480e-04
  -3.1535794e-04
  -3.5728258e-04
  -3.1480167e-04
  -3.5365882e-04
  -4.7720210e-04
  -4.7027607e-04
  -5.1080359e-04
  -3.9865972e-04
  -3.9247522e-04
  -1.5879185e-04
  -2.9996618e-04
  -4.9030076e-04
  -3.8172563e-04
  -5.9944944e-04
  -4.5910717e-04
  -3.4653314e-04
  -4.3598862e-04
  -3.0207777e-04
  -3.4273298e-04
  -4.8357145e-04
  -5.3870831e-04
  -3.3287082e-04
  -3.5328349e-04
  -4.7219249e-04
  -4.2541187e-04
  -1.9970076e-04
  -4.5779136e-04
  -5.1412340e-04
  -2.9491108e-04
  -2.8984338e-04
  -3.6485405e-04
  -4.2810671e-04
  -4.6526253e-04
  -4.9570534e-04
  -4.5498249e-04
  -3.5199330e-04
  -5.5058885e-04
  -3.8418864e-04
  -5.7388247e-04
  -2.1508900e-04
  -4.5861337e-04
  -3.5592569e-04
  -7.7127974e-04
  -4.3390687e-04
  -2.7490786e-04
  -4.0290301e-04
  -1.7630317e-04
  -4.9726056e-04
  -2.0421273e-04
  -4.0296951e-04
  -4.8240470e-04
  -4.6636959e-04
  -3.5734969e-04
  -1.2236665e-04
  -5.8314560e-04
  -1.7084397e-04
  -2.2733615e-04
  -6.3313352e-04
  -5.9298755e-04
   2.1860951e-07
  -2.9530770e-04
  -8.9482014e-04
  -2.7938789e-04
  -2.7938789e-04
  -6.1779896e-04
  -6.4923888e-04
  -2.7742250e-04
  -2.4578274e-04
  -3.2642606e-04
  -2.7494828e-04
  -4.5456502e-04
  -4.8683951e-04
  -4.6619711e-04
   4.2927741e-04
  -1.0563283e-04
  -2.0017697e-04
   2.3647771e-04
  -5.7646081e-04
  -1.0037467e-04
   4.1046874e-05
  -2.6381184e-04
  -6.6049336e-05
  -2.3177484e-04
  -3.0570987e-04
  -5.3364670e-04
   1.7214975e-04
  -1.5832098e-04
  -3.0497923e-04
  -2.3901531e-04
  -1.3648310e-05
  -1.8373671e-04
  -2.7847742e-04
  -8.2887752e-04
   6.6791445e-05
  -2.9069652e-05
  -8.1606788e-05
  -7.1989326e-04
  -3.3424734e-04
  -3.9969854e-04
  -5.0057707e-04
  -6.4944950e-04
  -7.3001830e-04
  -7.7924041e-04
  -7.8224481e-04
  -7.9001534e-04
  -7.9772709e-04
  -8.0244385e-04
  -7.5686472e-04
  -6.5836943e-04
  -5.6022813e-04
  -5.0752852e-04
  -4.8465540e-04
  -4.3514281e-04
  -3.8569289e-04
  -3.5909185e-04
  -3.8436818e-04
  -4.3914686e-04
  -4.9394353e-04
  -5.2345708e-04
  -5.1823325e-04
  -5.0851680e-04
  -4.9878104e-04
  -4.9353086e-04
  -4.9832556e-04
  -5.0873667e-04
  -5.1917880e-04
  -5.2481431e-04
  -5.2875155e-04
  -5.5050628e-04
  -5.0446743e-04
  -5.1711681e-04
  -5.2901208e-04
  -5.3950875e-04
  -5.4450126e-04
  -4.1718138e-04
  -3.6043322e-04
  -4.2988659e-04
  -3.7093429e-04
  -5.0682747e-04
  -5.7680491e-04
  -5.1139187e-04
  -6.3327158e-04
  -6.9483207e-04
  -5.5554553e-04
  -4.7315818e-04
  -4.5695193e-04
  -2.9116782e-04
  -2.2640340e-04
  -3.2489834e-04
  -2.9458769e-04
  -5.2744998e-04
  -8.1777427e-04
  -9.3349117e-04
  -5.8824628e-04
  -6.1025991e-04
  -6.5602655e-04
  -3.4146818e-04
  -9.2062635e-04
  -9.4285489e-04
  -6.0450477e-04
  -8.2932489e-04
  -8.9830023e-04
  -7.7336905e-04
  -6.5695120e-04
  -6.8346624e-04
  -7.0292115e-04
  -6.4870766e-04
  -5.9729167e-04
  -5.5696560e-04
  -5.2378432e-04
  -6.6422636e-04
  -5.9548800e-04
  -3.4036025e-04
  -5.4664929e-04
  -6.2785338e-04
  -5.2095807e-04
  -5.9601842e-04
  -6.1046204e-04
  -5.6336228e-04
  -6.3202746e-04
  -7.0156126e-04
  -6.5167464e-04
  -6.5045131e-04
  -5.9416915e-04
  -5.9536887e-04
  -7.5502802e-04
  -9.0967112e-04
  -7.0850147e-04
  -5.5401110e-04
  -6.7790618e-04
  -8.2959885e-04
  -8.4917726e-04
  -6.9115766e-04
  -6.0260443e-04
  -5.7274644e-04
  -5.3064198e-04
  -7.9303492e-04
  -8.4189498e-04
  -6.6492583e-04
  -6.4292313e-04
  -5.5761163e-04
  -6.4199604e-04
  -6.7568079e-04
  -5.7794107e-04
  -5.8387482e-04
  -5.7228849e-04
  -6.0009312e-04
  -7.4189158e-04
  -6.7395090e-04
  -4.9852416e-04
  -1.0242582e-03
  -1.1294153e-03
  -1.0406528e-03
  -5.4571855e-04
   6.7002606e-04
  -7.4546341e-04
  -5.7225267e-04
   2.5078720e-03
  -1.9497879e-04
  -8.4063993e-05
   4.3754641e-03
  -1.4339878e-03
  -1.4077323e-03
  -1.3807407e-03
  -2.7612352e-03
  -1.4431856e-03
  -1.3739154e-03
  -1.3846176e-03
  -4.5266264e-04
  -1.3949595e-03
  -1.3922974e-03
  -1.4028611e-03
  -2.5753902e-04
  -8.1371549e-04
  -1.3378021e-03
  -1.3421060e-03
  -5.8265715e-04
  -1.0399878e-03
  -1.1003858e-03
  -1.1480535e-03
  -1.1626798e-03
  -7.0770813e-04
  -1.5584285e-04
  -8.7878141e-04
  -1.3621019e-03
  -7.7424823e-04
  -1.1857988e-03
  -1.2009302e-03
  -6.7959775e-04
  -7.6373418e-04
  -8.1696573e-04
  -8.5000813e-04
  -8.7603008e-04
  -7.2749075e-04
  -6.7491208e-04
  -8.6152458e-04
  -1.0364653e-03
  -1.0446671e-03
  -9.7600456e-04
  -9.8380162e-04
  -9.0886313e-04
  -9.1028217e-04
  -9.1692743e-04
  -7.7637558e-04
  -8.5521794e-04
  -7.1107902e-04
  -7.0650180e-04
  -8.5159797e-04
  -8.4356251e-04
  -7.5590882e-04
  -9.6657032e-04
  -1.1135112e-03
  -9.5179457e-04
  -7.9983482e-04
  -8.0710798e-04
  -7.2410027e-04
  -6.4419869e-04
  -7.1662294e-04
  -7.8651587e-04
  -8.5756247e-04
  -7.6473743e-04
  -9.3347394e-04
  -1.0187213e-03
  -1.0185880e-03
  -1.0227661e-03
  -9.4157486e-04
  -1.0237657e-03
  -7.6778688e-04
  -6.6588408e-04
  -8.2406116e-04
  -7.2532573e-04
  -6.3032630e-04
  -7.0683640e-04
  -5.0696718e-04
  -7.0427965e-04
  -9.8321026e-04
  -8.7829226e-04
  -7.7498776e-04
  -1.0596491e-03
  -1.2546311e-03
  -1.1483778e-03
  -1.0424477e-03
  -1.1450383e-03
  -1.1425938e-03
  -1.0361970e-03
  -1.0333249e-03
  -1.1364341e-03
  -9.1210019e-04
  -6.8077515e-04
  -8.9365589e-04
  -7.7008567e-04
  -7.6525931e-04
  -8.6742189e-04
  -9.7065640e-04
  -9.5847058e-04
  -6.8478064e-04
  -5.2530469e-04
  -9.2916811e-04
  -1.2023554e-03
  -9.1106958e-04
  -9.1059342e-04
  -7.5477885e-04
  -8.9698985e-04
  -7.2179433e-04
  -6.8859601e-04
  -6.7033005e-04
  -9.9740378e-04
  -1.3464080e-03
  -1.1473448e-03
  -4.7651492e-04
  -8.7831204e-04
  -1.3581103e-03
  -1.0729014e-03
  -1.3337962e-03
  -1.3251851e-03
  -1.3360804e-03
  -1.7411219e-04
  -6.3350206e-04
  -1.3126915e-03
  -1.3309151e-03
  -1.3588534e-03
  -1.3702144e-03
  -1.3827111e-03
  -1.3126915e-03
  -1.3126915e-03
  -1.4312975e-03
  -1.3788307e-03
  -1.0020943e-02
  -1.1615729e-03
  -1.3126915e-03
  -6.6104889e-03
  -1.4985527e-03
  -1.4075850e-03
  -7.1476089e-03
  -1.5110287e-03
  -7.7682105e-03
  -1.3126915e-03
  -1.3126915e-03
  -8.0463513e-03
  -1.3126915e-03
  -1.1026695e-03
  -1.2083649e-03
  -7.5898781e-03
   1.1656559e-02
   1.1413008e-02
  -1.3126915e-03
  -7.9861517e-03
