   3.1038590e-03
   1.6115756e-03
   1.1045390e-03
   1.5115912e-03
   1.9920167e-03
   2.6833702e-03
   1.6422858e-03
   1.6294620e-03
   1.5500530e-03
   2.0965489e-03
   2.6740303e-03
   2.4011770e-03
   2.1357502e-03
   2.1733503e-03
   2.0900547e-03
   3.4343359e-03
   3.3953708e-03
   3.3741546e-03
   3.6932524e-03
   4.0263701e-03
   4.7338108e-03
   4.4881441e-03
   5.1413597e-03
   5.3030365e-03
   5.5905889e-03
   5.8126634e-03
   5.6736298e-03
   6.1614471e-03
   6.2394331e-03
   6.2559603e-03
   6.3507147e-03
   6.4014129e-03
   6.7317539e-03
   6.3975379e-03
   6.6136874e-03
   6.8267673e-03
   6.6238162e-03
   6.7359290e-03
   6.7371437e-03
   6.7099109e-03
   6.7018944e-03
   7.0330759e-03
   7.2036575e-03
   7.3529624e-03
   7.3557460e-03
   7.3176994e-03
   6.5077303e-03
   6.5905389e-03
   6.7162053e-03
   6.6995833e-03
   6.9621559e-03
   7.0500175e-03
   7.0486264e-03
   7.1453700e-03
   7.3137728e-03
   7.2234376e-03
   7.2135603e-03
   7.3109863e-03
   7.2936899e-03
   7.2168361e-03
   7.3975088e-03
   7.4126107e-03
   7.4368698e-03
   7.5408885e-03
   7.4648621e-03
   7.5354909e-03
   7.6200080e-03
   7.7249503e-03
   7.6828711e-03
   7.7300239e-03
   7.7516100e-03
   7.8828509e-03
   7.8913873e-03
   7.8848322e-03
   7.8826943e-03
   7.9350609e-03
   7.8751321e-03
   7.8798486e-03
   7.8383348e-03
   7.8436772e-03
   7.8481318e-03
   7.8428233e-03
   7.7867381e-03
   7.7560324e-03
   7.7125080e-03
   7.7249905e-03
   7.7413756e-03
   7.7489293e-03
   7.7354218e-03
   7.7360901e-03
   7.7524907e-03
   7.7901129e-03
   7.7916159e-03
   7.8071853e-03
   7.8278554e-03
   7.9053565e-03
   7.9273292e-03
   7.9423116e-03
   7.9137269e-03
   7.9463848e-03
   7.9804464e-03
   8.0041563e-03
   8.0929788e-03
   8.0777417e-03
   8.1437073e-03
   8.2047999e-03
   8.2788157e-03
   8.3534517e-03
   8.4185471e-03
   8.4869643e-03
   8.5508874e-03
   8.6014992e-03
   8.6386470e-03
   8.7008224e-03
   8.7535778e-03
   8.7864085e-03
   8.8534625e-03
   8.8933151e-03
   8.9436089e-03
   8.9785427e-03
   9.0280290e-03
   9.1040869e-03
   9.1816080e-03
   9.2503802e-03
   9.3332098e-03
   9.4231454e-03
   9.5005710e-03
   9.5917892e-03
   9.6729883e-03
   9.7661000e-03
   9.8537784e-03
   1.0004578e-02
   1.0094419e-02
   1.0112205e-02
   1.0132213e-02
   1.0194673e-02
   1.0266689e-02
   1.0310419e-02
   1.0348520e-02
   1.0394694e-02
   1.0458935e-02
   1.0511005e-02
   1.0564506e-02
   1.0609811e-02
   1.0670611e-02
   1.0683393e-02
   1.0695528e-02
   1.0676003e-02
   1.0660097e-02
   1.0648202e-02
   1.0675842e-02
   1.0725398e-02
   1.0795077e-02
   1.0856089e-02
   1.0916670e-02
   1.0974874e-02
   1.1034775e-02
   1.1091995e-02
   1.1154037e-02
   1.1197700e-02
   1.1221704e-02
   1.1256541e-02
   1.1278326e-02
   1.1332097e-02
   1.1340338e-02
   1.1374171e-02
   1.1403711e-02
   1.1415716e-02
   1.1425402e-02
   1.1421648e-02
   1.1408519e-02
   1.1383946e-02
   1.1363022e-02
   1.1327715e-02
   1.1297246e-02
   1.1317380e-02
   1.1327638e-02
   1.1343531e-02
   1.1367324e-02
   1.1381595e-02
   1.1380306e-02
   1.1354647e-02
   1.1345312e-02
   1.1295697e-02
   1.1253545e-02
   1.1165017e-02
   1.1052746e-02
   1.0938863e-02
   1.0783097e-02
   1.0607425e-02
   1.0410587e-02
   1.0185931e-02
   9.9038919e-03
   9.6124195e-03
   9.2848675e-03
   8.9509157e-03
   8.6030820e-03
   8.2441569e-03
   7.8929419e-03
   7.5461113e-03
   7.1936825e-03
   6.8565670e-03
   6.5068775e-03
   6.1291494e-03
   5.7455171e-03
   5.3652392e-03
   5.0169317e-03
   4.7420694e-03
   4.5342601e-03
   4.3871455e-03
   4.2767172e-03
   4.2167477e-03
   4.1548875e-03
   4.0846144e-03
   4.0120239e-03
   3.9453471e-03
   3.8770718e-03
   3.8155487e-03
   3.7752398e-03
   3.7182729e-03
   3.7160097e-03
   3.7032977e-03
   3.6994680e-03
   3.6766687e-03
   3.6334504e-03
   3.5898751e-03
   3.5340181e-03
   3.4857285e-03
   3.4318525e-03
   3.3918313e-03
   3.3391348e-03
   3.2858723e-03
   3.2516592e-03
   3.2071695e-03
   3.1639588e-03
   3.1269334e-03
   3.0864500e-03
   3.0424822e-03
   3.0002545e-03
   2.9557172e-03
   2.9088080e-03
   2.8631270e-03
   2.8112229e-03
   2.7569293e-03
   2.6866283e-03
   2.6153415e-03
   2.5265575e-03
   2.4669241e-03
   2.4393666e-03
   2.4013132e-03
   2.3468449e-03
   2.2827441e-03
   2.2752106e-03
   2.2697505e-03
   2.2775189e-03
   2.2853043e-03
   2.2970736e-03
   2.2999214e-03
   2.3040582e-03
   2.3088941e-03
   2.3045356e-03
   2.2900339e-03
   2.2709378e-03
   2.2467186e-03
   2.2311685e-03
   2.1971292e-03
   2.1038040e-03
   2.0249435e-03
   1.9626935e-03
   1.8663368e-03
   1.7955503e-03
   1.7263765e-03
   1.6355810e-03
   1.5766478e-03
   1.4985738e-03
   1.4272440e-03
   1.3462414e-03
   1.2738026e-03
   1.2155027e-03
   1.1423676e-03
   1.0646337e-03
   9.9849626e-04
   9.2099153e-04
   8.4874346e-04
   7.8626980e-04
   7.1716556e-04
   6.5541078e-04
   6.0054279e-04
   5.3657210e-04
   4.9997056e-04
   4.6003138e-04
   4.1036246e-04
   3.5295018e-04
   3.2951828e-04
   3.0186539e-04
   2.5736030e-04
   2.2846128e-04
   2.1466441e-04
   1.9377976e-04
   1.8922617e-04
   1.7986653e-04
   1.5436276e-04
   1.3885788e-04
   1.6721792e-04
   1.3614302e-04
   1.4189804e-04
   1.4320663e-04
   1.4050712e-04
   1.4251887e-04
   1.5199513e-04
   1.3483957e-04
   1.1682743e-04
   1.0727624e-04
   1.1683552e-04
   9.7993790e-05
   1.0150693e-04
   5.4023683e-05
   5.4004521e-05
   6.3846349e-05
   4.9675670e-05
   5.1075779e-05
   7.6402055e-05
   4.8779974e-05
   6.2907258e-05
   6.1029309e-05
   4.8744217e-05
   5.4127100e-05
   5.0894946e-05
   3.7913464e-05
   4.4928969e-05
   3.8792501e-05
   5.9523949e-05
   4.3631398e-05
   4.5974347e-05
   3.0775770e-05
   2.5784430e-05
   5.2245893e-05
   3.5469839e-05
   5.4950862e-05
   4.8447836e-05
   6.6828348e-05
   5.9133465e-05
   5.0802968e-05
   5.0055917e-05
   6.9162957e-05
   8.6334714e-05
   8.5070283e-05
   1.0384786e-04
   5.5073950e-05
   5.3444792e-05
   4.5840587e-05
   2.6478861e-05
   2.8098082e-05
   3.2811907e-06
   1.6118907e-07
  -1.2920788e-05
  -3.2511264e-05
   2.3869892e-05
  -3.4115758e-05
  -3.2207899e-05
  -6.7379087e-05
  -8.3458795e-05
  -9.2625591e-05
  -1.4558050e-04
  -1.1870219e-04
  -1.3948952e-04
  -1.2567100e-04
  -1.7188792e-04
  -1.5778708e-04
  -1.6231965e-04
  -1.4994684e-04
  -1.8498353e-04
  -1.5317116e-04
  -1.4074742e-04
  -1.8124718e-04
  -1.9807093e-04
  -1.5780556e-04
  -1.9847726e-04
  -2.3012173e-04
  -1.9698063e-04
  -1.7227449e-04
  -1.8082463e-04
  -2.1656319e-04
  -1.9971394e-04
  -1.9399293e-04
  -2.0942827e-04
  -2.1519325e-04
  -2.2310894e-04
  -2.1325210e-04
  -2.1843490e-04
  -2.2139165e-04
  -2.5511630e-04
  -2.2565376e-04
  -2.0536605e-04
  -2.3992643e-04
  -2.5137927e-04
  -2.3412998e-04
  -3.1580099e-04
  -2.3055368e-04
  -2.3488958e-04
  -2.3589317e-04
  -2.5839393e-04
  -2.8154174e-04
  -2.7992679e-04
  -2.8341622e-04
  -2.7065647e-04
  -3.4402030e-04
  -3.3987525e-04
  -2.9519225e-04
  -3.2318459e-04
  -2.6632290e-04
  -3.2509356e-04
  -2.9557839e-04
  -3.1205212e-04
  -3.5844859e-04
  -3.5376897e-04
  -2.7806712e-04
  -3.4043571e-04
  -4.0959899e-04
  -2.9728702e-04
  -4.4112879e-04
  -3.3361851e-04
  -2.8242545e-04
  -3.5021650e-04
  -3.1523426e-04
  -3.7774110e-04
  -3.1755220e-04
  -3.2475328e-04
  -4.0055289e-04
  -3.3310225e-04
  -3.7991382e-04
  -4.0086965e-04
  -4.4855403e-04
  -4.1081119e-04
  -3.7440943e-04
  -3.8410606e-04
  -4.8931788e-04
  -4.8575086e-04
  -3.0009179e-04
  -4.8713266e-04
  -1.1753344e-04
  -4.6240029e-04
  -4.6636360e-04
  -6.4146587e-04
  -3.2529872e-04
  -3.9680707e-04
  -2.3221181e-04
  -2.9948364e-04
  -5.0305745e-04
  -4.8928076e-04
  -3.9479561e-04
  -2.2765382e-04
  -4.8403995e-04
  -4.8444747e-04
  -3.1748836e-04
  -6.0509360e-04
  -4.3682094e-04
  -3.0872927e-04
  -4.4828892e-04
  -6.5568612e-04
  -3.8693898e-04
  -2.7339314e-04
  -6.7138674e-04
  -4.1306893e-04
  -4.1306893e-04
  -6.4179855e-04
  -4.9463012e-04
  -4.1453121e-04
  -4.0771521e-04
  -6.1233712e-04
  -4.6255220e-04
  -4.7278008e-04
  -4.7461785e-04
  -3.0154849e-04
  -2.6089387e-05
  -4.2662728e-04
  -4.9742136e-04
  -4.4085189e-04
  -6.2383657e-04
  -3.1542757e-04
  -2.2381445e-04
  -4.3204963e-04
  -3.7918586e-04
  -5.3241468e-04
  -6.0077464e-04
  -5.6805335e-04
  -3.4287124e-04
  -4.3093001e-04
  -4.7000922e-04
  -3.0246511e-04
  -2.7895924e-04
  -2.4394434e-04
  -2.3171006e-04
  -4.1340116e-04
  -3.2599209e-04
  -3.8348526e-04
  -4.1226777e-04
  -5.1368168e-04
  -3.6637246e-04
  -3.4501418e-04
  -3.8504719e-04
  -4.9100089e-04
  -5.6151652e-04
  -6.0459684e-04
  -6.0943613e-04
  -6.2195219e-04
  -6.3437345e-04
  -6.4197062e-04
  -6.2525891e-04
  -5.8914554e-04
  -5.5316184e-04
  -5.3383949e-04
  -5.2921093e-04
  -5.1919185e-04
  -5.0918532e-04
  -5.0380242e-04
  -4.9961931e-04
  -4.9055347e-04
  -4.8148466e-04
  -4.7660017e-04
  -4.5622682e-04
  -4.1833285e-04
  -3.8036350e-04
  -3.5988729e-04
  -3.6095572e-04
  -3.6327580e-04
  -3.6560278e-04
  -3.6685857e-04
  -3.7590898e-04
  -4.2591689e-04
  -4.6225809e-04
  -4.5604315e-04
  -4.9786117e-04
  -5.5501105e-04
  -4.6074253e-04
  -3.8181588e-04
  -3.2235753e-04
  -3.9175957e-04
  -4.7539663e-04
  -4.3179558e-04
  -3.4231708e-04
  -4.0409163e-04
  -4.7800748e-04
  -4.7544222e-04
  -4.0292745e-04
  -2.8838781e-04
  -2.5550092e-04
  -2.6585253e-04
  -2.5223441e-04
  -2.2115255e-04
  -2.7368237e-04
  -5.0033550e-04
  -4.6334070e-04
  -5.6388894e-04
  -6.6184453e-04
  -6.3457045e-04
  -8.4657008e-04
  -7.2762169e-04
  -6.3370760e-04
  -6.5320999e-04
  -6.1294555e-04
  -5.4854413e-04
  -5.7454757e-04
  -5.4693216e-04
  -4.4806827e-04
  -5.9216955e-04
  -6.4456579e-04
  -5.2785257e-04
  -5.2780443e-04
  -4.9974564e-04
  -4.2594498e-04
  -4.3454682e-04
  -4.4576021e-04
  -3.5106488e-04
  -4.0820875e-04
  -3.9222442e-04
  -4.2755991e-04
  -5.0036978e-04
  -4.6651967e-04
  -4.4694191e-04
  -4.1343656e-04
  -4.1002952e-04
  -4.9981735e-04
  -5.2793961e-04
  -5.6922139e-04
  -4.9936465e-04
  -5.0705464e-04
  -6.1978410e-04
  -5.9870917e-04
  -5.1127258e-04
  -4.7735148e-04
  -5.6474912e-04
  -6.4294536e-04
  -5.4249219e-04
  -4.6287598e-04
  -4.5514772e-04
  -4.2553467e-04
  -4.7623496e-04
  -5.5073790e-04
  -5.6503988e-04
  -5.0673790e-04
  -4.8419208e-04
  -5.9116881e-04
  -5.8476544e-04
  -5.4386577e-04
  -5.6695368e-04
  -5.6448437e-04
  -5.8657546e-04
  -6.4824231e-04
  -6.7261547e-04
  -5.5923690e-04
  -5.9888957e-04
  -6.9345173e-04
  -7.8764984e-04
  -8.0090060e-04
  -6.0492519e-04
  -1.4312038e-03
  -3.2671687e-04
  -3.8505205e-04
  -1.9791373e-03
  -4.4705371e-04
   6.8622627e-04
  -1.1458908e-03
  -7.6231092e-04
  -7.7603385e-04
  -1.4729132e-03
  -8.2055766e-04
  -5.2120334e-04
  -5.7986832e-04
  -8.8322298e-04
  -1.1267276e-03
  -7.7335530e-04
  -5.2957235e-05
  -4.1217492e-04
  -9.7520502e-04
  -1.1026925e-03
  -9.9094765e-04
  -7.2224262e-04
  -7.8697173e-04
  -8.5342916e-04
  -8.4161730e-04
  -8.5334146e-04
  -7.7945223e-04
  -5.0899049e-04
  -7.5720553e-04
  -9.4895447e-04
  -7.6364769e-04
  -7.9521428e-04
  -7.9251082e-04
  -6.6590253e-04
  -7.8059367e-04
  -6.7472829e-04
  -7.0117584e-04
  -7.2303296e-04
  -6.3403282e-04
  -5.9452352e-04
  -7.1468822e-04
  -8.6597425e-04
  -8.1433914e-04
  -7.6367218e-04
  -7.8778308e-04
  -8.0624821e-04
  -7.5248475e-04
  -7.4118762e-04
  -7.8112976e-04
  -8.1831375e-04
  -7.0909023e-04
  -6.3613958e-04
  -6.9051384e-04
  -7.2293514e-04
  -6.7620412e-04
  -7.9519225e-04
  -8.0562874e-04
  -6.8162538e-04
  -5.8731391e-04
  -5.5559085e-04
  -7.1141014e-04
  -6.9118363e-04
  -6.8598454e-04
  -6.5828057e-04
  -6.9093296e-04
  -7.2536760e-04
  -8.0994034e-04
  -7.5007284e-04
  -6.6595796e-04
  -7.4991959e-04
  -8.1492319e-04
  -8.3544956e-04
  -7.6729258e-04
  -6.5183527e-04
  -7.5129272e-04
  -7.4443283e-04
  -6.2850290e-04
  -6.4309002e-04
  -6.1159451e-04
  -6.6233350e-04
  -8.2513289e-04
  -7.9566152e-04
  -7.1678380e-04
  -8.5734318e-04
  -9.0450708e-04
  -8.9961667e-04
  -9.9831624e-04
  -9.9881703e-04
  -8.6980424e-04
  -9.1873254e-04
  -8.8993039e-04
  -8.3262529e-04
  -7.7245191e-04
  -8.2091747e-04
  -8.1342518e-04
  -7.5276925e-04
  -8.0796871e-04
  -7.9734198e-04
  -8.7942377e-04
  -9.0418893e-04
  -7.6530161e-04
  -7.8885211e-04
  -8.5471033e-04
  -9.5664840e-04
  -8.4370510e-04
  -7.6827189e-04
  -8.3866556e-04
  -9.4680205e-04
  -9.0054356e-04
  -8.1220474e-04
  -7.5775899e-04
  -9.1837766e-04
  -1.0946562e-03
  -9.9559108e-04
  -7.6963704e-04
  -9.7598561e-04
  -1.0953058e-03
  -9.5436101e-04
  -1.1683014e-03
  -1.0889727e-03
  -7.3195788e-04
  -5.0217376e-04
  -7.3910273e-04
  -8.5632210e-04
  -1.0711011e-03
  -2.4759306e-03
  -3.2710954e-03
  -3.2109583e-03
  -2.3408924e-03
  -2.6039091e-03
  -2.8726367e-03
  -3.1361268e-03
  -5.4791644e-03
  -6.7472569e-03
  -2.2324764e-03
  -2.3749920e-03
  -1.1269803e-03
  -3.9258371e-03
  -6.7429947e-03
  -2.5268166e-03
  -4.2059649e-03
  -5.8880035e-03
  -4.3174020e-03
  -5.8835501e-03
  -7.4391281e-03
  -2.5079252e-03
   6.4667233e-04
  -2.5485156e-03
   6.6250163e-04
  -8.9106933e-04
  -4.0787290e-03
  -1.5934353e-02
