   3.9759395e-03
   1.7700899e-03
   1.2331944e-03
   1.1848753e-03
   2.8566937e-03
   4.2681257e-03
   2.5674887e-03
   2.3803119e-03
   3.2387462e-03
   2.9119395e-03
   3.1636018e-03
   2.4150628e-03
   2.4115563e-03
   1.3082937e-03
   1.6923710e-03
   4.0254034e-03
   3.3244191e-03
   2.3254155e-03
   2.2576232e-03
   3.2939268e-03
   3.7795046e-03
   3.5630078e-03
   4.0442124e-03
   4.1538171e-03
   4.4187172e-03
   4.5858190e-03
   4.6113923e-03
   4.7856442e-03
   4.9298303e-03
   4.8454093e-03
   4.9694166e-03
   5.0553400e-03
   5.2801479e-03
   5.0193396e-03
   5.1980434e-03
   5.3695159e-03
   5.2133072e-03
   5.3113168e-03
   5.3300027e-03
   5.2983242e-03
   5.2677524e-03
   5.5644987e-03
   5.6977742e-03
   5.8410933e-03
   5.8986639e-03
   5.8446379e-03
   5.2332806e-03
   5.3106926e-03
   5.4319183e-03
   5.3552799e-03
   5.6059853e-03
   5.6725405e-03
   5.6937827e-03
   5.7568558e-03
   5.9477416e-03
   5.8800220e-03
   5.9319886e-03
   5.9615735e-03
   6.0187310e-03
   5.9025041e-03
   6.1385588e-03
   6.1114632e-03
   6.1836309e-03
   6.2501195e-03
   6.2069755e-03
   6.2550513e-03
   6.3805207e-03
   6.5094484e-03
   6.4651805e-03
   6.5362026e-03
   6.5145295e-03
   6.6372662e-03
   6.7065269e-03
   6.6607483e-03
   6.6914798e-03
   6.7590018e-03
   6.7125036e-03
   6.7817101e-03
   6.7127584e-03
   6.7391107e-03
   6.7511057e-03
   6.7847058e-03
   6.7465538e-03
   6.7072898e-03
   6.7150512e-03
   6.7269110e-03
   6.7645698e-03
   6.7794101e-03
   6.7889214e-03
   6.7962131e-03
   6.8234212e-03
   6.8793584e-03
   6.8942068e-03
   6.9194732e-03
   6.9487249e-03
   7.0533894e-03
   7.0910970e-03
   7.1130874e-03
   7.1071778e-03
   7.1316518e-03
   7.1644385e-03
   7.2103660e-03
   7.3103709e-03
   7.3137580e-03
   7.3903136e-03
   7.4536282e-03
   7.5485243e-03
   7.6261898e-03
   7.7008597e-03
   7.7783800e-03
   7.8569765e-03
   7.9212468e-03
   7.9558253e-03
   8.0333757e-03
   8.1078271e-03
   8.1312746e-03
   8.2145668e-03
   8.2553847e-03
   8.3164934e-03
   8.3573149e-03
   8.4134489e-03
   8.5068131e-03
   8.5778497e-03
   8.6650605e-03
   8.7557171e-03
   8.8685399e-03
   8.9359722e-03
   9.0349198e-03
   9.1220403e-03
   9.2295935e-03
   9.3232722e-03
   9.4621782e-03
   9.5497381e-03
   9.5940296e-03
   9.6088016e-03
   9.6855221e-03
   9.7689201e-03
   9.8128958e-03
   9.8654206e-03
   9.9209034e-03
   9.9867554e-03
   1.0041264e-02
   1.0104764e-02
   1.0162737e-02
   1.0219171e-02
   1.0241647e-02
   1.0260559e-02
   1.0247617e-02
   1.0234956e-02
   1.0220089e-02
   1.0260971e-02
   1.0312001e-02
   1.0382652e-02
   1.0441594e-02
   1.0515606e-02
   1.0575967e-02
   1.0641847e-02
   1.0704402e-02
   1.0766019e-02
   1.0814193e-02
   1.0857349e-02
   1.0889177e-02
   1.0910689e-02
   1.0968440e-02
   1.0983937e-02
   1.1010020e-02
   1.1055228e-02
   1.1063790e-02
   1.1088626e-02
   1.1086934e-02
   1.1073790e-02
   1.1059862e-02
   1.1049657e-02
   1.1022437e-02
   1.0979817e-02
   1.1016704e-02
   1.1034927e-02
   1.1042069e-02
   1.1068060e-02
   1.1086203e-02
   1.1082707e-02
   1.1075796e-02
   1.1071591e-02
   1.1026377e-02
   1.0983330e-02
   1.0903292e-02
   1.0790895e-02
   1.0674208e-02
   1.0542366e-02
   1.0361210e-02
   1.0175450e-02
   9.9517946e-03
   9.6671574e-03
   9.3830963e-03
   9.0683528e-03
   8.7370861e-03
   8.3942071e-03
   8.0355420e-03
   7.6992813e-03
   7.3342867e-03
   6.9984734e-03
   6.6715740e-03
   6.3249745e-03
   5.9486866e-03
   5.5714372e-03
   5.1939207e-03
   4.8537083e-03
   4.5766962e-03
   4.3687517e-03
   4.2297962e-03
   4.1251906e-03
   4.0562280e-03
   4.0044491e-03
   3.9349642e-03
   3.8537180e-03
   3.7988561e-03
   3.7344076e-03
   3.6767836e-03
   3.6272052e-03
   3.5777783e-03
   3.5802950e-03
   3.5573450e-03
   3.5493235e-03
   3.5256789e-03
   3.5087084e-03
   3.4724302e-03
   3.4245332e-03
   3.3889682e-03
   3.3133355e-03
   3.2941129e-03
   3.2102837e-03
   3.1773048e-03
   3.1426253e-03
   3.1161352e-03
   3.0589492e-03
   3.0322816e-03
   2.9891609e-03
   2.9561798e-03
   2.9148343e-03
   2.8634620e-03
   2.8148284e-03
   2.7966951e-03
   2.7319810e-03
   2.6808378e-03
   2.6164126e-03
   2.5456672e-03
   2.4685528e-03
   2.3910256e-03
   2.3586034e-03
   2.3223916e-03
   2.2727342e-03
   2.2025028e-03
   2.1989193e-03
   2.1986609e-03
   2.2036924e-03
   2.2333995e-03
   2.2385522e-03
   2.2481529e-03
   2.2421403e-03
   2.2626312e-03
   2.2547895e-03
   2.2187100e-03
   2.2297971e-03
   2.1896284e-03
   2.1846627e-03
   2.1652290e-03
   2.0742233e-03
   1.9887938e-03
   1.9217211e-03
   1.8292146e-03
   1.7511984e-03
   1.6720237e-03
   1.6040452e-03
   1.5518367e-03
   1.4592792e-03
   1.4010430e-03
   1.3207635e-03
   1.2382827e-03
   1.1960748e-03
   1.1038034e-03
   1.0585750e-03
   9.7027477e-04
   8.9218270e-04
   8.0725109e-04
   7.4785364e-04
   6.9768596e-04
   6.6253753e-04
   5.9168212e-04
   5.1943539e-04
   4.6953285e-04
   4.6150807e-04
   4.1737254e-04
   3.5703777e-04
   3.2101140e-04
   2.8037033e-04
   2.1996451e-04
   2.0252631e-04
   1.7785425e-04
   1.5734961e-04
   1.3842731e-04
   1.4100577e-04
   1.2597216e-04
   1.2055392e-04
   1.6056500e-04
   1.1330852e-04
   1.2248996e-04
   1.2674438e-04
   1.1474237e-04
   8.7812153e-05
   1.1331344e-04
   1.1040537e-04
   9.6553054e-05
   7.7363790e-05
   9.9493235e-05
   3.9208311e-05
   1.0783921e-04
   1.1298096e-04
   7.7209419e-05
   5.1359465e-05
   3.7333736e-05
   4.7044612e-05
   8.6917433e-05
   3.3414221e-05
   5.2619258e-05
   4.3176329e-05
   2.0762111e-05
   5.3336650e-05
   5.2180338e-05
   3.3616008e-05
   3.1380650e-05
   2.9180464e-05
   2.5055143e-05
   4.0995389e-05
   6.8035582e-05
   5.8474512e-05
   1.8062782e-05
   2.8279754e-05
   4.9294951e-05
   4.4679127e-05
   5.4707378e-05
   8.3934085e-05
   2.2818099e-05
   5.6414964e-05
   8.0636390e-05
   5.9820353e-05
   4.9475858e-05
   5.1281618e-05
   1.3927518e-04
   8.8498284e-05
   1.3251960e-04
   6.3487275e-05
   5.5467541e-05
   4.5509314e-05
   1.9139856e-05
   1.1323436e-05
   3.6511252e-05
  -7.7860710e-05
   1.0663088e-05
  -1.7782775e-05
   5.3657941e-05
  -6.0315580e-05
  -6.5441134e-05
  -1.2768754e-04
  -1.2960830e-04
  -9.9296763e-05
  -1.5171715e-04
  -9.8420791e-05
  -1.5433517e-04
  -2.1337427e-04
  -1.7844095e-04
  -9.3117913e-05
  -1.8139561e-04
  -1.7679529e-04
  -1.4965079e-04
  -1.9815767e-04
  -2.2019448e-04
  -1.6168091e-04
  -1.2873987e-04
  -2.5850528e-04
  -1.3344167e-04
  -1.2197429e-04
  -1.3545233e-04
  -1.9246011e-04
  -1.4029043e-04
  -1.7748738e-04
  -2.0261742e-04
  -1.6068352e-04
  -1.7939510e-04
  -1.8568617e-04
  -2.0357682e-04
  -2.1605253e-04
  -2.5470659e-04
  -1.7520145e-04
  -1.2312693e-04
  -1.7301449e-04
  -2.1597992e-04
  -2.0889886e-04
  -3.1734768e-04
  -2.0039680e-04
  -1.9096385e-04
  -2.0698911e-04
  -2.3533031e-04
  -2.6523374e-04
  -3.0503556e-04
  -2.4548721e-04
  -1.9000731e-04
  -2.1735284e-04
  -2.4439946e-04
  -2.1109322e-04
  -2.5149533e-04
  -2.5353520e-04
  -2.3908367e-04
  -1.9693973e-04
  -2.4224922e-04
  -2.3000161e-04
  -3.1441873e-04
  -2.5997714e-04
  -4.0668188e-04
  -5.0802881e-04
  -2.3409783e-04
  -3.4623333e-04
  -1.3471276e-04
  -3.1810339e-04
  -4.9912379e-04
  -2.2710443e-04
  -3.5330382e-04
  -4.6841625e-04
  -2.4735407e-04
  -4.5829159e-04
  -3.0232575e-04
  -4.5589495e-04
  -3.9933267e-04
  -3.8814487e-04
  -4.1045034e-04
  -1.2481782e-04
  -5.0985453e-04
  -5.7342406e-04
  -1.0785578e-04
  -2.9538671e-04
  -3.8248668e-04
  -2.1588848e-04
  -3.6400410e-04
  -5.4783314e-04
  -5.9994211e-04
  -3.3852508e-04
  -5.1314392e-04
  -2.6732807e-04
  -1.0996777e-04
  -5.0813694e-04
  -5.8294355e-04
  -1.7765414e-04
   4.4209221e-05
  -5.0387066e-04
  -2.0454961e-04
  -5.7596257e-05
  -5.8577895e-04
  -3.8676674e-04
  -2.3715341e-04
  -4.7213028e-04
  -7.6646954e-04
  -3.5176189e-04
  -1.2605687e-04
  -2.7465210e-04
  -3.5245246e-04
  -3.5245246e-04
  -7.1867695e-04
  -5.2372954e-04
  -5.8074593e-04
  -5.8559779e-04
  -8.2410584e-04
  -1.9294326e-04
  -5.8711199e-04
  -6.5793868e-04
  -7.4263404e-04
   1.6927149e-04
  -5.1492735e-04
  -6.3585766e-04
  -2.9061284e-04
  -6.1276264e-04
  -2.8210203e-04
  -1.8387902e-04
   1.6661031e-05
  -3.1677228e-04
  -4.9072510e-04
  -5.6833058e-04
  -1.6010383e-04
  -1.9537057e-04
  -3.8550155e-04
  -4.6987899e-04
  -9.0516046e-05
  -1.4251996e-04
   1.6903851e-04
   3.1784246e-04
   1.8871529e-04
  -5.2837821e-05
   4.4767313e-05
   5.3845974e-05
   7.3532688e-05
  -1.3113100e-04
  -6.3470027e-05
  -1.3517833e-04
  -4.1489340e-04
  -5.9624621e-04
  -7.0704052e-04
  -7.1650950e-04
  -7.4099890e-04
  -7.6530290e-04
  -7.8016795e-04
  -7.5645357e-04
  -7.0520763e-04
  -6.5414547e-04
  -6.2672659e-04
  -6.0755299e-04
  -5.6604894e-04
  -5.2459748e-04
  -5.0229902e-04
  -4.9671522e-04
  -4.8461382e-04
  -4.7250870e-04
  -4.6598867e-04
  -4.4448014e-04
  -4.0447489e-04
  -3.6439010e-04
  -3.4277290e-04
  -3.4548072e-04
  -3.5136062e-04
  -3.5725808e-04
  -3.6044094e-04
  -3.6354467e-04
  -3.8069471e-04
  -6.0566073e-04
  -6.1194853e-04
  -4.8198816e-04
  -6.1975207e-04
  -4.2748795e-04
  -3.6720096e-04
  -3.7268114e-04
  -3.7354782e-04
  -5.6747555e-04
  -3.7968126e-04
  -2.5836416e-04
  -3.8219451e-04
  -4.4140523e-04
  -5.0178560e-04
  -5.6153773e-04
  -2.2407785e-04
  -5.0497221e-06
  -3.2621861e-04
  -3.6307803e-04
  -1.9180020e-04
  -5.1602152e-04
  -7.6886508e-04
  -5.8591859e-04
  -5.5460666e-04
  -6.9580500e-04
  -7.0054965e-04
  -8.5943745e-04
  -7.0340569e-04
  -8.4474859e-04
  -8.5124013e-04
  -7.3896409e-04
  -5.5370882e-04
  -6.0771808e-04
  -6.5036088e-04
  -4.3664070e-04
  -6.1481461e-04
  -7.0111082e-04
  -5.6229561e-04
  -5.0433712e-04
  -5.9062875e-04
  -4.7474666e-04
  -2.8790600e-04
  -4.1360071e-04
  -3.4783955e-04
  -4.8608420e-04
  -3.7208561e-04
  -3.3117801e-04
  -5.2373057e-04
  -4.6953925e-04
  -3.6064066e-04
  -3.6947336e-04
  -3.7741142e-04
  -4.3946410e-04
  -6.0664729e-04
  -7.1735743e-04
  -5.4844633e-04
  -5.4518439e-04
  -5.9038674e-04
  -5.7347642e-04
  -4.8985911e-04
  -5.4949572e-04
  -6.2859645e-04
  -6.4211743e-04
  -5.3916207e-04
  -4.4094852e-04
  -4.0119028e-04
  -3.0692068e-04
  -3.5838684e-04
  -5.6501765e-04
  -6.0980460e-04
  -4.3035078e-04
  -4.6877030e-04
  -6.8650480e-04
  -6.7451947e-04
  -5.9393793e-04
  -6.3173906e-04
  -6.7177648e-04
  -7.2837426e-04
  -8.0512388e-04
  -6.9034454e-04
  -6.1479331e-04
  -8.1479365e-04
  -7.4511981e-04
  -6.5899438e-04
  -5.6307260e-04
  -9.7822758e-04
  -2.8651042e-03
  -1.7534575e-03
  -2.8859838e-03
  -5.5778309e-03
  -2.2747723e-03
  -2.3881788e-03
  -9.3637112e-04
   5.1209349e-04
  -1.0044204e-03
  -2.3629545e-03
  -1.0451163e-03
   1.4702123e-03
   1.2200404e-03
  -9.3637112e-04
  -9.5008246e-04
  -9.7048795e-04
  -3.6567919e-04
   1.6550108e-04
  -9.6312022e-04
  -1.4550043e-03
  -1.3993692e-03
  -9.7448518e-04
  -3.2675003e-04
  -4.6501688e-04
  -5.4620012e-04
  -9.7390661e-04
  -9.7624768e-04
  -9.7983062e-04
  -9.7479621e-04
  -9.7519355e-04
  -1.1731960e-03
  -9.8067535e-04
  -8.2200844e-04
  -7.0820584e-04
  -7.3836909e-04
  -7.5870575e-04
  -8.7626134e-04
  -7.8450466e-04
  -6.1488984e-04
  -6.3220929e-04
  -8.0903056e-04
  -9.7849337e-04
  -8.2151747e-04
  -7.4683768e-04
  -9.7689763e-04
  -9.7567663e-04
  -7.4794056e-04
  -6.8246912e-04
  -7.5800824e-04
  -7.5691211e-04
  -6.1261412e-04
  -6.1205617e-04
  -6.8519560e-04
  -6.8570336e-04
  -6.7695986e-04
  -8.9835766e-04
  -8.1530952e-04
  -6.5187138e-04
  -6.5521920e-04
  -5.0007880e-04
  -6.5750741e-04
  -7.3674028e-04
  -6.5656945e-04
  -6.4949570e-04
  -8.0538368e-04
  -8.0592336e-04
  -7.2281420e-04
  -5.5665091e-04
  -4.7205249e-04
  -5.5430586e-04
  -6.4082827e-04
  -7.2612455e-04
  -7.1980026e-04
  -4.5621172e-04
  -6.1927174e-04
  -7.8807431e-04
  -6.9659186e-04
  -6.0263292e-04
  -6.9023469e-04
  -7.8162572e-04
  -7.8606496e-04
  -6.9212932e-04
  -6.8010556e-04
  -9.6503808e-04
  -8.7185275e-04
  -9.6925897e-04
  -9.6308076e-04
  -8.6093360e-04
  -7.6121716e-04
  -8.6174691e-04
  -8.5754150e-04
  -8.5610143e-04
  -8.5626647e-04
  -8.5237324e-04
  -8.4845996e-04
  -9.6664106e-04
  -9.6904686e-04
  -7.2766049e-04
  -9.6729925e-04
  -1.0869904e-03
  -9.6045341e-04
  -9.6797759e-04
  -9.6854485e-04
  -9.6691443e-04
  -8.1685058e-04
  -8.1599185e-04
  -8.1700585e-04
  -8.1441018e-04
  -8.0220264e-04
  -6.3919263e-04
  -4.5529570e-04
  -9.5071234e-04
  -9.5782708e-04
  -9.5953735e-04
  -9.5782555e-04
  -1.1901042e-03
  -9.5701602e-04
  -9.5483007e-04
  -9.5219966e-04
  -9.5511160e-04
  -9.5196373e-04
  -1.5442817e-03
  -9.4808900e-04
  -6.7752048e-05
  -9.5459477e-04
  -6.5646001e-03
  -4.4430721e-03
  -9.3637112e-04
  -3.5306587e-03
  -7.0749796e-03
  -8.0482056e-03
  -4.9683395e-03
  -9.7166371e-03
  -1.9210179e-02
  -8.5626498e-04
  -9.3637112e-04
  -9.3637112e-04
  -8.4147756e-04
  -6.5829494e-03
  -8.3720253e-04
  -9.3637112e-04
  -1.3939846e-02
  -7.6239573e-03
  -7.4561344e-03
  -7.1867966e-03
  -6.2133815e-04
  -8.3204453e-04
  -8.3340196e-04
  -7.4209963e-03
  -1.3453322e-02
  -1.3542619e-02
  -1.4392761e-02
