   2.6289200e-03   1.5328688e-02   4.1733900e-01
   2.9030400e-03   1.6848000e-02   4.8737000e-01
   3.0065600e-03   1.7917000e-02   4.6855430e-01
   3.1668000e-03   1.8200000e-02   5.2471875e-01
   3.7677000e-03   2.0821500e-02   5.3803500e-01
   4.0677600e-03   2.1186250e-02   5.7426080e-01
   4.1225600e-03   2.1554250e-02   5.8023200e-01
   3.8315000e-03   2.2465625e-02   6.1734700e-01
   4.3600000e-03   2.6568750e-02   6.4646440e-01
   4.9395200e-03   2.7880000e-02   6.1397130e-01
   4.8373800e-03   2.9688875e-02   6.8912850e-01
   5.6184800e-03   3.4147750e-02   7.5862800e-01
   6.8326800e-03   4.3144500e-02   8.7887030e-01
   9.0470400e-03   6.0496000e-02   1.1028175e+00
   1.2320550e-02   9.0692938e-02   1.4771505e+00
   1.7458240e-02   1.3807825e-01   1.9040925e+00
   2.6069940e-02   2.1741023e-01   2.6639570e+00
   3.8998620e-02   3.2785407e-01   3.7440785e+00
   5.2171680e-02   4.4682825e-01   4.7530220e+00
   7.7292540e-02   6.5926425e-01   6.5840020e+00
   1.0935720e-01   9.4168700e-01   8.1817560e+00
   1.3466816e-01   1.1556765e+00   1.0997830e+01
   1.6775500e-01   1.4385000e+00   1.2412230e+01
   2.0487450e-01   1.7545095e+00   1.4334310e+01
   2.5946218e-01   2.2118193e+00   1.6772850e+01
   3.0099870e-01   2.5633427e+00   1.9884880e+01
   3.4746078e-01   2.9481445e+00   2.2212675e+01
   3.8843422e-01   3.2786843e+00   2.3655310e+01
   4.3913024e-01   3.6882345e+00   2.6398310e+01
   5.1898580e-01   4.3362227e+00   3.0234905e+01
   5.9020766e-01   4.9112035e+00   3.5537230e+01
   6.8000242e-01   5.6284770e+00   3.8638165e+01
   7.2060912e-01   5.9419290e+00   4.0205070e+01
   7.5035500e-01   6.1470125e+00   4.1053760e+01
   7.5701550e-01   6.1689225e+00   4.1002210e+01
   7.5704514e-01   6.1287230e+00   4.0469360e+01
   7.3933412e-01   5.9437858e+00   4.0163005e+01
   7.7139678e-01   6.1539848e+00   4.0555140e+01
   8.2444440e-01   6.5335808e+00   4.2505935e+01
   8.6341382e-01   6.8018505e+00   4.4314080e+01
   8.5924802e-01   6.7180547e+00   4.4967970e+01
   8.8664348e-01   6.8776657e+00   4.3625930e+01
   8.9835692e-01   6.9143830e+00   4.3105965e+01
   9.3712622e-01   7.1533140e+00   4.4120440e+01
   9.6552640e-01   7.3137095e+00   4.5614965e+01
   1.0145252e+00   7.6187110e+00   4.6884875e+01
   1.0543579e+00   7.8557615e+00   5.4295780e+01
   1.0739564e+00   7.9401435e+00   5.5392020e+01
   1.0816632e+00   7.9267275e+00   5.4152725e+01
   1.0306232e+00   7.4827860e+00   5.1095550e+01
   1.0394665e+00   7.4773162e+00   5.0479445e+01
   1.0682746e+00   7.6212323e+00   5.1534995e+01
   1.1501546e+00   8.1519680e+00   5.3699675e+01
   1.1860926e+00   8.3450218e+00   5.5337575e+01
   1.2674620e+00   8.8404780e+00   5.8260525e+01
   1.3228646e+00   9.1644445e+00   6.0090675e+01
   1.3451736e+00   9.2416528e+00   6.2024075e+01
   1.3552734e+00   9.2386767e+00   6.1529250e+01
   1.3333088e+00   9.0095807e+00   6.0519390e+01
   1.2872914e+00   8.6110210e+00   5.8649580e+01
   1.3014300e+00   8.6342395e+00   5.8800555e+01
   1.4251944e+00   9.3906322e+00   6.3640310e+01
   1.5171270e+00   9.9367815e+00   6.7164530e+01
   1.5121764e+00   9.8547883e+00   6.6526190e+01
   1.4005534e+00   9.0545907e+00   6.1285700e+01
   1.2529704e+00   8.0169725e+00   5.4859740e+01
   1.1826692e+00   7.4894537e+00   5.1581550e+01
   1.2554138e+00   7.8848635e+00   5.4389235e+01
   1.3537006e+00   8.4505300e+00   5.8799005e+01
   1.4634936e+00   9.0743025e+00   6.3466685e+01
   1.5822772e+00   9.7501317e+00   6.8189525e+01
   1.5112248e+00   9.2458220e+00   6.4709640e+01
   1.4330836e+00   8.6940115e+00   6.1574745e+01
   1.4138920e+00   8.5041508e+00   6.0422400e+01
   1.5224044e+00   9.1004820e+00   6.5140005e+01
   1.7164992e+00   1.0206362e+01   7.3159795e+01
   2.0061206e+00   1.1888265e+01   8.6559680e+01
   2.1817696e+00   1.2869980e+01   9.4128370e+01
   2.1592466e+00   1.2681173e+01   9.3831080e+01
   2.0773120e+00   1.2134783e+01   9.0164305e+01
   2.0214188e+00   1.1733912e+01   8.8812610e+01
   2.1879418e+00   1.2576653e+01   9.7081620e+01
   2.4874536e+00   1.4157780e+01   1.1112330e+02
   2.7249450e+00   1.5427765e+01   1.2255250e+02
   2.6826642e+00   1.5144800e+01   1.2091270e+02
   2.5525652e+00   1.4345135e+01   1.1544090e+02
   2.4767776e+00   1.3836788e+01   1.1206520e+02
   2.4179520e+00   1.3421825e+01   1.0967865e+02
   2.3601368e+00   1.3013790e+01   1.0759910e+02
   2.3390394e+00   1.2820242e+01   1.0724085e+02
   2.3064844e+00   1.2562358e+01   1.0627370e+02
   2.2823688e+00   1.2354992e+01   1.0543570e+02
   2.2391212e+00   1.2051695e+01   1.0417880e+02
   2.1956198e+00   1.1748930e+01   1.0267535e+02
   2.1140240e+00   1.1243223e+01   9.9414395e+01
   1.9975274e+00   1.0555935e+01   9.4018680e+01
   2.0181886e+00   1.0589270e+01   9.5723935e+01
   2.2046420e+00   1.1488733e+01   1.0514650e+02
   2.4147922e+00   1.2505520e+01   1.1605095e+02
   2.4683078e+00   1.2715970e+01   1.1890980e+02
   2.4529238e+00   1.2580295e+01   1.1830650e+02
   2.4458202e+00   1.2476743e+01   1.1858495e+02
   2.4607720e+00   1.2486257e+01   1.1943965e+02
   2.4891608e+00   1.2558527e+01   1.2194340e+02
   2.5115376e+00   1.2598015e+01   1.2340810e+02
   2.4926970e+00   1.2424438e+01   1.2274880e+02
   2.5037252e+00   1.2404200e+01   1.2376355e+02
   2.5498168e+00   1.2556670e+01   1.2657330e+02
   2.6277968e+00   1.2869778e+01   1.3087300e+02
   2.6602748e+00   1.2954087e+01   1.3307000e+02
   2.6518926e+00   1.2831315e+01   1.3302450e+02
   2.6324882e+00   1.2645198e+01   1.3262905e+02
   2.6442160e+00   1.2617327e+01   1.3358080e+02
   2.6233570e+00   1.2443615e+01   1.3295120e+02
   2.6413590e+00   1.2453100e+01   1.3415625e+02
   2.7370498e+00   1.2807040e+01   1.3936350e+02
   2.8377562e+00   1.3161708e+01   1.4423290e+02
   2.8342328e+00   1.3020160e+01   1.4404880e+02
   2.7546872e+00   1.2552068e+01   1.4007165e+02
   2.6646710e+00   1.2051797e+01   1.3572410e+02
   2.6063698e+00   1.1703682e+01   1.3326245e+02
   2.5778846e+00   1.1495668e+01   1.3188755e+02
   2.5675838e+00   1.1368120e+01   1.3174710e+02
   2.5817532e+00   1.1353915e+01   1.3289980e+02
   2.5866968e+00   1.1301223e+01   1.3372480e+02
   2.5980832e+00   1.1278055e+01   1.3468055e+02
   2.6057286e+00   1.1237875e+01   1.3565605e+02
   2.6196850e+00   1.1226233e+01   1.3646140e+02
   2.5863934e+00   1.1017480e+01   1.3480435e+02
   2.4720818e+00   1.0483368e+01   1.2904950e+02
   2.3598508e+00   9.9724958e+00   1.2354200e+02
   2.4384618e+00   1.0240237e+01   1.2763030e+02
   2.7216956e+00   1.1337463e+01   1.4287695e+02
   2.8597986e+00   1.1827485e+01   1.5085935e+02
   2.7614140e+00   1.1371813e+01   1.4613640e+02
   2.6125754e+00   1.0716635e+01   1.3867595e+02
   2.5192718e+00   1.0296445e+01   1.3418420e+02
   2.5035974e+00   1.0195851e+01   1.3398470e+02
   2.5022100e+00   1.0161028e+01   1.3466870e+02
   2.4679766e+00   9.9929420e+00   1.3368475e+02
   2.4039978e+00   9.7036330e+00   1.3073880e+02
   2.3294060e+00   9.3752655e+00   1.2774680e+02
   2.2737896e+00   9.1295710e+00   1.2595160e+02
   2.2583190e+00   9.0509303e+00   1.2643120e+02
   2.2782554e+00   9.1207825e+00   1.2848215e+02
   2.2846984e+00   9.1450815e+00   1.2984030e+02
   2.2794076e+00   9.1370230e+00   1.3064935e+02
   2.2797376e+00   9.1609405e+00   1.3180770e+02
   2.2652152e+00   9.1296557e+00   1.3209830e+02
   2.2305638e+00   9.0028473e+00   1.3124795e+02
   2.1769374e+00   8.7736088e+00   1.2874160e+02
   2.1038432e+00   8.4515705e+00   1.2491880e+02
   2.0578024e+00   8.2245280e+00   1.2258385e+02
   2.0729024e+00   8.2456220e+00   1.2395175e+02
   2.1164234e+00   8.3815422e+00   1.2698560e+02
   2.1372276e+00   8.4268638e+00   1.2859715e+02
   2.1454156e+00   8.4191272e+00   1.2960700e+02
   2.1208290e+00   8.2808445e+00   1.2852580e+02
   2.0988256e+00   8.1507300e+00   1.2744995e+02
   2.1005208e+00   8.1220363e+00   1.2804745e+02
   2.1271104e+00   8.1944400e+00   1.3037720e+02
   2.1048504e+00   8.0770808e+00   1.2959625e+02
   2.0732890e+00   7.9332110e+00   1.2829930e+02
   2.0590056e+00   7.8536580e+00   1.2787795e+02
   2.0522618e+00   7.8052263e+00   1.2821300e+02
   2.0353830e+00   7.7187532e+00   1.2767135e+02
   1.9980486e+00   7.5610747e+00   1.2605390e+02
   1.9674714e+00   7.4310155e+00   1.2506180e+02
   1.9563572e+00   7.3769628e+00   1.2522060e+02
   1.9510338e+00   7.3481853e+00   1.2573715e+02
   1.9291534e+00   7.2587585e+00   1.2508005e+02
   1.8869328e+00   7.0991550e+00   1.2305300e+02
   1.8655042e+00   7.0172665e+00   1.2248290e+02
   1.9130422e+00   7.1977925e+00   1.2647925e+02
   2.0047448e+00   7.5359360e+00   1.3339880e+02
   2.0613506e+00   7.7346973e+00   1.3788320e+02
   2.0402906e+00   7.6307842e+00   1.3697425e+02
   1.9748880e+00   7.3623700e+00   1.3320020e+02
   1.8987568e+00   7.0565075e+00   1.2866255e+02
   1.8529896e+00   6.8688650e+00   1.2609690e+02
   1.8256838e+00   6.7526990e+00   1.2499130e+02
   1.8109280e+00   6.6871725e+00   1.2477790e+02
   1.7882046e+00   6.5896033e+00   1.2385440e+02
   1.7590386e+00   6.4772420e+00   1.2276715e+02
   1.7248952e+00   6.3487350e+00   1.2145420e+02
   1.6876606e+00   6.2133243e+00   1.2023095e+02
   1.6478614e+00   6.0702348e+00   1.1893385e+02
   1.6321534e+00   6.0159360e+00   1.1892655e+02
   1.6262940e+00   6.0032100e+00   1.1964490e+02
   1.6145930e+00   5.9681770e+00   1.2003280e+02
   1.5985862e+00   5.9191005e+00   1.1982300e+02
   1.5857572e+00   5.8843442e+00   1.1966410e+02
   1.5848964e+00   5.8918575e+00   1.2039530e+02
   1.5971840e+00   5.9474165e+00   1.2182595e+02
   1.6092750e+00   6.0067280e+00   1.2345005e+02
   1.6052004e+00   6.0056737e+00   1.2400890e+02
   1.5764790e+00   5.9164417e+00   1.2313870e+02
   1.5129036e+00   5.7077345e+00   1.2068085e+02
   1.4193414e+00   5.3941315e+00   1.1636015e+02
   1.3476708e+00   5.1564890e+00   1.1336050e+02
   1.3292224e+00   5.1032025e+00   1.1318785e+02
   1.3376300e+00   5.1398578e+00   1.1455415e+02
   1.3470534e+00   5.1767477e+00   1.1559795e+02
   1.3587870e+00   5.2155285e+00   1.1680515e+02
   1.3774580e+00   5.2781435e+00   1.1803110e+02
   1.3877982e+00   5.3087495e+00   1.1861305e+02
   1.3910950e+00   5.3063983e+00   1.1843440e+02
   1.3937352e+00   5.3007785e+00   1.1824190e+02
   1.3944584e+00   5.2864395e+00   1.1812500e+02
   1.3926978e+00   5.2628595e+00   1.1804870e+02
   1.3794800e+00   5.1958820e+00   1.1723545e+02
   1.3620930e+00   5.1138652e+00   1.1587360e+02
   1.3455492e+00   5.0320605e+00   1.1452960e+02
   1.3328866e+00   4.9675770e+00   1.1376900e+02
   1.3291972e+00   4.9322187e+00   1.1377260e+02
   1.3309068e+00   4.9334640e+00   1.1427590e+02
   1.3314578e+00   4.9275762e+00   1.1466840e+02
   1.3312716e+00   4.9203435e+00   1.1512500e+02
   1.3353986e+00   4.9147418e+00   1.1566125e+02
   1.3390712e+00   4.9192675e+00   1.1630525e+02
   1.3331412e+00   4.9014428e+00   1.1602880e+02
   1.3186320e+00   4.8520012e+00   1.1503135e+02
   1.2990346e+00   4.7770545e+00   1.1372910e+02
   1.2761634e+00   4.6882605e+00   1.1264375e+02
   1.2510414e+00   4.5947330e+00   1.1185365e+02
   1.2312828e+00   4.5134005e+00   1.1115310e+02
   1.2217716e+00   4.4585058e+00   1.1094875e+02
   1.2252982e+00   4.4401398e+00   1.1120385e+02
   1.2362110e+00   4.4453710e+00   1.1189145e+02
   1.2494948e+00   4.4609910e+00   1.1282885e+02
   1.2591240e+00   4.4711767e+00   1.1356670e+02
   1.2687386e+00   4.4752500e+00   1.1428365e+02
   1.2709768e+00   4.4594040e+00   1.1432430e+02
   1.2615544e+00   4.4026488e+00   1.1361700e+02
   1.2517680e+00   4.3493425e+00   1.1277745e+02
   1.2427620e+00   4.3082945e+00   1.1222520e+02
   1.2186890e+00   4.2231250e+00   1.1104315e+02
   1.1719408e+00   4.0716012e+00   1.0867785e+02
   1.1251192e+00   3.9260587e+00   1.0634610e+02
   1.1133277e+00   3.8765660e+00   1.0561610e+02
   1.1276750e+00   3.9071855e+00   1.0664730e+02
   1.1544312e+00   3.9674870e+00   1.0835590e+02
   1.1552512e+00   3.9526092e+00   1.0826685e+02
   1.1206148e+00   3.8239662e+00   1.0477965e+02
   1.0940167e+00   3.7192698e+00   1.0209745e+02
   1.1076348e+00   3.7510132e+00   1.0297525e+02
   1.1528398e+00   3.8819257e+00   1.0659410e+02
   1.1801156e+00   3.9548603e+00   1.0862380e+02
   1.1899524e+00   3.9745700e+00   1.0920890e+02
   1.1894842e+00   3.9593255e+00   1.0913000e+02
   1.1829636e+00   3.9114930e+00   1.0859695e+02
   1.1770124e+00   3.8651563e+00   1.0836075e+02
   1.1745924e+00   3.8369110e+00   1.0810055e+02
   1.1716050e+00   3.8140477e+00   1.0790530e+02
   1.1677350e+00   3.7849665e+00   1.0752245e+02
   1.1635230e+00   3.7605558e+00   1.0740080e+02
   1.1660748e+00   3.7510233e+00   1.0754780e+02
   1.1660604e+00   3.7373262e+00   1.0765840e+02
   1.1664532e+00   3.7192165e+00   1.0767275e+02
   1.1636018e+00   3.6998910e+00   1.0770370e+02
   1.1601894e+00   3.6768292e+00   1.0752160e+02
   1.1539474e+00   3.6464025e+00   1.0728900e+02
   1.1405538e+00   3.5913213e+00   1.0639490e+02
   1.0920116e+00   3.4459070e+00   1.0322470e+02
   9.9205412e-01   3.1555375e+00   9.6654845e+01
   9.0667964e-01   2.9112662e+00   9.1411910e+01
   8.9332008e-01   2.8693270e+00   9.1127590e+01
   9.1440278e-01   2.9287528e+00   9.3247870e+01
   9.1459068e-01   2.9251690e+00   9.3841315e+01
   9.0079060e-01   2.8809000e+00   9.3250550e+01
   9.0817038e-01   2.8925310e+00   9.3642140e+01
   9.3428440e-01   2.9604652e+00   9.5254150e+01
   9.3992682e-01   2.9719407e+00   9.5847825e+01
   9.1898228e-01   2.9135218e+00   9.4969635e+01
   9.1099748e-01   2.8780662e+00   9.4823135e+01
   9.3219762e-01   2.9149455e+00   9.6163875e+01
   9.5580878e-01   2.9600980e+00   9.7642085e+01
   9.6781356e-01   2.9767027e+00   9.8414710e+01
   9.7083032e-01   2.9630368e+00   9.8220200e+01
   9.7174150e-01   2.9501655e+00   9.7895715e+01
   9.6988432e-01   2.9267808e+00   9.7357460e+01
   9.6351560e-01   2.8972760e+00   9.6618050e+01
   9.4533372e-01   2.8353038e+00   9.5152275e+01
   8.9707500e-01   2.7014062e+00   9.2137855e+01
   7.9097160e-01   2.4151980e+00   8.4959820e+01
   6.6189772e-01   2.0615155e+00   7.5777000e+01
   5.7630612e-01   1.8277057e+00   6.9474375e+01
   5.9701154e-01   1.8763950e+00   7.0990550e+01
   6.4462252e-01   2.0038750e+00   7.4657865e+01
   6.5294138e-01   2.0208145e+00   7.5398355e+01
   6.1764324e-01   1.9229990e+00   7.3061770e+01
   6.0100588e-01   1.8777937e+00   7.2054720e+01
   6.0479298e-01   1.8750513e+00   7.2338740e+01
   6.1413996e-01   1.8994058e+00   7.3122060e+01
   6.4372252e-01   1.9706335e+00   7.5203470e+01
   7.0006560e-01   2.1138000e+00   7.9046845e+01
   7.6014542e-01   2.2613652e+00   8.2957910e+01
   7.9340540e-01   2.3420135e+00   8.5128715e+01
   8.0784450e-01   2.3692960e+00   8.5951020e+01
   8.2669300e-01   2.4006230e+00   8.6796725e+01
   8.5344476e-01   2.4527942e+00   8.8002080e+01
   8.7988308e-01   2.5072643e+00   8.9420245e+01
   9.0647820e-01   2.5566105e+00   9.0931340e+01
   9.2458906e-01   2.5952113e+00   9.2094145e+01
   9.3240000e-01   2.6055000e+00   9.2548830e+01
   9.3310520e-01   2.5986555e+00   9.2362350e+01
   9.2915194e-01   2.5814820e+00   9.1829550e+01
   9.2177536e-01   2.5508277e+00   9.1040760e+01
   9.1340846e-01   2.5201760e+00   9.0340725e+01
   9.0841814e-01   2.5003470e+00   8.9980665e+01
   9.0589052e-01   2.4854155e+00   8.9810585e+01
   8.9128320e-01   2.4497938e+00   8.9019400e+01
   8.4299886e-01   2.3301440e+00   8.5458230e+01
   6.7814040e-01   1.9048260e+00   7.1630675e+01
   4.7545056e-01   1.3825080e+00   5.4908650e+01
   3.3523876e-01   1.0270012e+00   4.4013930e+01
   3.4091208e-01   1.0558957e+00   4.6201790e+01
   4.1949596e-01   1.2578870e+00   5.3710565e+01
   5.5373528e-01   1.5781818e+00   6.4554215e+01
   6.9308520e-01   1.9018363e+00   7.5058580e+01
   7.9615968e-01   2.1272548e+00   8.2333260e+01
   8.5030212e-01   2.2404588e+00   8.5722575e+01
   8.7468486e-01   2.2807113e+00   8.7010380e+01
   8.8167848e-01   2.2857578e+00   8.7168325e+01
   8.8356000e-01   2.2747500e+00   8.7020865e+01
   8.7975996e-01   2.2619935e+00   8.6480695e+01
   8.7779456e-01   2.2435920e+00   8.6181770e+01
   8.7125314e-01   2.2213315e+00   8.5894290e+01
   8.6814004e-01   2.2027998e+00   8.5874710e+01
   8.6179590e-01   2.1832258e+00   8.5427495e+01
   8.5457542e-01   2.1578665e+00   8.4840165e+01
   8.4013204e-01   2.1205025e+00   8.4056915e+01
   8.2149174e-01   2.0748975e+00   8.3005290e+01
   7.9494086e-01   2.0123900e+00   8.1569795e+01
   7.7011968e-01   1.9575683e+00   8.0174995e+01
   7.5534266e-01   1.9177500e+00   7.9019405e+01
   7.5318078e-01   1.9088348e+00   7.8541530e+01
   7.5665608e-01   1.9042018e+00   7.8396140e+01
   7.5155872e-01   1.8889805e+00   7.8141615e+01
   7.4540982e-01   1.8719255e+00   7.8126085e+01
   7.3843302e-01   1.8595655e+00   7.7947395e+01
   7.3459832e-01   1.8443805e+00   7.7835175e+01
   7.2282340e-01   1.8203235e+00   7.7113565e+01
   7.1341930e-01   1.7911993e+00   7.6385900e+01
   7.1014248e-01   1.7808035e+00   7.5974740e+01
   7.1277826e-01   1.7881863e+00   7.5833005e+01
   7.1361808e-01   1.7854250e+00   7.5778740e+01
   7.1297440e-01   1.7825673e+00   7.6065735e+01
   6.9990462e-01   1.7525982e+00   7.5961540e+01
   6.6855610e-01   1.6720693e+00   7.3996390e+01
   6.1515290e-01   1.5488728e+00   7.0143735e+01
   5.5026128e-01   1.4035893e+00   6.5570935e+01
   4.9192048e-01   1.2717203e+00   6.0920850e+01
   4.6093820e-01   1.2009740e+00   5.8249265e+01
   4.5997102e-01   1.1960588e+00   5.7885625e+01
   4.9053272e-01   1.2536550e+00   6.0024485e+01
   5.0838040e-01   1.2877448e+00   6.1197600e+01
   5.0608230e-01   1.2769183e+00   6.0911640e+01
   5.0752240e-01   1.2814725e+00   6.1145490e+01
   5.3371760e-01   1.3342940e+00   6.3210775e+01
   5.5199376e-01   1.3726963e+00   6.4902830e+01
   5.4669600e-01   1.3587750e+00   6.4489715e+01
   5.3992376e-01   1.3368590e+00   6.3996060e+01
   5.4860192e-01   1.3567968e+00   6.4402805e+01
   5.6023492e-01   1.3745153e+00   6.5234015e+01
   5.7810540e-01   1.4079003e+00   6.6404910e+01
   6.0127310e-01   1.4523703e+00   6.7929725e+01
   6.2845652e-01   1.5060305e+00   6.9769605e+01
   6.4797840e-01   1.5368190e+00   7.1153360e+01
   6.6358312e-01   1.5712747e+00   7.2291640e+01
   6.8037696e-01   1.5905130e+00   7.3139440e+01
   6.9006908e-01   1.6017315e+00   7.3454235e+01
   6.9716076e-01   1.6123673e+00   7.3709370e+01
   7.0072456e-01   1.6140785e+00   7.3775410e+01
   7.0564804e-01   1.6127218e+00   7.3704715e+01
   6.9857488e-01   1.5921265e+00   7.2887735e+01
   6.8238720e-01   1.5603040e+00   7.1580320e+01
   6.7098048e-01   1.5312328e+00   7.0339760e+01
   6.5798210e-01   1.4980798e+00   6.9084810e+01
   6.4610964e-01   1.4645485e+00   6.7816915e+01
   6.4422052e-01   1.4619172e+00   6.7388255e+01
   6.5495090e-01   1.4727922e+00   6.8451450e+01
   6.7422040e-01   1.5139250e+00   7.0317875e+01
   6.8275448e-01   1.5207205e+00   7.0989335e+01
   6.8208112e-01   1.5202690e+00   7.0854615e+01
   6.7987210e-01   1.5190930e+00   7.0606405e+01
   6.7487000e-01   1.4982425e+00   7.0053795e+01
   6.5557590e-01   1.4581630e+00   6.8289785e+01
   6.4094790e-01   1.4158803e+00   6.6605875e+01
   6.3342780e-01   1.4019430e+00   6.5865025e+01
   6.4096036e-01   1.4164580e+00   6.6952100e+01
   6.5096688e-01   1.4364375e+00   6.7976030e+01
   6.5860720e-01   1.4435717e+00   6.8745605e+01
   6.5973126e-01   1.4488128e+00   6.9009000e+01
   6.6080468e-01   1.4414845e+00   6.9114330e+01
   6.6112816e-01   1.4384855e+00   6.9291225e+01
   6.6092660e-01   1.4334165e+00   6.9156210e+01
   6.5412276e-01   1.4305948e+00   6.8855060e+01
   6.5090300e-01   1.4079730e+00   6.8496240e+01
   6.4480224e-01   1.3976985e+00   6.8173405e+01
   6.4584682e-01   1.3839008e+00   6.8088355e+01
   6.4344352e-01   1.3778922e+00   6.7817945e+01
   6.3595288e-01   1.3569480e+00   6.7366955e+01
   6.3127932e-01   1.3379155e+00   6.6773375e+01
   6.2476908e-01   1.3156850e+00   6.6279035e+01
   6.1373728e-01   1.2883875e+00   6.5647080e+01
   5.9154086e-01   1.2527130e+00   6.4014740e+01
   5.5268880e-01   1.1743410e+00   6.1440500e+01
   4.9733826e-01   1.0731013e+00   5.7503585e+01
   4.3829732e-01   9.6349832e-01   5.3057965e+01
   3.8833070e-01   8.6193898e-01   4.8773335e+01
   3.4778730e-01   7.9032712e-01   4.5460860e+01
   3.3218064e-01   7.5174000e-01   4.3872075e+01
   3.2755528e-01   7.4793587e-01   4.3671810e+01
   3.4790206e-01   7.8638467e-01   4.5599410e+01
   3.7757040e-01   8.3999945e-01   4.8172990e+01
   3.9090074e-01   8.5745012e-01   4.9311125e+01
   3.6882488e-01   8.2318090e-01   4.7797650e+01
   3.3593710e-01   7.5627160e-01   4.4796540e+01
   3.1272134e-01   7.1558192e-01   4.2711910e+01
   3.0912736e-01   7.0341420e-01   4.2317785e+01
   3.0035084e-01   6.8424850e-01   4.1922460e+01
   2.9730692e-01   6.6966820e-01   4.1688255e+01
   2.8556018e-01   6.5395658e-01   4.0907635e+01
   2.8762998e-01   6.5940885e-01   4.1120060e+01
   2.9857666e-01   6.9077670e-01   4.2210580e+01
   3.2454390e-01   7.4172912e-01   4.4326885e+01
   3.5363484e-01   7.7829823e-01   4.6477675e+01
   3.6312612e-01   8.0312910e-01   4.7236690e+01
   3.5124534e-01   7.8250368e-01   4.6156360e+01
   3.3092490e-01   7.4067417e-01   4.4617060e+01
   3.0320048e-01   6.8486893e-01   4.2290700e+01
   2.6543598e-01   6.0809730e-01   3.8687670e+01
   2.1434078e-01   5.0964027e-01   3.3341510e+01
   1.5433708e-01   3.8151420e-01   2.6489075e+01
   1.0652618e-01   2.7641355e-01   2.0324885e+01
   6.8549466e-02   1.9226940e-01   1.5352825e+01
   5.4295026e-02   1.5507255e-01   1.2349165e+01
   5.1306150e-02   1.4414827e-01   1.1456045e+01
   5.3919026e-02   1.4532018e-01   1.2243520e+01
   6.5979076e-02   1.8620805e-01   1.4404320e+01
   7.8628836e-02   2.1960688e-01   1.6828575e+01
   9.1078714e-02   2.6157125e-01   1.8821575e+01
   8.2911784e-02   2.2808565e-01   1.8346770e+01
   8.1312446e-02   2.2329388e-01   1.7029725e+01
   7.5205424e-02   2.0582935e-01   1.6033335e+01
   7.4102780e-02   2.0315792e-01   1.5837355e+01
   7.6873978e-02   2.0627753e-01   1.6563135e+01
   7.9338958e-02   2.2363760e-01   1.7153400e+01
   8.5079534e-02   2.2911210e-01   1.7881180e+01
   8.5133266e-02   2.3928183e-01   1.7912035e+01
   9.2604804e-02   2.5712100e-01   1.8680265e+01
   9.3578462e-02   2.5411920e-01   1.8810005e+01
   1.0373746e-01   2.5958430e-01   1.9818480e+01
   1.1204066e-01   2.9563170e-01   2.0765280e+01
   1.1633822e-01   3.0610967e-01   2.1543865e+01
   1.2301778e-01   3.1081253e-01   2.2776775e+01
   1.3378970e-01   3.3484227e-01   2.3529190e+01
   1.5044174e-01   3.6508255e-01   2.5657465e+01
   1.6376974e-01   4.0599037e-01   2.7404995e+01
   1.7966864e-01   4.2586697e-01   2.9054485e+01
   2.0203836e-01   4.6550990e-01   3.1339600e+01
   2.3396806e-01   5.1688825e-01   3.4125600e+01
   2.7156998e-01   5.9701663e-01   3.7405050e+01
   2.7156998e-01   5.9701663e-01   3.7405050e+01
   2.8399944e-01   6.5348115e-01   3.9430185e+01
   2.8851716e-01   6.5236330e-01   3.9562605e+01
   2.7943308e-01   6.2901193e-01   3.8837735e+01
   2.7867606e-01   6.2706598e-01   3.8777330e+01
   2.6452160e-01   5.7870323e-01   3.7295750e+01
   2.5884284e-01   5.8314563e-01   3.6555530e+01
   2.6374530e-01   6.0458920e-01   3.7230425e+01
   2.6463666e-01   6.0848805e-01   3.7353135e+01
   2.7574488e-01   6.2338927e-01   3.8576715e+01
   3.0128712e-01   6.4747585e-01   3.9639515e+01
   3.0921768e-01   6.8109250e-01   4.0779290e+01
   3.1065958e-01   6.8720457e-01   4.0986525e+01
   3.2878570e-01   7.0841600e-01   4.2652870e+01
   3.5484808e-01   7.5117845e-01   4.3971030e+01
   3.6774488e-01   7.7188825e-01   4.4859730e+01
   3.7161392e-01   7.7810115e-01   4.5126340e+01
   3.7858236e-01   7.9474578e-01   4.5903870e+01
   3.9624280e-01   8.4842518e-01   4.6706425e+01
   4.0020284e-01   8.4454725e-01   4.6958385e+01
   4.0196284e-01   8.4282375e-01   4.7070365e+01
   4.0211472e-01   8.5658893e-01   4.7438115e+01
   4.1359982e-01   8.4006052e-01   4.7506060e+01
   4.1854888e-01   8.6574130e-01   4.7419605e+01
   4.2074848e-01   8.7715498e-01   4.7381185e+01
   4.1642494e-01   9.0028847e-01   4.7295065e+01
   4.2005588e-01   8.9191965e-01   4.7655505e+01
   4.1877952e-01   8.6283827e-01   4.7026700e+01
   4.1765374e-01   8.4666182e-01   4.6692695e+01
   4.0703494e-01   8.2748240e-01   4.6339485e+01
   3.9523710e-01   8.1307165e-01   4.5826565e+01
   3.9315990e-01   7.9410677e-01   4.5725350e+01
   3.9263692e-01   7.8423417e-01   4.5651515e+01
   3.9655008e-01   7.9074435e-01   4.5547785e+01
   3.9313590e-01   7.8023450e-01   4.5501465e+01
   4.0467718e-01   7.7899913e-01   4.6132140e+01
   4.0922116e-01   7.7553115e-01   4.6390870e+01
   4.0897794e-01   7.6683362e-01   4.6308465e+01
   4.1173382e-01   7.7200092e-01   4.6526415e+01
   4.1342976e-01   7.7518080e-01   4.6660530e+01
   4.1297404e-01   7.7754357e-01   4.6732740e+01
   4.1178920e-01   7.8368678e-01   4.6920485e+01
   4.1060434e-01   7.8982995e-01   4.7108225e+01
   4.0987520e-01   7.9361040e-01   4.7223755e+01
   4.0963750e-01   7.9457013e-01   4.7260600e+01
   4.0912248e-01   7.9664960e-01   4.7340430e+01
   4.0860748e-01   7.9872902e-01   4.7420260e+01
   4.0833014e-01   7.9984872e-01   4.7463245e+01
   4.0897190e-01   7.9951895e-01   4.7474015e+01
   4.1036240e-01   7.9880450e-01   4.7497350e+01
   4.1175286e-01   7.9809000e-01   4.7520685e+01
   4.1250160e-01   7.9770530e-01   4.7533250e+01
   4.1173280e-01   7.9809775e-01   4.7533090e+01
   4.1006706e-01   7.9894807e-01   4.7532740e+01
   4.0840136e-01   7.9979835e-01   4.7532385e+01
   4.0750440e-01   8.0025625e-01   4.7532200e+01
   4.0638122e-01   8.0045345e-01   4.7510620e+01
   4.0429540e-01   8.0081968e-01   4.7470545e+01
   4.0220950e-01   8.0118590e-01   4.7430470e+01
   4.0108632e-01   8.0138310e-01   4.7408895e+01
   4.0131490e-01   8.0030627e-01   4.7379100e+01
   4.0181016e-01   7.9797310e-01   4.7314555e+01
   4.0230542e-01   7.9563995e-01   4.7250010e+01
   4.0257210e-01   7.9438362e-01   4.7215250e+01
   4.0270484e-01   7.9343042e-01   4.7191070e+01
   4.0343492e-01   7.8818777e-01   4.7058085e+01
   4.0419270e-01   7.8593025e-01   4.6869065e+01
   4.0209660e-01   7.7646240e-01   4.6604750e+01
   3.9822216e-01   7.7016800e-01   4.6297645e+01
   3.9753728e-01   7.6257500e-01   4.5943635e+01
   3.9220530e-01   7.4980425e-01   4.5479980e+01
   3.8324844e-01   7.3139422e-01   4.4906290e+01
   3.7215288e-01   7.1318860e-01   4.4315530e+01
   3.6491720e-01   7.0160650e-01   4.3626360e+01
   3.5983360e-01   6.8422600e-01   4.2947415e+01
   3.5505000e-01   6.6966375e-01   4.2357555e+01
   3.5069448e-01   6.5755215e-01   4.1664370e+01
   3.3790268e-01   6.3833477e-01   4.0795605e+01
   3.2621528e-01   6.1733025e-01   3.9948980e+01
   3.1975024e-01   5.9906477e-01   3.8980745e+01
   3.0467250e-01   5.7841612e-01   3.7632125e+01
   2.8576080e-01   5.5457745e-01   3.5876960e+01
   2.6129000e-01   5.2348100e-01   3.3836495e+01
   2.3375880e-01   4.8212753e-01   3.1555515e+01
   2.0287240e-01   4.2673160e-01   2.8703125e+01
   1.6567164e-01   3.5252980e-01   2.4462540e+01
   1.2509372e-01   2.7028560e-01   1.9329635e+01
   9.2186640e-02   2.0079833e-01   1.4934760e+01
   7.0930420e-02   1.5526635e-01   1.2093160e+01
   5.8782500e-02   1.3100100e-01   1.0748210e+01
   5.3292800e-02   1.1949245e-01   1.0149080e+01
   5.0315580e-02   1.1510100e-01   1.0271560e+01
   4.8495000e-02   1.1679213e-01   1.0707125e+01
   4.5021300e-02   1.0896113e-01   1.0177435e+01
   4.1210000e-02   9.7873750e-02   9.5784145e+00
   4.1980120e-02   1.0061025e-01   1.0056955e+01
   5.1387760e-02   1.1789417e-01   1.1728355e+01
   7.2793600e-02   1.5062080e-01   1.4343700e+01
   9.5953280e-02   1.9236640e-01   1.7212335e+01
   1.1940912e-01   2.3091840e-01   1.9806395e+01
   1.3928376e-01   2.6228760e-01   2.1802790e+01
   1.5263892e-01   2.8750995e-01   2.3168225e+01
   1.6246994e-01   3.0110403e-01   2.3911115e+01
   1.6749936e-01   3.0949380e-01   2.4250120e+01
   1.7091446e-01   3.1920365e-01   2.4735485e+01
   1.8015792e-01   3.3601448e-01   2.5706845e+01
   1.8948600e-01   3.5054910e-01   2.6555425e+01
   1.9333488e-01   3.5486395e-01   2.6641555e+01
   1.9485312e-01   3.5497035e-01   2.6516600e+01
   1.9649904e-01   3.5677200e-01   2.6716205e+01
   2.0015298e-01   3.6453510e-01   2.7014115e+01
   2.0648676e-01   3.7327495e-01   2.7399410e+01
   2.1378420e-01   3.8410163e-01   2.7975555e+01
   2.1971400e-01   3.9748260e-01   2.8540370e+01
   2.2664928e-01   4.0779700e-01   2.8964575e+01
   2.3463726e-01   4.1623917e-01   2.9357950e+01
   2.4143570e-01   4.2025305e-01   2.9705435e+01
   2.4585008e-01   4.1981380e-01   2.9980055e+01
   2.4808076e-01   4.1890280e-01   3.0086010e+01
   2.4824800e-01   4.1478000e-01   3.0011830e+01
   2.4620490e-01   4.0942282e-01   2.9834740e+01
   2.4111864e-01   4.0126100e-01   2.9546985e+01
   2.3314200e-01   3.8916780e-01   2.9096145e+01
   2.2308444e-01   3.7299150e-01   2.8232740e+01
   2.0946744e-01   3.5057190e-01   2.7041880e+01
   1.9589240e-01   3.2958200e-01   2.5973610e+01
   1.9304314e-01   3.2451218e-01   2.5675305e+01
   1.9829920e-01   3.3096813e-01   2.6050995e+01
   2.0374092e-01   3.3623910e-01   2.6281950e+01
   2.0824730e-01   3.3962845e-01   2.6316110e+01
   2.1185152e-01   3.4409855e-01   2.6356995e+01
   2.1094128e-01   3.4314435e-01   2.6249695e+01
   2.0496476e-01   3.3529450e-01   2.5832590e+01
   1.9712980e-01   3.2390675e-01   2.5153840e+01
   1.8753696e-01   3.1155980e-01   2.4305425e+01
   1.7704170e-01   2.9432437e-01   2.3276075e+01
   1.6271612e-01   2.7356525e-01   2.2031090e+01
   1.4829668e-01   2.5145325e-01   2.0714705e+01
   1.3615992e-01   2.3105485e-01   1.9528625e+01
   1.2387966e-01   2.1258600e-01   1.8471840e+01
   1.1193024e-01   1.9448360e-01   1.7321650e+01
   9.6384860e-02   1.7030228e-01   1.5507390e+01
   7.7720720e-02   1.4059430e-01   1.3424305e+01
   6.5864560e-02   1.2135450e-01   1.2089630e+01
   5.8224320e-02   1.0728020e-01   1.1134520e+01
   4.7048400e-02   8.9616000e-02   9.5610630e+00
   3.5569920e-02   6.8083050e-02   7.2729690e+00
   2.5922400e-02   4.8835950e-02   5.1498045e+00
   1.8586000e-02   3.5778050e-02   3.7578400e+00
   1.4452900e-02   2.7920375e-02   2.9310985e+00
   1.0582880e-02   2.3858725e-02   2.3512330e+00
   7.3671000e-03   2.0306750e-02   1.9073925e+00
   7.0277800e-03   1.7569450e-02   1.5768255e+00
   6.0915200e-03   1.5704700e-02   1.3005215e+00
   5.3244800e-03   1.4737400e-02   1.0732685e+00
   5.7246000e-03   1.4072975e-02   9.2262000e-01
   4.9738000e-03   1.2434500e-02   8.2979260e-01
   4.2332400e-03   1.2507300e-02   7.9458675e-01
   5.2223400e-03   1.4264725e-02   7.8719850e-01
   6.2028800e-03   1.5991800e-02   7.9971355e-01
   5.8206000e-03   1.6491700e-02   8.2386540e-01
   6.7599000e-03   1.5934050e-02   8.1973800e-01
   7.3051200e-03   1.6340400e-02   8.0153675e-01
   6.3459000e-03   1.5624375e-02   7.9920220e-01
   5.3810400e-03   1.3692825e-02   7.9518180e-01
   5.1321600e-03   1.2830400e-02   7.9089685e-01
   3.9601800e-03   1.0843350e-02   8.3875900e-01
   3.7808000e-03   9.6883000e-03   9.5665850e-01
   4.9145200e-03   1.1104925e-02   1.0743850e+00
   4.5230400e-03   1.1778750e-02   1.1520785e+00
   3.7640000e-03   9.8805000e-03   1.1992680e+00
   4.1316000e-03   8.6857500e-03   1.2431020e+00
   4.4836800e-03   1.0508625e-02   1.4186245e+00
   4.2872000e-03   1.4213000e-02   1.7101935e+00
   5.6028000e-03   1.7742200e-02   2.1402160e+00
   8.0358400e-03   2.1491200e-02   2.8278020e+00
   8.7702000e-03   2.6124000e-02   3.4522000e+00
   9.5043600e-03   2.8186950e-02   3.6712180e+00
   9.3370000e-03   2.5676750e-02   3.4346815e+00
   8.2227200e-03   2.3593600e-02   3.1266480e+00
   8.5670400e-03   2.4676800e-02   3.2493480e+00
   9.3170000e-03   2.6786375e-02   3.5853260e+00
   9.7146400e-03   2.9190625e-02   3.9524505e+00
   1.0825120e-02   3.2428700e-02   4.4470590e+00
   1.4329700e-02   4.0244125e-02   5.2765025e+00
   1.8602000e-02   5.1853075e-02   6.4902730e+00
   2.4061080e-02   6.4815700e-02   7.8442125e+00
   2.9894400e-02   7.5436650e-02   9.0438625e+00
   3.5324100e-02   8.4572250e-02   9.9302375e+00
   4.0018000e-02   9.4201250e-02   1.0796450e+01
   4.6336320e-02   1.0603170e-01   1.1772415e+01
   5.1348000e-02   1.1693340e-01   1.2628395e+01
   5.4954480e-02   1.2383450e-01   1.3280280e+01
   5.9523240e-02   1.3009010e-01   1.3939330e+01
   6.3498400e-02   1.3540100e-01   1.4543765e+01
   6.6831440e-02   1.4055080e-01   1.5015605e+01
   7.0319660e-02   1.4564890e-01   1.5397635e+01
   7.3382400e-02   1.4999400e-01   1.5712475e+01
   7.6327580e-02   1.5279513e-01   1.5952960e+01
   7.9188800e-02   1.5515480e-01   1.6139860e+01
   8.1177720e-02   1.5748845e-01   1.6304550e+01
   8.3028400e-02   1.5921380e-01   1.6369060e+01
   8.3822580e-02   1.5933595e-01   1.6382800e+01
   8.5143440e-02   1.5861840e-01   1.6384490e+01
   8.6298800e-02   1.6022388e-01   1.6339665e+01
   8.5974120e-02   1.5938768e-01   1.6199505e+01
   8.4723140e-02   1.5488732e-01   1.5891375e+01
   8.3018620e-02   1.5032365e-01   1.5479675e+01
   8.1565340e-02   1.4691752e-01   1.5175065e+01
   8.1843720e-02   1.4605185e-01   1.5079680e+01
   8.4201180e-02   1.4957985e-01   1.5194220e+01
   8.7258780e-02   1.5107693e-01   1.5279990e+01
   8.8489440e-02   1.5087540e-01   1.5257640e+01
   8.8224920e-02   1.5149505e-01   1.5221815e+01
   8.8176220e-02   1.5095877e-01   1.5093110e+01
   8.7411960e-02   1.4726038e-01   1.4859615e+01
   8.6020880e-02   1.4464285e-01   1.4638525e+01
   8.5726520e-02   1.4363270e-01   1.4527905e+01
   8.7004800e-02   1.4387512e-01   1.4555700e+01
   8.9362000e-02   1.4605500e-01   1.4653365e+01
   9.0684000e-02   1.4816300e-01   1.4701265e+01
   9.1823280e-02   1.4914410e-01   1.4750580e+01
   9.2861120e-02   1.5002760e-01   1.4824570e+01
   9.3840000e-02   1.4904000e-01   1.4793115e+01
   9.2324980e-02   1.4778473e-01   1.4639030e+01
   9.0914400e-02   1.4601263e-01   1.4408480e+01
   9.0095440e-02   1.4392840e-01   1.4187650e+01
   8.8717560e-02   1.4221180e-01   1.4062170e+01
   8.8687900e-02   1.4158863e-01   1.4004540e+01
   8.8466240e-02   1.4061175e-01   1.3891770e+01
   8.9019100e-02   1.3951475e-01   1.3827765e+01
   8.9537240e-02   1.3858098e-01   1.3838600e+01
   8.8327040e-02   1.3801100e-01   1.3698485e+01
   8.7139080e-02   1.3651155e-01   1.3493610e+01
   8.7844400e-02   1.3497925e-01   1.3388975e+01
   8.8548320e-02   1.3417880e-01   1.3337680e+01
   8.8094800e-02   1.3350650e-01   1.3203230e+01
   8.8165640e-02   1.3156120e-01   1.3052215e+01
   8.8190100e-02   1.3154198e-01   1.2985895e+01
   8.7212160e-02   1.3101600e-01   1.2876335e+01
   8.5564500e-02   1.2810088e-01   1.2694225e+01
   8.4007840e-02   1.2561920e-01   1.2529400e+01
   8.3982160e-02   1.2337332e-01   1.2371515e+01
   8.3765440e-02   1.2149940e-01   1.2233700e+01
   8.2642560e-02   1.2068595e-01   1.2048265e+01
   8.1534720e-02   1.1815540e-01   1.1773765e+01
   7.8966360e-02   1.1410740e-01   1.1578505e+01
   7.8481520e-02   1.1462165e-01   1.1530230e+01
   7.8528000e-02   1.1400875e-01   1.1400615e+01
   7.4947600e-02   1.0964175e-01   1.1022080e+01
   7.2182520e-02   1.0639620e-01   1.0719455e+01
   7.1104320e-02   1.0369380e-01   1.0544180e+01
   7.0188860e-02   1.0133650e-01   1.0271675e+01
   6.7169800e-02   9.8447750e-02   9.9730570e+00
   6.5335680e-02   9.4027500e-02   9.7661155e+00
   6.2943520e-02   9.1343550e-02   9.5349060e+00
   6.1219040e-02   9.0535200e-02   9.3176275e+00
   6.1161960e-02   8.9419650e-02   9.2515905e+00
   5.8449600e-02   8.5780200e-02   9.1108525e+00
   5.6673540e-02   8.2513200e-02   8.8906285e+00
   5.3513460e-02   7.9279200e-02   8.6326465e+00
   4.8718740e-02   7.3967950e-02   8.1962295e+00
   4.6398000e-02   6.8820000e-02   7.8033435e+00
   4.2600960e-02   6.5454600e-02   7.4421535e+00
   3.7635360e-02   5.9925350e-02   6.8756340e+00
   3.2812040e-02   5.3375750e-02   6.2365695e+00
   2.7117600e-02   4.6043425e-02   5.6591920e+00
   2.4223120e-02   4.0562300e-02   5.1906085e+00
   2.2122240e-02   3.7446500e-02   4.7562035e+00
   1.7706480e-02   3.2908425e-02   4.1193380e+00
   1.3379040e-02   2.6406000e-02   3.4389555e+00
   9.6801000e-03   2.1544125e-02   2.8229420e+00
   7.3674600e-03   1.7230350e-02   2.2275835e+00
   5.0173200e-03   1.3140600e-02   1.7344055e+00
   3.1174000e-03   9.2922500e-03   1.3779065e+00
   2.6294400e-03   7.1712000e-03   1.0997730e+00
   4.0541600e-03   6.2601000e-03   8.7491100e-01
   3.3745600e-03   5.7247000e-03   6.9945400e-01
   2.6888400e-03   4.2777000e-03   5.8315950e-01
   7.2912000e-04   3.0380000e-03   5.0431905e-01
  -2.3988000e-04   3.5982000e-03   4.3253790e-01
   7.1736000e-04   4.1846000e-03   3.8366020e-01
   1.4380800e-03   4.1944000e-03   3.6145440e-01
   1.9331200e-03   3.9266500e-03   3.3966320e-01
   1.4586000e-03   3.6465000e-03   3.1997070e-01
   1.6823800e-03   4.5063750e-03   2.9740480e-01
   1.1949000e-03   4.1821500e-03   2.8206450e-01
   4.7992000e-04   3.2994500e-03   2.7452520e-01
   1.2077000e-03   3.0192500e-03   2.7004205e-01
   7.2858000e-04   3.0357500e-03   2.5286820e-01
   2.4266000e-04   1.8199500e-03   2.3209070e-01
   2.4504000e-04   1.8378000e-03   2.2518450e-01
   1.4828400e-03   2.7803250e-03   2.3694540e-01
   9.9144000e-04   3.0982500e-03   2.3031450e-01
   4.9424000e-04   4.3246000e-03   2.2739400e-01
   1.9654400e-03   3.3781000e-03   2.2587565e-01
   1.2285000e-03   1.5356250e-03   2.1269950e-01
   7.3302000e-04   1.5271250e-03   2.0612635e-01
   7.3008000e-04   9.1260000e-04   2.0168595e-01
   4.8360000e-04   6.0450000e-04   2.1169250e-01
   9.6048000e-04   9.0045000e-04   2.1737820e-01
   7.2216000e-04   2.1063000e-03   2.1072455e-01
   9.7544000e-04   3.0482500e-03   2.1682500e-01
  -2.4472000e-04   2.4472000e-03   2.1489115e-01
