  -2.8085810e-03
  -5.1446627e-03
  -4.0528164e-03
  -4.9503151e-03
  -2.9888951e-03
  -3.6336172e-03
  -3.1012608e-03
  -4.6214587e-03
  -2.5625144e-03
  -2.8047147e-03
  -3.1070919e-03
  -3.7200701e-03
  -3.0912027e-03
  -2.8123336e-03
  -3.0378033e-03
  -1.5680444e-03
  -1.6401104e-03
  -1.2007621e-03
  -7.1213986e-04
  -3.8509558e-05
   1.2716220e-03
   3.9550349e-04
   1.4659867e-03
   2.0977368e-03
   3.0010207e-03
   2.8181372e-03
   3.2399856e-03
   3.9254550e-03
   4.1418318e-03
   4.5767514e-03
   4.1221484e-03
   4.9793324e-03
   5.2729472e-03
   5.5964349e-03
   5.7819458e-03
   6.0233933e-03
   5.8131951e-03
   6.3651064e-03
   6.6638036e-03
   6.7943506e-03
   6.4895592e-03
   7.5867323e-03
   8.0961706e-03
   8.4507108e-03
   8.4104948e-03
   8.8700955e-03
   6.9821447e-03
   6.9743367e-03
   7.5272138e-03
   7.7354327e-03
   8.1429766e-03
   8.2546334e-03
   8.9121212e-03
   8.9662584e-03
   9.2999838e-03
   9.5345468e-03
   9.3109735e-03
   9.6184195e-03
   9.6431349e-03
   9.5789568e-03
   9.8354277e-03
   1.0104746e-02
   1.0309947e-02
   1.0448025e-02
   1.0578790e-02
   1.0633106e-02
   1.0744180e-02
   1.0900191e-02
   1.0876823e-02
   1.0940263e-02
   1.1110040e-02
   1.1283122e-02
   1.1219304e-02
   1.1374118e-02
   1.1356537e-02
   1.1508553e-02
   1.1250298e-02
   1.1260676e-02
   1.1129765e-02
   1.1191633e-02
   1.0941410e-02
   1.0789786e-02
   1.0672764e-02
   1.0572958e-02
   1.0545570e-02
   1.0483728e-02
   1.0509046e-02
   1.0485204e-02
   1.0413056e-02
   1.0324519e-02
   1.0245716e-02
   1.0203972e-02
   1.0092178e-02
   1.0011854e-02
   9.9212504e-03
   9.9340077e-03
   9.8052046e-03
   9.7290569e-03
   9.5901310e-03
   9.5744103e-03
   9.5658407e-03
   9.4798877e-03
   9.4801994e-03
   9.3212514e-03
   9.2775511e-03
   9.2554452e-03
   9.2038750e-03
   9.1430910e-03
   9.1043830e-03
   9.0378810e-03
   8.9946260e-03
   8.9440930e-03
   8.9075528e-03
   8.8664356e-03
   8.8379961e-03
   8.8037660e-03
   8.8705687e-03
   8.8953581e-03
   8.9046576e-03
   8.8953700e-03
   8.8313723e-03
   8.8357589e-03
   8.7982859e-03
   8.7505336e-03
   8.6853236e-03
   8.6444005e-03
   8.5806185e-03
   8.5952349e-03
   8.5987445e-03
   8.5838485e-03
   8.5416622e-03
   8.5580933e-03
   8.5317221e-03
   8.4680063e-03
   8.4146710e-03
   8.3775915e-03
   8.3320839e-03
   8.2609434e-03
   8.1685769e-03
   8.0671608e-03
   8.0071306e-03
   7.8696216e-03
   7.6901808e-03
   7.5122427e-03
   7.3888906e-03
   7.2704969e-03
   7.1384362e-03
   7.0011028e-03
   6.8693618e-03
   6.7480836e-03
   6.6690986e-03
   6.6150521e-03
   6.5851125e-03
   6.5257354e-03
   6.4741989e-03
   6.4521579e-03
   6.3937731e-03
   6.3448486e-03
   6.3293085e-03
   6.2761967e-03
   6.1986471e-03
   6.1490654e-03
   6.0632734e-03
   6.0285761e-03
   5.9471223e-03
   5.8810047e-03
   5.8034809e-03
   5.6911770e-03
   5.5955194e-03
   5.4877738e-03
   5.4101493e-03
   5.3295415e-03
   5.2395826e-03
   5.1506469e-03
   5.0660898e-03
   5.0012529e-03
   4.9542853e-03
   4.9023759e-03
   4.8435542e-03
   4.7822583e-03
   4.7023091e-03
   4.6236520e-03
   4.5586721e-03
   4.4501936e-03
   4.3271871e-03
   4.1580782e-03
   3.9791661e-03
   3.8516515e-03
   3.7254881e-03
   3.5826862e-03
   3.4930937e-03
   3.4115499e-03
   3.3430133e-03
   3.2902382e-03
   3.2460386e-03
   3.1641347e-03
   3.0203003e-03
   2.7566290e-03
   2.3839784e-03
   2.0598087e-03
   1.9161173e-03
   1.8653805e-03
   1.8666882e-03
   1.8536286e-03
   1.9130186e-03
   1.9740194e-03
   2.0449677e-03
   2.1045462e-03
   2.1430015e-03
   2.1471312e-03
   2.1280945e-03
   2.1312062e-03
   2.1285175e-03
   2.1076732e-03
   2.0781920e-03
   2.0589430e-03
   2.0125987e-03
   1.9677485e-03
   1.9621753e-03
   1.9357823e-03
   1.9049608e-03
   1.8612769e-03
   1.8179025e-03
   1.7168911e-03
   1.5494225e-03
   1.4594452e-03
   1.4049293e-03
   1.4055112e-03
   1.4678058e-03
   1.4959139e-03
   1.5310986e-03
   1.5557700e-03
   1.5909058e-03
   1.5837743e-03
   1.5816989e-03
   1.5664464e-03
   1.4692224e-03
   1.2626438e-03
   1.0323072e-03
   9.8716089e-04
   1.0342468e-03
   1.1379973e-03
   1.1643353e-03
   1.1857213e-03
   1.2281141e-03
   1.2880414e-03
   1.3566343e-03
   1.4159075e-03
   1.4599125e-03
   1.4628994e-03
   1.4780459e-03
   1.4509644e-03
   1.4711819e-03
   1.4611017e-03
   1.4592302e-03
   1.4453722e-03
   1.4660444e-03
   1.4649197e-03
   1.4488108e-03
   1.4487595e-03
   1.4118562e-03
   1.3763877e-03
   1.3647899e-03
   1.1934467e-03
   8.3960881e-04
   4.4443555e-04
   3.2065916e-04
   3.3591241e-04
   2.6963479e-04
   1.8831600e-04
   2.3520966e-04
   3.6686346e-04
   3.7813242e-04
   2.1414812e-04
   1.6010122e-04
   2.6268754e-04
   3.8054539e-04
   4.4333298e-04
   4.9661582e-04
   5.5811385e-04
   6.0412650e-04
   6.1851881e-04
   5.7892334e-04
   3.6428587e-04
  -1.3141838e-04
  -8.0023136e-04
  -1.3144672e-03
  -1.1595901e-03
  -9.0793330e-04
  -8.6840479e-04
  -1.0947520e-03
  -1.2293326e-03
  -1.2133852e-03
  -1.1604513e-03
  -9.6089570e-04
  -6.0595461e-04
  -2.6176663e-04
  -8.1404176e-05
   1.5286927e-05
   1.8412845e-04
   3.8031013e-04
   5.6061944e-04
   7.2014987e-04
   7.7015546e-04
   8.3544937e-04
   8.9267368e-04
   8.9505422e-04
   9.1631814e-04
   9.2576813e-04
   8.7899873e-04
   8.7483556e-04
   8.2650384e-04
   6.6830425e-04
   1.7533711e-04
  -7.5957032e-04
  -1.9415080e-03
  -2.2678846e-03
  -1.7314491e-03
  -8.6682989e-04
  -8.7731332e-05
   4.3883411e-04
   7.1908221e-04
   8.8647078e-04
   9.8565522e-04
   1.0100308e-03
   1.0311042e-03
   1.0713890e-03
   1.0210400e-03
   9.7382893e-04
   9.6555209e-04
   9.4955340e-04
   8.6086824e-04
   7.6111210e-04
   5.8387702e-04
   4.3424851e-04
   3.3863098e-04
   3.7817597e-04
   4.7351873e-04
   4.3480951e-04
   3.2866630e-04
   2.6260731e-04
   2.3278693e-04
   1.2665184e-04
   9.9523218e-05
   1.3945551e-04
   2.3253645e-04
   2.4218963e-04
   1.9326932e-04
  -2.0450141e-05
  -2.5939780e-04
  -5.7160440e-04
  -9.7298471e-04
  -1.3402041e-03
  -1.4785302e-03
  -1.4895035e-03
  -1.2105733e-03
  -1.0658504e-03
  -9.9548702e-04
  -1.0513632e-03
  -9.1234514e-04
  -7.8200112e-04
  -8.3985070e-04
  -8.6613700e-04
  -7.2636525e-04
  -7.2578829e-04
  -5.7948993e-04
  -3.8406961e-04
  -1.8877755e-04
  -7.1856567e-05
  -1.0061807e-05
   1.6318637e-04
   3.2387205e-04
   3.7330701e-04
   4.0842905e-04
   4.9741959e-04
   5.4269035e-04
   4.3927655e-04
   4.6483381e-04
   4.5943422e-04
   4.1429210e-04
   4.8849966e-04
   4.9798000e-04
   5.4921271e-04
   5.8170142e-04
   5.8028700e-04
   5.7872706e-04
   6.0976204e-04
   5.7357612e-04
   6.0235126e-04
   5.6754512e-04
   5.9441513e-04
   4.9395006e-04
   5.4715784e-04
   5.1175182e-04
   5.4084960e-04
   4.9270905e-04
   5.9749466e-04
   5.2095399e-04
   4.8841395e-04
   4.1273833e-04
   3.9960262e-04
   4.4725632e-04
   4.6934838e-04
   4.0520925e-04
   4.5375656e-04
   3.0670618e-04
   2.5946915e-04
  -6.8449060e-05
  -5.1976324e-04
  -9.8196885e-04
  -1.3038559e-03
  -1.7396459e-03
  -1.7658304e-03
  -1.8644475e-03
  -1.6655349e-03
  -1.4916328e-03
  -1.2746174e-03
  -1.5309730e-03
  -1.7157564e-03
  -1.9959657e-03
  -2.1672970e-03
  -2.0847430e-03
  -2.2002323e-03
  -2.3899295e-03
  -2.4392094e-03
  -2.0867018e-03
  -1.9356372e-03
  -1.6308726e-03
  -1.4682638e-03
  -1.6984426e-03
  -1.7984158e-03
  -2.0534843e-03
  -2.4952221e-03
  -2.9739124e-03
  -3.7646550e-03
  -4.0955437e-03
  -5.0150912e-03
  -5.0429509e-03
  -4.7923491e-03
  -4.9299440e-03
  -4.9894798e-03
  -4.8381373e-03
  -4.4846370e-03
  -4.9908935e-03
  -4.6067972e-03
  -4.6660818e-03
  -4.8566380e-03
  -5.0454443e-03
  -5.2493080e-03
  -4.5180340e-03
  -5.0561586e-03
  -4.4819154e-03
  -5.0800602e-03
  -4.6015677e-03
  -4.0951873e-03
  -4.1415792e-03
  -4.0602132e-03
  -3.8960317e-03
  -3.8991462e-03
  -3.8054808e-03
  -3.0440810e-03
  -3.0341438e-03
  -2.5497586e-03
  -2.1405880e-03
  -2.1405880e-03
  -2.1502941e-03
  -1.8855497e-03
  -1.8654544e-03
  -1.8637452e-03
  -2.0726310e-03
  -2.2864283e-03
  -2.3805378e-03
  -2.3972824e-03
  -1.7288645e-03
  -1.5714217e-03
  -1.5108405e-03
  -1.5001883e-03
  -1.2836551e-03
  -1.3695128e-03
  -7.3440120e-04
  -5.4874499e-04
  -9.4696666e-04
   4.2775690e-08
  -1.8186396e-04
  -2.6208824e-04
  -3.1315724e-04
  -2.8479390e-04
  -1.0165632e-04
  -2.0046549e-05
  -3.6548828e-04
  -9.2930962e-05
  -2.5985471e-04
  -3.4269089e-04
   1.3082033e-04
  -3.6537137e-04
  -3.1531441e-04
  -2.9258789e-04
  -1.1855790e-04
  -1.7643332e-04
  -3.9254647e-05
   6.4238592e-06
  -4.7877000e-06
  -9.3210354e-06
  -1.2087922e-05
  -3.4540254e-05
  -9.2593025e-05
  -1.5018204e-04
  -1.8539357e-04
  -2.1184995e-04
  -2.6903129e-04
  -3.2601799e-04
  -3.5662515e-04
  -3.7280615e-04
  -4.0784086e-04
  -4.4284116e-04
  -4.6167373e-04
  -4.5976924e-04
  -4.5564007e-04
  -4.5150979e-04
  -4.4928815e-04
  -4.6151690e-04
  -4.8425497e-04
  -5.0703147e-04
  -5.1931371e-04
  -5.1205885e-04
  -4.9631321e-04
  -4.8052251e-04
  -4.7200108e-04
  -4.5653385e-04
  -3.7117452e-04
  -3.9960568e-04
  -4.1295615e-04
  -3.9354421e-04
  -2.3423210e-04
  -3.2197835e-04
  -5.2842803e-04
  -5.5514003e-04
  -5.5645955e-04
  -5.3429469e-04
  -4.7817624e-04
  -4.5761811e-04
  -6.2460760e-04
  -7.2667712e-04
  -6.6404225e-04
  -8.2517484e-04
  -1.0544417e-03
  -1.2984335e-03
  -1.8219252e-03
  -2.2459176e-03
  -2.4778494e-03
  -2.6705354e-03
  -2.8162891e-03
  -3.0086018e-03
  -3.7405150e-03
  -4.5565894e-03
  -4.6797263e-03
  -4.9794323e-03
  -5.0774456e-03
  -5.1202591e-03
  -5.3848399e-03
  -5.2862132e-03
  -4.4891376e-03
  -3.9783651e-03
  -3.2305100e-03
  -2.7472435e-03
  -2.6477029e-03
  -2.5211334e-03
  -2.3960227e-03
  -2.3687821e-03
  -2.3591338e-03
  -1.9865322e-03
  -1.7406881e-03
  -1.7856143e-03
  -1.7615407e-03
  -1.6998572e-03
  -1.6388822e-03
  -1.4357458e-03
  -1.3380225e-03
  -1.2196270e-03
  -9.8743095e-04
  -8.2130025e-04
  -7.9104109e-04
  -8.2501962e-04
  -7.8188375e-04
  -7.9281436e-04
  -8.7905955e-04
  -1.1040552e-03
  -1.1624625e-03
  -1.2367879e-03
  -1.4540738e-03
  -1.5816777e-03
  -1.4729564e-03
  -1.3042218e-03
  -1.1003611e-03
  -9.4030348e-04
  -1.0460083e-03
  -1.2155022e-03
  -1.2309346e-03
  -1.2663896e-03
  -1.4563698e-03
  -1.6951442e-03
  -1.9393837e-03
  -2.2433020e-03
  -2.4939899e-03
  -2.7410262e-03
  -3.0711926e-03
  -3.5567417e-03
  -3.9457944e-03
  -4.2171962e-03
  -4.5975220e-03
  -4.4618420e-03
  -4.3198682e-03
  -4.3809253e-03
  -4.6127077e-03
  -5.2416639e-03
  -6.1223735e-03
  -5.2934053e-03
  -5.0362830e-03
  -3.9832501e-03
  -5.0492727e-03
  -4.5057699e-03
  -3.0645751e-03
  -4.2312661e-03
  -1.9185495e-03
  -3.2846549e-03
  -9.2543633e-04
   1.6319926e-03
  -1.8687157e-03
  -3.0060929e-03
  -3.0438654e-03
  -6.7845659e-03
  -4.1843655e-03
  -4.2688432e-04
  -3.5621936e-03
  -3.7687863e-03
  -4.7263186e-03
  -6.7123818e-03
  -7.2751047e-03
  -6.5323308e-03
  -6.3903377e-03
  -6.7872344e-03
  -6.4623317e-03
  -6.7453986e-03
  -7.3306823e-03
  -7.4401459e-03
  -7.1394002e-03
  -7.1711226e-03
  -6.8724654e-03
  -6.6694049e-03
  -6.7318682e-03
  -6.4665202e-03
  -6.2069011e-03
  -5.9917646e-03
  -5.8032915e-03
  -5.4486332e-03
  -5.4065905e-03
  -5.4932521e-03
  -5.2978114e-03
  -5.1222638e-03
  -5.1122221e-03
  -4.9511662e-03
  -4.7691808e-03
  -4.6881824e-03
  -4.5386409e-03
  -4.4435241e-03
  -4.3365578e-03
  -4.3352931e-03
  -4.2858659e-03
  -4.1451084e-03
  -4.0361145e-03
  -3.9684653e-03
  -4.0334770e-03
  -3.9742358e-03
  -3.8534473e-03
  -3.6196625e-03
  -3.5244593e-03
  -3.5641656e-03
  -3.4236052e-03
  -3.3692984e-03
  -3.4272758e-03
  -3.4468781e-03
  -3.4723177e-03
  -3.2327751e-03
  -3.0051731e-03
  -3.0487075e-03
  -3.0080308e-03
  -2.8491900e-03
  -2.6278197e-03
  -2.8226557e-03
  -2.9131223e-03
  -2.7808975e-03
  -2.8568411e-03
  -2.8624556e-03
  -2.8172427e-03
  -2.6192793e-03
  -2.5869584e-03
  -2.6563778e-03
  -2.6223835e-03
  -2.4235015e-03
  -2.3836078e-03
  -2.4161877e-03
  -2.2727735e-03
  -2.2383994e-03
  -2.3415906e-03
  -2.4984496e-03
  -2.4136515e-03
  -2.1584839e-03
  -2.2524494e-03
  -2.3411717e-03
  -2.2818881e-03
  -2.4075875e-03
  -2.5004798e-03
  -2.2824752e-03
  -2.2433885e-03
  -2.1080080e-03
  -2.1541528e-03
  -2.2940218e-03
  -2.4415627e-03
  -2.4816536e-03
  -2.6145532e-03
  -2.6785937e-03
  -2.4889584e-03
  -2.8249183e-03
  -2.8639887e-03
  -3.1784433e-03
  -3.5375803e-03
  -3.3617200e-03
  -3.3471235e-03
  -3.5296952e-03
  -4.2700155e-03
  -5.0472091e-03
  -4.7484007e-03
  -5.1819648e-03
  -4.9345506e-03
  -4.9036904e-03
  -6.6676654e-03
  -7.3441167e-03
  -7.2390196e-03
  -8.2300679e-03
  -7.7772970e-03
  -5.8627178e-03
  -3.1019876e-03
  -1.6552789e-03
  -1.0075912e-02
  -7.4287020e-03
  -9.0381247e-04
  -6.8682145e-03
  -1.0000821e-02
  -6.1034110e-03
  -2.3089531e-03
  -6.0570087e-03
  -1.0179228e-02
  -1.2437816e-03
  -5.4156445e-03
  -1.0566761e-02
   6.0698644e-04
   5.3907659e-03
   1.7225688e-04
  -5.4869554e-03
   1.1689899e-04
   1.2468645e-03
  -4.0385580e-03
   2.2770948e-03
  -4.0780754e-03
  -9.9534913e-03
  -4.2473809e-03
   6.5792377e-03
   9.2135219e-04
