   5.2066060e-03
   4.9281716e-03
   5.2791367e-03
   5.0034108e-03
   5.8514756e-03
   5.9859702e-03
   5.9999461e-03
   5.1238428e-03
   5.5217713e-03
   6.6943541e-03
   5.7379583e-03
   6.0670675e-03
   6.3140266e-03
   6.5717086e-03
   6.5143003e-03
   7.0115638e-03
   7.3583717e-03
   7.8111515e-03
   8.1799246e-03
   8.7607266e-03
   9.9420887e-03
   9.1189726e-03
   1.0067673e-02
   1.0651442e-02
   1.1546316e-02
   1.1302254e-02
   1.1694175e-02
   1.2297425e-02
   1.2478528e-02
   1.2898706e-02
   1.2496989e-02
   1.3265785e-02
   1.3526843e-02
   1.3823160e-02
   1.3987085e-02
   1.4201532e-02
   1.4005860e-02
   1.4506843e-02
   1.4823398e-02
   1.4917861e-02
   1.4663732e-02
   1.5633949e-02
   1.6068930e-02
   1.6417069e-02
   1.6397184e-02
   1.6804620e-02
   1.5114682e-02
   1.5124052e-02
   1.5619854e-02
   1.5813982e-02
   1.6185402e-02
   1.6329815e-02
   1.6902310e-02
   1.6947681e-02
   1.7241074e-02
   1.7477574e-02
   1.7255419e-02
   1.7559775e-02
   1.7602463e-02
   1.7581189e-02
   1.7764752e-02
   1.8004946e-02
   1.8187070e-02
   1.8323830e-02
   1.8457748e-02
   1.8492253e-02
   1.8608819e-02
   1.8769406e-02
   1.8747135e-02
   1.8805926e-02
   1.8950546e-02
   1.9103469e-02
   1.9073611e-02
   1.9213225e-02
   1.9215255e-02
   1.9312229e-02
   1.9090489e-02
   1.9111256e-02
   1.8991629e-02
   1.9035521e-02
   1.8830169e-02
   1.8683346e-02
   1.8594531e-02
   1.8490013e-02
   1.8460710e-02
   1.8414824e-02
   1.8428188e-02
   1.8405381e-02
   1.8336589e-02
   1.8254805e-02
   1.8186789e-02
   1.8161121e-02
   1.8051710e-02
   1.7980077e-02
   1.7900414e-02
   1.7906099e-02
   1.7792596e-02
   1.7716932e-02
   1.7602406e-02
   1.7576609e-02
   1.7570321e-02
   1.7495138e-02
   1.7492757e-02
   1.7348768e-02
   1.7314664e-02
   1.7296241e-02
   1.7248399e-02
   1.7193823e-02
   1.7153611e-02
   1.7095623e-02
   1.7065913e-02
   1.7012237e-02
   1.6985029e-02
   1.6947439e-02
   1.6927293e-02
   1.6905889e-02
   1.6960205e-02
   1.6986653e-02
   1.7000487e-02
   1.6991472e-02
   1.6945559e-02
   1.6953152e-02
   1.6921838e-02
   1.6884864e-02
   1.6829386e-02
   1.6799618e-02
   1.6743982e-02
   1.6749976e-02
   1.6754976e-02
   1.6739475e-02
   1.6700291e-02
   1.6718864e-02
   1.6688675e-02
   1.6624443e-02
   1.6581245e-02
   1.6540541e-02
   1.6492042e-02
   1.6421947e-02
   1.6335927e-02
   1.6237491e-02
   1.6179838e-02
   1.6051354e-02
   1.5896596e-02
   1.5732434e-02
   1.5620294e-02
   1.5500958e-02
   1.5366307e-02
   1.5228370e-02
   1.5091979e-02
   1.4954486e-02
   1.4882048e-02
   1.4829029e-02
   1.4791001e-02
   1.4744530e-02
   1.4703147e-02
   1.4670184e-02
   1.4620831e-02
   1.4584536e-02
   1.4565375e-02
   1.4517315e-02
   1.4445324e-02
   1.4387547e-02
   1.4320348e-02
   1.4274343e-02
   1.4195680e-02
   1.4143849e-02
   1.4066368e-02
   1.3964395e-02
   1.3870770e-02
   1.3778257e-02
   1.3696978e-02
   1.3618083e-02
   1.3526406e-02
   1.3432410e-02
   1.3347681e-02
   1.3281223e-02
   1.3238173e-02
   1.3182195e-02
   1.3126109e-02
   1.3074497e-02
   1.2999332e-02
   1.2918930e-02
   1.2855224e-02
   1.2758727e-02
   1.2647006e-02
   1.2499491e-02
   1.2336968e-02
   1.2219226e-02
   1.2100052e-02
   1.1972150e-02
   1.1871710e-02
   1.1788906e-02
   1.1708302e-02
   1.1658102e-02
   1.1588378e-02
   1.1503551e-02
   1.1373157e-02
   1.1129429e-02
   1.0818789e-02
   1.0535193e-02
   1.0402278e-02
   1.0342084e-02
   1.0320725e-02
   1.0304637e-02
   1.0340012e-02
   1.0368780e-02
   1.0412848e-02
   1.0453543e-02
   1.0473622e-02
   1.0471419e-02
   1.0448308e-02
   1.0442110e-02
   1.0441446e-02
   1.0416812e-02
   1.0393300e-02
   1.0362161e-02
   1.0333025e-02
   1.0292295e-02
   1.0281698e-02
   1.0255187e-02
   1.0233083e-02
   1.0208468e-02
   1.0172647e-02
   1.0091073e-02
   9.9626301e-03
   9.8694273e-03
   9.8165978e-03
   9.8307047e-03
   9.8664321e-03
   9.8980759e-03
   9.9158883e-03
   9.9367507e-03
   9.9569185e-03
   9.9508322e-03
   9.9521940e-03
   9.9317993e-03
   9.8435500e-03
   9.6691106e-03
   9.4815529e-03
   9.4493831e-03
   9.4840038e-03
   9.5648300e-03
   9.5843589e-03
   9.6092980e-03
   9.6317319e-03
   9.6727038e-03
   9.7318674e-03
   9.7811509e-03
   9.8134516e-03
   9.8204119e-03
   9.8216743e-03
   9.8008837e-03
   9.8098609e-03
   9.8062291e-03
   9.8131991e-03
   9.7918580e-03
   9.8048380e-03
   9.7984163e-03
   9.8057619e-03
   9.7818074e-03
   9.7730176e-03
   9.7444625e-03
   9.7158661e-03
   9.5859054e-03
   9.2926814e-03
   8.9712032e-03
   8.8662817e-03
   8.8718142e-03
   8.8188479e-03
   8.7408506e-03
   8.7794117e-03
   8.8837705e-03
   8.8840519e-03
   8.7639630e-03
   8.7044191e-03
   8.7921099e-03
   8.8870625e-03
   8.9342551e-03
   8.9868014e-03
   9.0298079e-03
   9.0678000e-03
   9.0803630e-03
   9.0485346e-03
   8.8640346e-03
   8.4642823e-03
   7.9255107e-03
   7.5126295e-03
   7.6234406e-03
   7.8358914e-03
   7.8625836e-03
   7.6707361e-03
   7.5657080e-03
   7.5894832e-03
   7.6260999e-03
   7.7802234e-03
   8.0608396e-03
   8.3521145e-03
   8.5016531e-03
   8.5788662e-03
   8.7016979e-03
   8.8688659e-03
   9.0057523e-03
   9.1324261e-03
   9.2013048e-03
   9.2371904e-03
   9.2656800e-03
   9.2819533e-03
   9.2913649e-03
   9.2808405e-03
   9.2690737e-03
   9.2634290e-03
   9.1935729e-03
   9.0533277e-03
   8.6761060e-03
   7.9099284e-03
   6.9225212e-03
   6.6988990e-03
   7.1136123e-03
   7.8505683e-03
   8.4801640e-03
   8.9013573e-03
   9.1417295e-03
   9.2728924e-03
   9.3345994e-03
   9.3758017e-03
   9.3948113e-03
   9.4109442e-03
   9.3739946e-03
   9.3463000e-03
   9.3277808e-03
   9.3161401e-03
   9.2443434e-03
   9.1532402e-03
   9.0116195e-03
   8.8791477e-03
   8.8369828e-03
   8.8666016e-03
   8.9291333e-03
   8.8987798e-03
   8.8283379e-03
   8.7637870e-03
   8.7329590e-03
   8.6712646e-03
   8.6420978e-03
   8.6498072e-03
   8.6978356e-03
   8.7162306e-03
   8.6759998e-03
   8.5275792e-03
   8.3627744e-03
   8.1130094e-03
   7.7550683e-03
   7.4537558e-03
   7.2998592e-03
   7.3315348e-03
   7.5508984e-03
   7.6812222e-03
   7.6848420e-03
   7.6767878e-03
   7.8155158e-03
   7.8757517e-03
   7.8504757e-03
   7.8153978e-03
   7.8915773e-03
   7.9612702e-03
   8.0750498e-03
   8.2153690e-03
   8.3654606e-03
   8.4642645e-03
   8.5326683e-03
   8.6555506e-03
   8.7458608e-03
   8.8075071e-03
   8.8472391e-03
   8.9230728e-03
   8.9344530e-03
   8.8847190e-03
   8.8915447e-03
   8.8791875e-03
   8.8848338e-03
   8.9144788e-03
   8.9280510e-03
   8.9477095e-03
   8.9804453e-03
   8.9882065e-03
   8.9890128e-03
   8.9973718e-03
   8.9647117e-03
   8.9906193e-03
   8.9838662e-03
   8.9440561e-03
   8.9477939e-03
   8.9556794e-03
   8.9355265e-03
   8.9405941e-03
   8.9237254e-03
   8.9404132e-03
   8.8819209e-03
   8.8912675e-03
   8.8483666e-03
   8.8807891e-03
   8.8833975e-03
   8.8409246e-03
   8.8580036e-03
   8.8358237e-03
   8.7652051e-03
   8.6585520e-03
   8.4269222e-03
   8.0936775e-03
   7.7205188e-03
   7.4362272e-03
   7.1330925e-03
   7.0618442e-03
   6.9909070e-03
   7.1165079e-03
   7.3190799e-03
   7.4099542e-03
   7.2040521e-03
   6.9969558e-03
   6.8232513e-03
   6.8104245e-03
   6.6788949e-03
   6.6538051e-03
   6.5050491e-03
   6.5178353e-03
   6.5866739e-03
   6.8238231e-03
   7.1105515e-03
   7.1815893e-03
   7.1055710e-03
   6.9231636e-03
   6.6876852e-03
   6.3934117e-03
   5.9739322e-03
   5.3979890e-03
   4.8366022e-03
   4.0923937e-03
   4.0230982e-03
   4.1042091e-03
   4.0507973e-03
   4.1959446e-03
   4.2841379e-03
   4.4256366e-03
   4.1493219e-03
   4.3846782e-03
   4.3086719e-03
   4.2973846e-03
   4.2707858e-03
   4.2374194e-03
   4.3768851e-03
   4.3554555e-03
   4.5478973e-03
   4.5730388e-03
   4.8447363e-03
   4.9720572e-03
   4.9773808e-03
   4.9950741e-03
   5.2627718e-03
   5.4401791e-03
   5.5352053e-03
   5.7478176e-03
   6.0048723e-03
   6.4055016e-03
   6.7854430e-03
   6.7854430e-03
   6.7095698e-03
   6.8021444e-03
   6.7130880e-03
   6.7055158e-03
   6.6309497e-03
   6.6062599e-03
   6.6010496e-03
   6.6001223e-03
   6.6672394e-03
   7.1147668e-03
   7.0858622e-03
   7.0807786e-03
   7.2143241e-03
   7.5618402e-03
   7.6857936e-03
   7.7220276e-03
   7.7322486e-03
   7.9433121e-03
   7.9874790e-03
   8.0069569e-03
   7.9394549e-03
   8.1802104e-03
   8.2833813e-03
   8.3293555e-03
   8.2385554e-03
   8.2576590e-03
   8.3593292e-03
   8.4053214e-03
   8.2525488e-03
   8.0968258e-03
   8.0816590e-03
   8.0897073e-03
   8.1897921e-03
   8.1299659e-03
   8.2697960e-03
   8.3238477e-03
   8.3389948e-03
   8.3558601e-03
   8.3661621e-03
   8.3419793e-03
   8.2794532e-03
   8.2174260e-03
   8.1795010e-03
   8.1674905e-03
   8.1415319e-03
   8.1156611e-03
   8.1017661e-03
   8.1136530e-03
   8.1393896e-03
   8.1651001e-03
   8.1789344e-03
   8.1625423e-03
   8.1270262e-03
   8.0915113e-03
   8.0723856e-03
   8.0522881e-03
   8.0149172e-03
   7.9774814e-03
   7.9572968e-03
   7.9678014e-03
   7.9906052e-03
   8.0134712e-03
   8.0258105e-03
   8.0333365e-03
   8.0748671e-03
   8.1250334e-03
   8.1321812e-03
   8.1064831e-03
   8.1589556e-03
   8.1332490e-03
   8.0498925e-03
   7.9190485e-03
   7.8861885e-03
   7.9045301e-03
   7.9118999e-03
   7.9476424e-03
   7.8173469e-03
   7.7061001e-03
   7.7455976e-03
   7.6388374e-03
   7.5051827e-03
   7.2619047e-03
   6.9533453e-03
   6.6256869e-03
   6.3437618e-03
   6.0556353e-03
   5.7726578e-03
   5.4833916e-03
   5.1064746e-03
   4.9007515e-03
   4.5651816e-03
   4.2047374e-03
   4.1051509e-03
   3.9984108e-03
   3.8766356e-03
   4.0824672e-03
   4.7625723e-03
   5.2422134e-03
   5.6819892e-03
   6.0304753e-03
   6.2191224e-03
   6.4201376e-03
   6.5274930e-03
   6.5257964e-03
   6.6193307e-03
   6.7427958e-03
   6.8606480e-03
   6.9501145e-03
   6.9577894e-03
   7.0077710e-03
   7.1309023e-03
   7.2333823e-03
   7.2840550e-03
   7.4062219e-03
   7.5705187e-03
   7.7068033e-03
   7.7838880e-03
   7.8315194e-03
   7.8605356e-03
   7.8440544e-03
   7.7565228e-03
   7.6149254e-03
   7.5086098e-03
   7.3603821e-03
   7.1645005e-03
   7.1426415e-03
   7.2340234e-03
   7.3715392e-03
   7.5293795e-03
   7.6494009e-03
   7.6470743e-03
   7.5482313e-03
   7.4538985e-03
   7.3345201e-03
   7.2300030e-03
   7.0163599e-03
   6.7978959e-03
   6.6203567e-03
   6.3640448e-03
   6.1278637e-03
   5.8887202e-03
   5.4779967e-03
   5.1494121e-03
   4.9425509e-03
   4.6420036e-03
   4.6122257e-03
   4.7515630e-03
   4.6626969e-03
   4.6475136e-03
   4.1991274e-03
   3.5456842e-03
   4.1254541e-03
   4.3246760e-03
   4.5525136e-03
   5.7509645e-03
   5.5482496e-03
   4.8593446e-03
   6.0950201e-03
   7.1615060e-03
   6.4695061e-03
   7.6681712e-03
   8.5074367e-03
   7.3587180e-03
   6.2548007e-03
   6.0064460e-03
   4.3368957e-03
   3.6508230e-03
   4.2667842e-03
   3.6218399e-03
   2.8934928e-03
   3.1157660e-03
   2.9402197e-03
   2.2596211e-03
   2.3712570e-03
   2.6156415e-03
   2.3153523e-03
   2.3604837e-03
   2.4960579e-03
   2.4054047e-03
   2.4106223e-03
   2.3763961e-03
   2.2381742e-03
   2.2172914e-03
   2.4888667e-03
   2.6284667e-03
   2.8215620e-03
   3.0573550e-03
   3.3038717e-03
   3.4470299e-03
   3.6680725e-03
   3.7906200e-03
   3.8606589e-03
   3.9925376e-03
   4.0890697e-03
   4.1723469e-03
   4.2855200e-03
   4.3863462e-03
   4.4996168e-03
   4.6204385e-03
   4.6914958e-03
   4.7829309e-03
   4.8271741e-03
   4.9085955e-03
   4.9898474e-03
   5.0145131e-03
   5.0414471e-03
   5.0741871e-03
   5.0869511e-03
   5.1392965e-03
   5.2488021e-03
   5.4165297e-03
   5.5055156e-03
   5.4998843e-03
   5.5446143e-03
   5.5877110e-03
   5.5823945e-03
   5.6067073e-03
   5.6833254e-03
   5.8018846e-03
   5.8686394e-03
   5.9242767e-03
   5.9629436e-03
   6.0437801e-03
   6.0064537e-03
   6.0083224e-03
   6.0484883e-03
   6.0081069e-03
   6.0320367e-03
   6.0671390e-03
   6.1375640e-03
   6.1722075e-03
   6.1482322e-03
   6.1568485e-03
   6.2610480e-03
   6.3396893e-03
   6.3714127e-03
   6.4549915e-03
   6.4898852e-03
   6.4703718e-03
   6.4402305e-03
   6.4066037e-03
   6.4916892e-03
   6.5516611e-03
   6.5613078e-03
   6.6265816e-03
   6.5269113e-03
   6.5108620e-03
   6.5905611e-03
   6.5038504e-03
   6.4385203e-03
   6.4509161e-03
   6.5397596e-03
   6.4414713e-03
   6.4036243e-03
   6.3163934e-03
   6.2811895e-03
   6.3234413e-03
   6.1352982e-03
   6.0984355e-03
   5.9257668e-03
   5.6755767e-03
   5.6835550e-03
   5.4626401e-03
   5.2144560e-03
   5.0066322e-03
   4.5497472e-03
   4.4342520e-03
   4.4170262e-03
   4.0607289e-03
   3.6620160e-03
   3.2020502e-03
   3.0772758e-03
   2.6674335e-03
   2.0618037e-03
   2.1969170e-03
   4.4209451e-03
   4.5810885e-03
   4.3925998e-03
   1.2665496e-03
  -8.0205649e-04
   1.5453150e-03
   3.6333887e-03
   5.3473835e-03
   4.2195218e-03
   5.2061151e-03
   3.7951913e-03
   1.3906462e-03
   4.1396622e-03
   2.5241293e-03
   8.1226794e-04
   8.4539047e-04
   5.9090847e-03
   3.9045425e-03
   1.6077430e-03
   8.2565241e-03
   5.5609815e-03
   3.3357736e-03
   3.4852791e-03
   2.1994980e-03
   4.2952480e-03
   3.1296849e-03
   4.0805266e-03
  -1.4775839e-03
