  -3.3282648e-03
  -3.6066992e-03
  -3.2557341e-03
  -3.5314600e-03
  -2.6833952e-03
  -2.5489006e-03
  -2.5349248e-03
  -3.4110280e-03
  -3.0130996e-03
  -1.8405167e-03
  -2.7969126e-03
  -2.4678034e-03
  -2.2208442e-03
  -1.9631622e-03
  -2.0205705e-03
  -1.5233070e-03
  -1.1764992e-03
  -7.2371935e-04
  -3.5494626e-04
   2.2585573e-04
   1.4072179e-03
   5.8410172e-04
   1.5328020e-03
   2.1165710e-03
   3.0114451e-03
   2.7673834e-03
   3.1593040e-03
   3.7625539e-03
   3.9436571e-03
   4.3638351e-03
   3.9621187e-03
   4.7309140e-03
   4.9919720e-03
   5.2882890e-03
   5.4522143e-03
   5.6666610e-03
   5.4709892e-03
   5.9719723e-03
   6.2885271e-03
   6.3829900e-03
   6.1288609e-03
   7.0990784e-03
   7.5340594e-03
   7.8821977e-03
   7.8623136e-03
   8.2697495e-03
   6.5798107e-03
   6.5891809e-03
   7.0849828e-03
   7.2791110e-03
   7.6505313e-03
   7.7949446e-03
   8.3674390e-03
   8.4128099e-03
   8.7062035e-03
   8.9427034e-03
   8.7205486e-03
   9.0249038e-03
   9.0675925e-03
   9.0463184e-03
   9.2298808e-03
   9.4700755e-03
   9.6521995e-03
   9.7889589e-03
   9.9228767e-03
   9.9573826e-03
   1.0073948e-02
   1.0234535e-02
   1.0212264e-02
   1.0271055e-02
   1.0415675e-02
   1.0568598e-02
   1.0538740e-02
   1.0678354e-02
   1.0680384e-02
   1.0777358e-02
   1.0555618e-02
   1.0576385e-02
   1.0456758e-02
   1.0500650e-02
   1.0295299e-02
   1.0148475e-02
   1.0059661e-02
   9.9551426e-03
   9.9258389e-03
   9.8799529e-03
   9.8933176e-03
   9.8705107e-03
   9.8017183e-03
   9.7199338e-03
   9.6519183e-03
   9.6262501e-03
   9.5168387e-03
   9.4452066e-03
   9.3655430e-03
   9.3712277e-03
   9.2577251e-03
   9.1820607e-03
   9.0675355e-03
   9.0417383e-03
   9.0354500e-03
   8.9602671e-03
   8.9578864e-03
   8.8138968e-03
   8.7797935e-03
   8.7613703e-03
   8.7135280e-03
   8.6589525e-03
   8.6187406e-03
   8.5607520e-03
   8.5310424e-03
   8.4773662e-03
   8.4501578e-03
   8.4125681e-03
   8.3924224e-03
   8.3710186e-03
   8.4253346e-03
   8.4517822e-03
   8.4656163e-03
   8.4566008e-03
   8.4106887e-03
   8.4182808e-03
   8.3869676e-03
   8.3499937e-03
   8.2945147e-03
   8.2647473e-03
   8.2091114e-03
   8.2151056e-03
   8.2201051e-03
   8.2046043e-03
   8.1654205e-03
   8.1839927e-03
   8.1538039e-03
   8.0895722e-03
   8.0463745e-03
   8.0056701e-03
   7.9571715e-03
   7.8870758e-03
   7.8010566e-03
   7.7026204e-03
   7.6449669e-03
   7.5164831e-03
   7.3617248e-03
   7.1975629e-03
   7.0854227e-03
   6.9660872e-03
   6.8314358e-03
   6.6934995e-03
   6.5571079e-03
   6.4196153e-03
   6.3471772e-03
   6.2941583e-03
   6.2561299e-03
   6.2096593e-03
   6.1682761e-03
   6.1353136e-03
   6.0859602e-03
   6.0496648e-03
   6.0305046e-03
   5.9824441e-03
   5.9104531e-03
   5.8526759e-03
   5.7854767e-03
   5.7394722e-03
   5.6608088e-03
   5.6089781e-03
   5.5314971e-03
   5.4295240e-03
   5.3358991e-03
   5.2433865e-03
   5.1621071e-03
   5.0832124e-03
   4.9915351e-03
   4.8975389e-03
   4.8128097e-03
   4.7463526e-03
   4.7033021e-03
   4.6473244e-03
   4.5912384e-03
   4.5396259e-03
   4.4644613e-03
   4.3840589e-03
   4.3203529e-03
   4.2238563e-03
   4.1121353e-03
   3.9646198e-03
   3.8020970e-03
   3.6843550e-03
   3.5651814e-03
   3.4372794e-03
   3.3368387e-03
   3.2540348e-03
   3.1734307e-03
   3.1232307e-03
   3.0535076e-03
   2.9686797e-03
   2.8382859e-03
   2.5945585e-03
   2.2839182e-03
   2.0003221e-03
   1.8674074e-03
   1.8072136e-03
   1.7858544e-03
   1.7697657e-03
   1.8051407e-03
   1.8339096e-03
   1.8779772e-03
   1.9186722e-03
   1.9387507e-03
   1.9365483e-03
   1.9134370e-03
   1.9072395e-03
   1.9065754e-03
   1.8819415e-03
   1.8584292e-03
   1.8272906e-03
   1.7981544e-03
   1.7574239e-03
   1.7468274e-03
   1.7203158e-03
   1.6982118e-03
   1.6735974e-03
   1.6377764e-03
   1.5562019e-03
   1.4277593e-03
   1.3345564e-03
   1.2817270e-03
   1.2958339e-03
   1.3315612e-03
   1.3632051e-03
   1.3810175e-03
   1.4018799e-03
   1.4220476e-03
   1.4159613e-03
   1.4173232e-03
   1.3969285e-03
   1.3086792e-03
   1.1342398e-03
   9.4668208e-04
   9.1451228e-04
   9.4913297e-04
   1.0299591e-03
   1.0494880e-03
   1.0744271e-03
   1.0968611e-03
   1.1378330e-03
   1.1969966e-03
   1.2462801e-03
   1.2785808e-03
   1.2855411e-03
   1.2868035e-03
   1.2660129e-03
   1.2749900e-03
   1.2713583e-03
   1.2783283e-03
   1.2569872e-03
   1.2699672e-03
   1.2635454e-03
   1.2708911e-03
   1.2469366e-03
   1.2381468e-03
   1.2095916e-03
   1.1809952e-03
   1.0510345e-03
   7.5781060e-04
   4.3633242e-04
   3.3141082e-04
   3.3694332e-04
   2.8397706e-04
   2.0597975e-04
   2.4454091e-04
   3.4889963e-04
   3.4918104e-04
   2.2909217e-04
   1.6954822e-04
   2.5723902e-04
   3.5219164e-04
   3.9938431e-04
   4.5193053e-04
   4.9493709e-04
   5.3292917e-04
   5.4549219e-04
   5.1366373e-04
   3.2916375e-04
  -7.0588516e-05
  -6.0936011e-04
  -1.0222414e-03
  -9.1143024e-04
  -6.9897940e-04
  -6.7228728e-04
  -8.6413473e-04
  -9.6916285e-04
  -9.4538760e-04
  -9.0877096e-04
  -7.5464742e-04
  -4.7403124e-04
  -1.8275633e-04
  -3.3217702e-05
   4.3995389e-05
   1.6682709e-04
   3.3399503e-04
   4.7088151e-04
   5.9755524e-04
   6.6643397e-04
   7.0231961e-04
   7.3080916e-04
   7.4708251e-04
   7.5649412e-04
   7.4596967e-04
   7.3420287e-04
   7.2855820e-04
   6.5870205e-04
   5.1845688e-04
   1.4123518e-04
  -6.2494243e-04
  -1.6123496e-03
  -1.8359719e-03
  -1.4212585e-03
  -6.8430250e-04
  -5.4706808e-05
   3.6648646e-04
   6.0685868e-04
   7.3802161e-04
   7.9972854e-04
   8.4093084e-04
   8.5994051e-04
   8.7607333e-04
   8.3912381e-04
   8.1142914e-04
   7.9290999e-04
   7.8126924e-04
   7.0947261e-04
   6.1836935e-04
   4.7674872e-04
   3.4427690e-04
   3.0211200e-04
   3.3173079e-04
   3.9426242e-04
   3.6390896e-04
   2.9346710e-04
   2.2891617e-04
   1.9808818e-04
   1.3639374e-04
   1.0722695e-04
   1.1493635e-04
   1.6296474e-04
   1.8135974e-04
   1.4112899e-04
  -7.2916675e-06
  -1.7209644e-04
  -4.2186139e-04
  -7.7980250e-04
  -1.0811150e-03
  -1.2350116e-03
  -1.2033361e-03
  -9.8397240e-04
  -8.5364865e-04
  -8.5002881e-04
  -8.5808305e-04
  -7.1935508e-04
  -6.5911917e-04
  -6.8439509e-04
  -7.1947308e-04
  -6.4329356e-04
  -5.7360063e-04
  -4.5982100e-04
  -3.1950184e-04
  -1.6941022e-04
  -7.0606297e-05
  -2.2025123e-06
   1.2067977e-04
   2.1098996e-04
   2.7263627e-04
   3.1236829e-04
   3.8820192e-04
   3.9958220e-04
   3.4984812e-04
   3.5667390e-04
   3.4431669e-04
   3.4996293e-04
   3.7960797e-04
   3.9318021e-04
   4.1283864e-04
   4.4557450e-04
   4.5333570e-04
   4.5414196e-04
   4.6250099e-04
   4.2984084e-04
   4.5574849e-04
   4.4899541e-04
   4.0918529e-04
   4.1292307e-04
   4.2080853e-04
   4.0065563e-04
   4.0572322e-04
   3.8885454e-04
   4.0554241e-04
   3.4705008e-04
   3.5639668e-04
   3.1349578e-04
   3.4591823e-04
   3.4852662e-04
   3.0605382e-04
   3.2313275e-04
   3.0095291e-04
   2.3033429e-04
   1.2368113e-04
  -1.0794860e-04
  -4.4119334e-04
  -8.1435202e-04
  -1.0986436e-03
  -1.4017783e-03
  -1.4730266e-03
  -1.5439638e-03
  -1.4183629e-03
  -1.2157910e-03
  -1.1249167e-03
  -1.3308187e-03
  -1.5379150e-03
  -1.7116196e-03
  -1.7244463e-03
  -1.8559759e-03
  -1.8810658e-03
  -2.0298217e-03
  -2.0170355e-03
  -1.9481970e-03
  -1.7110477e-03
  -1.4243194e-03
  -1.3532816e-03
  -1.4292998e-03
  -1.6117072e-03
  -1.8471856e-03
  -2.1414591e-03
  -2.5609387e-03
  -3.1368819e-03
  -3.6982686e-03
  -4.4424771e-03
  -4.5117727e-03
  -4.4306617e-03
  -4.4840735e-03
  -4.3389262e-03
  -4.2507330e-03
  -4.1092343e-03
  -4.3855489e-03
  -4.1501926e-03
  -4.2261990e-03
  -4.2374862e-03
  -4.2640851e-03
  -4.2974514e-03
  -4.1579857e-03
  -4.1794153e-03
  -3.9869735e-03
  -3.9618320e-03
  -3.6901346e-03
  -3.5628136e-03
  -3.5574900e-03
  -3.5397967e-03
  -3.2720990e-03
  -3.0946917e-03
  -2.9996655e-03
  -2.7870532e-03
  -2.5299985e-03
  -2.1293692e-03
  -1.7494279e-03
  -1.7494279e-03
  -1.8253010e-03
  -1.7327264e-03
  -1.8217828e-03
  -1.8293550e-03
  -1.9039211e-03
  -1.9286110e-03
  -1.9338212e-03
  -1.9347485e-03
  -1.8676314e-03
  -1.4201041e-03
  -1.4490086e-03
  -1.4540923e-03
  -1.3205468e-03
  -9.7303062e-04
  -8.4907726e-04
  -8.1284325e-04
  -8.0262222e-04
  -5.9155871e-04
  -5.4739186e-04
  -5.2791393e-04
  -5.9541592e-04
  -3.5466046e-04
  -2.5148954e-04
  -2.0551535e-04
  -2.9631542e-04
  -2.7721181e-04
  -1.7554159e-04
  -1.2954944e-04
  -2.8232205e-04
  -4.3804503e-04
  -4.5321188e-04
  -4.4516350e-04
  -3.4507872e-04
  -4.0490493e-04
  -2.6507479e-04
  -2.1102317e-04
  -1.9587600e-04
  -1.7901078e-04
  -1.6870874e-04
  -1.9289155e-04
  -2.5541763e-04
  -3.1744486e-04
  -3.5536985e-04
  -3.6738036e-04
  -3.9333896e-04
  -4.1920971e-04
  -4.3310468e-04
  -4.2121788e-04
  -3.9548126e-04
  -3.6977072e-04
  -3.5593641e-04
  -3.7232849e-04
  -4.0784461e-04
  -4.4335953e-04
  -4.6248520e-04
  -4.8258269e-04
  -5.1995363e-04
  -5.5738941e-04
  -5.7757407e-04
  -5.6706941e-04
  -5.4426566e-04
  -5.2139962e-04
  -5.0906035e-04
  -5.0153435e-04
  -4.6000371e-04
  -4.0983739e-04
  -4.0268963e-04
  -4.2838769e-04
  -3.7591527e-04
  -4.0162181e-04
  -4.8497833e-04
  -6.1582234e-04
  -6.4868236e-04
  -6.3034072e-04
  -6.2297093e-04
  -5.8722844e-04
  -7.1752397e-04
  -8.2877069e-04
  -7.8927323e-04
  -8.9603342e-04
  -1.0296881e-03
  -1.2729661e-03
  -1.5815255e-03
  -1.9091839e-03
  -2.1911090e-03
  -2.4792355e-03
  -2.7622130e-03
  -3.0514793e-03
  -3.4283962e-03
  -3.6341193e-03
  -3.9696892e-03
  -4.3301334e-03
  -4.4297199e-03
  -4.5364600e-03
  -4.6582352e-03
  -4.4524036e-03
  -3.7722985e-03
  -3.2926574e-03
  -2.8528816e-03
  -2.5043955e-03
  -2.3157484e-03
  -2.1147332e-03
  -2.0073778e-03
  -2.0090744e-03
  -1.9155402e-03
  -1.7920750e-03
  -1.6742229e-03
  -1.5847564e-03
  -1.5770814e-03
  -1.5270998e-03
  -1.4039685e-03
  -1.3014886e-03
  -1.2508159e-03
  -1.1286489e-03
  -9.6435211e-04
  -8.2806752e-04
  -7.5098279e-04
  -7.0335139e-04
  -6.7433524e-04
  -6.9081642e-04
  -7.7834801e-04
  -9.1994543e-04
  -1.0262610e-03
  -1.1744887e-03
  -1.3703703e-03
  -1.3922293e-03
  -1.3008474e-03
  -1.1633316e-03
  -1.0054914e-03
  -8.8546994e-04
  -8.8779658e-04
  -9.8663949e-04
  -1.0809723e-03
  -1.2003507e-03
  -1.3048679e-03
  -1.5185109e-03
  -1.7369749e-03
  -1.9145141e-03
  -2.1708260e-03
  -2.4070071e-03
  -2.6461506e-03
  -3.0568742e-03
  -3.3854587e-03
  -3.5923200e-03
  -3.8928672e-03
  -3.9226451e-03
  -3.7833079e-03
  -3.8721740e-03
  -3.8873572e-03
  -4.3357435e-03
  -4.9891866e-03
  -4.4094168e-03
  -4.2101949e-03
  -3.9823572e-03
  -2.7839063e-03
  -2.9866212e-03
  -3.6755262e-03
  -2.4398507e-03
  -1.3733649e-03
  -2.0653647e-03
  -8.6669963e-04
  -2.7434140e-05
  -1.1761529e-03
  -2.2800702e-03
  -2.5284249e-03
  -4.1979752e-03
  -4.8840478e-03
  -4.2680867e-03
  -4.9130310e-03
  -5.6413781e-03
  -5.4191049e-03
  -5.5946511e-03
  -6.2752497e-03
  -6.1636138e-03
  -5.9192293e-03
  -6.2195186e-03
  -6.1743872e-03
  -6.0388129e-03
  -6.1294661e-03
  -6.1242486e-03
  -6.1584748e-03
  -6.2966967e-03
  -6.3175794e-03
  -6.0460041e-03
  -5.9064041e-03
  -5.7133088e-03
  -5.4775158e-03
  -5.2309991e-03
  -5.0878409e-03
  -4.8667983e-03
  -4.7442508e-03
  -4.6742119e-03
  -4.5423333e-03
  -4.4458011e-03
  -4.3625240e-03
  -4.2493508e-03
  -4.1485247e-03
  -4.0352541e-03
  -3.9144324e-03
  -3.8433750e-03
  -3.7519400e-03
  -3.7076967e-03
  -3.6262753e-03
  -3.5450235e-03
  -3.5203577e-03
  -3.4934237e-03
  -3.4606837e-03
  -3.4479197e-03
  -3.3955744e-03
  -3.2860687e-03
  -3.1183412e-03
  -3.0293553e-03
  -3.0349866e-03
  -2.9902565e-03
  -2.9471598e-03
  -2.9524763e-03
  -2.9281635e-03
  -2.8515454e-03
  -2.7329863e-03
  -2.6662314e-03
  -2.6105941e-03
  -2.5719272e-03
  -2.4910907e-03
  -2.5284171e-03
  -2.5265484e-03
  -2.4863825e-03
  -2.5267639e-03
  -2.5028342e-03
  -2.4677319e-03
  -2.3973068e-03
  -2.3626633e-03
  -2.3866386e-03
  -2.3780223e-03
  -2.2738228e-03
  -2.1951815e-03
  -2.1634581e-03
  -2.0798794e-03
  -2.0449856e-03
  -2.0644990e-03
  -2.0946404e-03
  -2.1282672e-03
  -2.0431816e-03
  -1.9832097e-03
  -1.9735630e-03
  -1.9082893e-03
  -2.0079596e-03
  -2.0240088e-03
  -1.9443098e-03
  -2.0310204e-03
  -2.0963505e-03
  -2.0839548e-03
  -1.9951112e-03
  -2.0933995e-03
  -2.1312465e-03
  -2.2184774e-03
  -2.2536813e-03
  -2.2114295e-03
  -2.3995726e-03
  -2.4364354e-03
  -2.6091041e-03
  -2.8592941e-03
  -2.8513159e-03
  -3.0722307e-03
  -3.3204148e-03
  -3.5282386e-03
  -3.9851237e-03
  -4.1006188e-03
  -4.1178446e-03
  -4.4741419e-03
  -4.8728548e-03
  -5.3328207e-03
  -5.4575950e-03
  -5.8674373e-03
  -6.4730672e-03
  -6.3379538e-03
  -4.1139257e-03
  -3.9537823e-03
  -4.1422710e-03
  -7.2683212e-03
  -9.3369273e-03
  -6.9895559e-03
  -4.9014822e-03
  -3.1874873e-03
  -4.3153491e-03
  -3.3287557e-03
  -4.7396796e-03
  -7.1442246e-03
  -4.3952086e-03
  -6.0107416e-03
  -7.7226029e-03
  -7.6894804e-03
  -2.6257861e-03
  -4.6303283e-03
  -6.9271279e-03
  -2.7834677e-04
  -2.9738893e-03
  -5.1990972e-03
  -5.0495917e-03
  -6.3353728e-03
  -4.2396229e-03
  -5.4051859e-03
  -4.4543443e-03
  -1.0012455e-02
