  -3.4787990e-03
  -2.7442761e-03
  -2.9845168e-03
  -3.0707802e-03
  -1.1129017e-03
  -1.6771483e-03
  -1.9665728e-03
  -3.1596078e-03
  -2.0181211e-03
  -1.1922403e-03
  -2.5427014e-03
  -2.7822622e-03
  -1.6721176e-03
  -8.9576824e-04
  -1.3127227e-03
  -8.9683586e-04
  -7.6200610e-04
  -3.1563314e-04
  -1.7806088e-04
   3.4776798e-04
   1.5456929e-03
   6.8207294e-04
   1.4987649e-03
   2.0704195e-03
   2.8892142e-03
   2.5991917e-03
   2.9635032e-03
   3.4731823e-03
   3.6741699e-03
   4.0401297e-03
   3.7013000e-03
   4.3920219e-03
   4.5951915e-03
   4.8665737e-03
   5.0134798e-03
   5.2011638e-03
   5.0250084e-03
   5.5206140e-03
   5.8020907e-03
   5.8638249e-03
   5.6473621e-03
   6.5269746e-03
   6.9087937e-03
   7.2488930e-03
   7.1737071e-03
   7.5536051e-03
   6.0763437e-03
   6.0769659e-03
   6.5436524e-03
   6.7467291e-03
   7.0519866e-03
   7.1908591e-03
   7.6869585e-03
   7.7480439e-03
   8.0176196e-03
   8.2407876e-03
   8.0220452e-03
   8.3048610e-03
   8.3797888e-03
   8.3685173e-03
   8.4992995e-03
   8.6855613e-03
   8.8803314e-03
   9.0094771e-03
   9.1664306e-03
   9.1825536e-03
   9.2719639e-03
   9.4448338e-03
   9.4208277e-03
   9.4551668e-03
   9.5648688e-03
   9.7479778e-03
   9.7178699e-03
   9.8611164e-03
   9.8726816e-03
   9.9346890e-03
   9.7452122e-03
   9.7598391e-03
   9.6501457e-03
   9.7214916e-03
   9.5220355e-03
   9.3833390e-03
   9.3285947e-03
   9.2050649e-03
   9.1720695e-03
   9.1399858e-03
   9.1443241e-03
   9.1248641e-03
   9.0728758e-03
   8.9873601e-03
   8.9321263e-03
   8.9303740e-03
   8.8198115e-03
   8.7541063e-03
   8.6809832e-03
   8.6835294e-03
   8.6025014e-03
   8.5147391e-03
   8.4164565e-03
   8.3944873e-03
   8.3846546e-03
   8.3202676e-03
   8.3195210e-03
   8.1885485e-03
   8.1708645e-03
   8.1462560e-03
   8.1054522e-03
   8.0561828e-03
   8.0198070e-03
   7.9653437e-03
   7.9336873e-03
   7.8933674e-03
   7.8686293e-03
   7.8388239e-03
   7.8194107e-03
   7.8020355e-03
   7.8511660e-03
   7.8837268e-03
   7.9035760e-03
   7.8989485e-03
   7.8541136e-03
   7.8726222e-03
   7.8425695e-03
   7.8231579e-03
   7.7801977e-03
   7.7555323e-03
   7.7026369e-03
   7.7075455e-03
   7.7145964e-03
   7.6932745e-03
   7.6577058e-03
   7.6698659e-03
   7.6332328e-03
   7.5813449e-03
   7.5512897e-03
   7.5131332e-03
   7.4648253e-03
   7.3982850e-03
   7.3185187e-03
   7.2223985e-03
   7.1706432e-03
   7.0450645e-03
   6.9093282e-03
   6.7681539e-03
   6.6591356e-03
   6.5501768e-03
   6.4058220e-03
   6.2625308e-03
   6.1263003e-03
   5.9890255e-03
   5.9121073e-03
   5.8658400e-03
   5.8325019e-03
   5.7835864e-03
   5.7492856e-03
   5.7189235e-03
   5.6785531e-03
   5.6410209e-03
   5.6307671e-03
   5.5852800e-03
   5.5127107e-03
   5.4611006e-03
   5.4018887e-03
   5.3614999e-03
   5.2761059e-03
   5.2346544e-03
   5.1666723e-03
   5.0689309e-03
   4.9777553e-03
   4.8925118e-03
   4.8094757e-03
   4.7432411e-03
   4.6562969e-03
   4.5610669e-03
   4.4751496e-03
   4.4013855e-03
   4.3614038e-03
   4.3095569e-03
   4.2617535e-03
   4.2138175e-03
   4.1358311e-03
   4.0659960e-03
   4.0004644e-03
   3.9212834e-03
   3.8268020e-03
   3.6872027e-03
   3.5533687e-03
   3.4364944e-03
   3.3367739e-03
   3.2123944e-03
   3.1049362e-03
   3.0242780e-03
   2.9433862e-03
   2.8901755e-03
   2.8071974e-03
   2.7110128e-03
   2.5957018e-03
   2.3823171e-03
   2.1188315e-03
   1.8699055e-03
   1.7537224e-03
   1.6986287e-03
   1.6487214e-03
   1.6345049e-03
   1.6430369e-03
   1.6533912e-03
   1.6694737e-03
   1.6951078e-03
   1.7070985e-03
   1.6941798e-03
   1.6779252e-03
   1.6695360e-03
   1.6742320e-03
   1.6442947e-03
   1.6217482e-03
   1.5924285e-03
   1.5712448e-03
   1.5314994e-03
   1.5104737e-03
   1.4991577e-03
   1.4751413e-03
   1.4725090e-03
   1.4346658e-03
   1.3850760e-03
   1.2836944e-03
   1.1851358e-03
   1.1263822e-03
   1.1524996e-03
   1.1854078e-03
   1.1959892e-03
   1.2111798e-03
   1.2147673e-03
   1.2417148e-03
   1.2283674e-03
   1.2357061e-03
   1.2038231e-03
   1.1327970e-03
   9.8702077e-04
   8.4250131e-04
   8.1806057e-04
   8.3933235e-04
   9.0626631e-04
   9.2160995e-04
   9.4663732e-04
   9.4815954e-04
   9.8757467e-04
   1.0161709e-03
   1.0655748e-03
   1.0847162e-03
   1.0990339e-03
   1.0954906e-03
   1.0731574e-03
   1.0929737e-03
   1.0722941e-03
   1.0903170e-03
   1.0633611e-03
   1.0797885e-03
   1.0656471e-03
   1.0989909e-03
   1.0592876e-03
   1.0465669e-03
   1.0340285e-03
   1.0166338e-03
   9.0191532e-04
   6.5748952e-04
   3.9222792e-04
   3.1837331e-04
   3.1594388e-04
   2.6824395e-04
   2.0475735e-04
   2.4118922e-04
   3.2170270e-04
   2.9072888e-04
   2.0447763e-04
   1.6021375e-04
   2.4385288e-04
   3.1880575e-04
   3.4653335e-04
   3.9259545e-04
   4.1804526e-04
   4.4942508e-04
   4.6183776e-04
   4.3390571e-04
   2.8305612e-04
  -3.8197003e-05
  -4.7076268e-04
  -7.9821276e-04
  -7.0575136e-04
  -5.4258685e-04
  -5.1924884e-04
  -6.5955553e-04
  -7.8240771e-04
  -7.6196086e-04
  -7.2261853e-04
  -6.0919917e-04
  -3.7428670e-04
  -1.3190728e-04
  -1.3542009e-05
   4.1242280e-05
   1.4147862e-04
   2.6625063e-04
   3.7888020e-04
   4.4242505e-04
   5.4016241e-04
   5.5515575e-04
   5.8313294e-04
   6.0501262e-04
   5.9574481e-04
   5.7132144e-04
   5.8590952e-04
   5.7140841e-04
   5.1250306e-04
   3.7552426e-04
   4.9724230e-05
  -5.2194658e-04
  -1.3372110e-03
  -1.5429335e-03
  -1.1828769e-03
  -5.7876977e-04
  -3.7896034e-05
   2.7915058e-04
   5.0248647e-04
   5.9205095e-04
   6.2886621e-04
   6.7461435e-04
   7.1981292e-04
   7.0942141e-04
   6.8231340e-04
   6.7085317e-04
   6.4804241e-04
   6.3592154e-04
   5.8645005e-04
   5.0234387e-04
   3.8851271e-04
   2.9719066e-04
   2.5831873e-04
   2.5474214e-04
   3.3894893e-04
   3.0912970e-04
   2.6243311e-04
   1.7373533e-04
   1.6981718e-04
   1.2511340e-04
   1.0231651e-04
   1.3877938e-04
   1.1674048e-04
   1.5028786e-04
   9.8192382e-05
  -2.8279269e-05
  -1.2266491e-04
  -3.0747737e-04
  -6.1450045e-04
  -8.8114944e-04
  -1.0057905e-03
  -9.4847007e-04
  -8.3660809e-04
  -6.4499823e-04
  -6.8112354e-04
  -6.7551515e-04
  -5.5497052e-04
  -4.9237019e-04
  -5.6237036e-04
  -6.2138172e-04
  -5.0476735e-04
  -4.3983309e-04
  -3.5927180e-04
  -2.6946994e-04
  -8.4989053e-05
  -6.2386102e-05
  -3.4106573e-06
   9.0820822e-05
   1.8694762e-04
   2.1598080e-04
   2.5086822e-04
   2.9184035e-04
   3.2476254e-04
   2.9551117e-04
   2.9950026e-04
   2.6422311e-04
   2.8803455e-04
   2.8425353e-04
   2.8735088e-04
   3.2553199e-04
   3.5610165e-04
   3.3470872e-04
   3.3316992e-04
   3.4469750e-04
   2.9312424e-04
   3.6504591e-04
   3.5151140e-04
   2.5831203e-04
   3.0560103e-04
   2.8928743e-04
   2.4066859e-04
   3.5198891e-04
   3.1211893e-04
   3.1373089e-04
   1.8171990e-04
   2.4556071e-04
   2.5029273e-04
   3.1714226e-04
   3.3791797e-04
   2.0052103e-04
   2.4811474e-04
   2.7222721e-04
   2.0320451e-04
  -3.4187510e-05
  -1.7348707e-04
  -3.5111417e-04
  -6.3251904e-04
  -8.6328719e-04
  -1.0777537e-03
  -1.2039189e-03
  -1.1914676e-03
  -1.1197798e-03
  -9.8298449e-04
  -9.1130765e-04
  -9.5799448e-04
  -1.1972941e-03
  -1.4175310e-03
  -1.3098648e-03
  -1.5663362e-03
  -1.5915687e-03
  -1.7262631e-03
  -1.7201293e-03
  -1.5272429e-03
  -1.4044944e-03
  -1.1341054e-03
  -1.2441650e-03
  -1.0565482e-03
  -1.3342569e-03
  -1.6111376e-03
  -1.7604312e-03
  -2.0753836e-03
  -2.3969811e-03
  -3.1454781e-03
  -3.7960184e-03
  -3.7856154e-03
  -3.3250260e-03
  -3.4927420e-03
  -3.2533904e-03
  -3.2816814e-03
  -3.1863662e-03
  -3.6122517e-03
  -3.5768364e-03
  -3.4419272e-03
  -3.4346997e-03
  -3.1001223e-03
  -3.6439903e-03
  -3.3064359e-03
  -3.2727876e-03
  -2.7306370e-03
  -2.9487327e-03
  -3.0576008e-03
  -2.9784476e-03
  -3.0423302e-03
  -2.8918591e-03
  -2.6697035e-03
  -2.5490180e-03
  -2.6639527e-03
  -2.6789085e-03
  -1.9935124e-03
  -1.6898051e-03
  -1.4612453e-03
  -1.4612453e-03
  -1.5084906e-03
  -1.5949289e-03
  -1.6774283e-03
  -1.6844445e-03
  -1.6062323e-03
  -1.6371336e-03
  -1.5114853e-03
  -1.4891277e-03
  -1.4578140e-03
  -1.4420194e-03
  -1.6417522e-03
  -1.6768762e-03
  -1.3942714e-03
  -8.7840785e-04
  -1.0060613e-03
  -1.0433776e-03
  -9.3864131e-04
  -8.7361344e-04
  -6.4627813e-04
  -5.4602037e-04
  -9.4522311e-04
  -6.7574568e-04
  -6.6045611e-04
  -6.5364391e-04
  -6.9448597e-04
  -5.7479869e-04
  -5.0923604e-04
  -4.7683669e-04
  -6.0042465e-04
  -5.2799806e-04
  -3.4531512e-04
  -2.5664770e-04
  -6.6378139e-04
  -6.9062570e-04
  -4.5904185e-04
  -3.6662480e-04
  -4.2855481e-04
  -3.5629354e-04
  -3.1215954e-04
  -3.2330880e-04
  -3.5213774e-04
  -3.8073621e-04
  -3.9822043e-04
  -4.0998490e-04
  -4.3540999e-04
  -4.6074942e-04
  -4.7435968e-04
  -4.5219999e-04
  -4.0422050e-04
  -3.5629017e-04
  -3.3049927e-04
  -3.7308304e-04
  -4.6534909e-04
  -5.5761572e-04
  -6.0729957e-04
  -6.3500536e-04
  -6.8652363e-04
  -7.3813108e-04
  -7.6595657e-04
  -7.4552624e-04
  -7.0117160e-04
  -6.5669585e-04
  -6.3269741e-04
  -6.2108567e-04
  -5.5701471e-04
  -5.1475801e-04
  -4.8630751e-04
  -4.8770315e-04
  -3.8972031e-04
  -4.0144029e-04
  -4.9697481e-04
  -6.4988266e-04
  -6.8417893e-04
  -6.9894730e-04
  -6.3128950e-04
  -5.5523761e-04
  -7.3769047e-04
  -8.2834191e-04
  -7.9434896e-04
  -8.6858257e-04
  -9.9321505e-04
  -1.2302708e-03
  -1.4304763e-03
  -1.6533889e-03
  -1.8870330e-03
  -2.1895053e-03
  -2.4102834e-03
  -2.7602397e-03
  -3.2555450e-03
  -3.0079213e-03
  -3.2757293e-03
  -3.6846899e-03
  -3.8248265e-03
  -4.0798962e-03
  -4.1046372e-03
  -3.7176624e-03
  -3.2045332e-03
  -2.8616774e-03
  -2.4042324e-03
  -2.1831522e-03
  -2.0992641e-03
  -1.7767354e-03
  -1.6565170e-03
  -1.6912491e-03
  -1.4365658e-03
  -1.4734627e-03
  -1.5134217e-03
  -1.4041296e-03
  -1.4542294e-03
  -1.4100170e-03
  -1.3055523e-03
  -1.2728040e-03
  -1.1227050e-03
  -9.1798085e-04
  -8.5549668e-04
  -7.6248041e-04
  -5.9085302e-04
  -4.5942543e-04
  -5.6249732e-04
  -7.3259766e-04
  -7.6600993e-04
  -8.4036491e-04
  -9.8557874e-04
  -1.1627359e-03
  -1.2339981e-03
  -1.1864512e-03
  -1.1432577e-03
  -1.0054059e-03
  -8.8814457e-04
  -8.0534513e-04
  -7.4601159e-04
  -7.9760525e-04
  -8.8010982e-04
  -1.0879150e-03
  -1.1878013e-03
  -1.3363037e-03
  -1.5013808e-03
  -1.5695572e-03
  -1.8064073e-03
  -2.0456500e-03
  -2.2583022e-03
  -2.6179131e-03
  -2.7667579e-03
  -2.8744744e-03
  -3.6996557e-03
  -3.6199570e-03
  -3.0298409e-03
  -3.5201116e-03
  -3.2373509e-03
  -2.5016366e-03
  -3.8072780e-03
  -4.7620791e-03
  -4.8578458e-03
  -3.4600771e-03
  -7.6083010e-04
  -1.0133448e-03
  -3.0041344e-03
  -1.7476082e-03
  -7.9251816e-04
  -1.0157220e-03
   2.3547731e-04
  -2.0613192e-03
  -2.1155827e-03
  -1.9483210e-03
  -6.6984732e-04
  -1.0715071e-03
  -3.7863922e-03
  -3.3308625e-03
  -3.6175832e-03
  -5.2713112e-03
  -6.0842011e-03
  -4.9968184e-03
  -4.9659338e-03
  -5.0828527e-03
  -4.3467530e-03
  -4.9457014e-03
  -5.6262879e-03
  -5.4587594e-03
  -4.6667041e-03
  -4.5270677e-03
  -4.5287088e-03
  -5.0264084e-03
  -5.3191059e-03
  -5.0007783e-03
  -5.0829102e-03
  -4.9353438e-03
  -4.6838387e-03
  -4.4759031e-03
  -4.3004514e-03
  -4.2068312e-03
  -4.0807688e-03
  -4.0382964e-03
  -4.0751763e-03
  -3.9115975e-03
  -3.8540033e-03
  -3.7272658e-03
  -3.4798365e-03
  -3.4376678e-03
  -3.5440370e-03
  -3.4909523e-03
  -3.2004114e-03
  -3.2564507e-03
  -3.2620556e-03
  -3.0553476e-03
  -2.9597023e-03
  -3.0904469e-03
  -2.9608248e-03
  -2.8625096e-03
  -2.8749189e-03
  -2.7506740e-03
  -2.6909882e-03
  -2.7337490e-03
  -2.7805921e-03
  -2.6272579e-03
  -2.6411737e-03
  -2.5572335e-03
  -2.3569633e-03
  -2.4264772e-03
  -2.3171400e-03
  -2.3002467e-03
  -2.3169692e-03
  -2.2812400e-03
  -2.3172081e-03
  -2.2906654e-03
  -2.3608274e-03
  -2.3909438e-03
  -2.2341092e-03
  -2.1903419e-03
  -2.3042212e-03
  -2.2086217e-03
  -2.0302971e-03
  -2.0950962e-03
  -2.0897554e-03
  -2.0025647e-03
  -1.9902176e-03
  -1.8961446e-03
  -1.8522625e-03
  -1.8437940e-03
  -1.7360738e-03
  -1.8381265e-03
  -2.0048181e-03
  -1.9350871e-03
  -1.6668131e-03
  -1.6184742e-03
  -1.5279103e-03
  -1.6137871e-03
  -1.6358131e-03
  -1.8025804e-03
  -1.9325815e-03
  -1.9807824e-03
  -1.9967727e-03
  -1.7985481e-03
  -1.5834047e-03
  -1.7646848e-03
  -1.9428199e-03
  -1.6995365e-03
  -1.8669634e-03
  -2.1212158e-03
  -1.9553789e-03
  -1.9523815e-03
  -2.5367980e-03
  -2.5735737e-03
  -2.6217418e-03
  -2.7944557e-03
  -2.9985125e-03
  -3.4777604e-03
  -3.2548960e-03
  -3.5419095e-03
  -4.2488490e-03
  -4.2360043e-03
  -4.3185275e-03
  -4.4683888e-03
  -5.6562155e-03
  -4.1674999e-03
  -4.3488386e-03
  -2.1663615e-03
  -5.8458865e-03
  -7.5398652e-03
  -7.5585328e-03
  -1.5898959e-02
  -7.6005797e-03
  -1.2773320e-03
   2.7269087e-03
  -4.3614443e-05
   3.0546701e-04
  -3.5569695e-03
  -1.6416107e-02
  -7.8142964e-03
  -3.1844803e-03
  -7.5706857e-03
  -7.5770273e-03
   2.5496585e-03
   3.0264909e-03
  -2.1430746e-03
   3.1380455e-03
  -7.4151713e-03
  -7.5914871e-03
  -7.7741211e-03
  -7.5850665e-03
  -7.4151713e-03
  -7.9249110e-03
  -7.9170314e-03
  -7.4151713e-03
