   2.1640500e-03   1.4727562e-02   6.1352400e-01
   2.4364800e-03   1.5876000e-02   6.9503200e-01
   2.4297200e-03   1.6169000e-02   7.3982250e-01
   2.4206000e-03   1.7403750e-02   7.3040850e-01
   2.7167100e-03   2.0821500e-02   7.9808525e-01
   2.7716600e-03   2.0687750e-02   7.9302675e-01
   3.3099400e-03   2.1058750e-02   8.5608000e-01
   3.3377500e-03   2.1848438e-02   8.9442400e-01
   3.8368000e-03   2.5615000e-02   9.2899325e-01
   4.0256000e-03   2.7744000e-02   8.9804750e-01
   4.2708400e-03   3.0233625e-02   1.0696920e+00
   4.7779200e-03   3.6221500e-02   1.2116975e+00
   6.7622400e-03   5.1362500e-02   1.3671315e+00
   9.3632000e-03   7.7216000e-02   1.7849725e+00
   1.3490380e-02   1.2118323e-01   2.4301500e+00
   2.0351600e-02   1.8865075e-01   3.2152935e+00
   3.0903420e-02   2.9229060e-01   4.4670720e+00
   4.5525360e-02   4.3741973e-01   6.1561285e+00
   5.9559060e-02   5.7671625e-01   7.6993055e+00
   8.5101660e-02   8.2768537e-01   1.0365775e+01
   1.1881512e-01   1.1559680e+00   1.2659030e+01
   1.4385008e-01   1.3937715e+00   1.6776585e+01
   1.7612000e-01   1.7003437e+00   1.8605145e+01
   2.1155400e-01   2.0284878e+00   2.1135260e+01
   2.6313662e-01   2.5140708e+00   2.4343010e+01
   3.0406410e-01   2.8863395e+00   2.8718880e+01
   3.5004064e-01   3.3023615e+00   3.1971660e+01
   3.8754488e-01   3.6233075e+00   3.3742040e+01
   4.3150328e-01   3.9901345e+00   3.7112210e+01
   5.0647430e-01   4.6520282e+00   4.2355215e+01
   5.7648396e-01   5.2542957e+00   4.9779510e+01
   6.6622362e-01   6.0261888e+00   5.4256115e+01
   7.0822416e-01   6.3522390e+00   5.6539210e+01
   7.4006200e-01   6.5847000e+00   5.8006050e+01
   7.4729272e-01   6.5825523e+00   5.7806605e+01
   7.4995742e-01   6.5429715e+00   5.7331590e+01
   7.3066892e-01   6.2979157e+00   5.6777205e+01
   7.5808194e-01   6.4566812e+00   5.7104845e+01
   8.0941380e-01   6.8204015e+00   5.9706650e+01
   8.5121046e-01   7.0883817e+00   6.2393330e+01
   8.4836378e-01   6.9905063e+00   6.3353255e+01
   8.7327502e-01   7.1104200e+00   6.1344085e+01
   8.8530534e-01   7.1095372e+00   6.0507780e+01
   9.2559154e-01   7.3447542e+00   6.1974480e+01
   9.5493060e-01   7.4777232e+00   6.4126675e+01
   1.0065939e+00   7.7835935e+00   6.6078850e+01
   1.0475774e+00   7.9896648e+00   7.6452095e+01
   1.0741863e+00   8.0845620e+00   7.8193765e+01
   1.0899023e+00   8.1040130e+00   7.6966180e+01
   1.0393211e+00   7.6103715e+00   7.2459720e+01
   1.0422361e+00   7.5108270e+00   7.1029990e+01
   1.0677622e+00   7.5941953e+00   7.2269110e+01
   1.1582380e+00   8.1512512e+00   7.5687590e+01
   1.1936786e+00   8.3089330e+00   7.7795660e+01
   1.2779178e+00   8.7955953e+00   8.2128605e+01
   1.3437976e+00   9.1570320e+00   8.5249180e+01
   1.3747284e+00   9.2528598e+00   8.8405660e+01
   1.3888492e+00   9.2366312e+00   8.7869230e+01
   1.3710192e+00   8.9948765e+00   8.6460320e+01
   1.3220154e+00   8.5338758e+00   8.3457905e+01
   1.3230864e+00   8.4116987e+00   8.2761465e+01
   1.4349694e+00   9.0288550e+00   8.8789765e+01
   1.5516672e+00   9.6911403e+00   9.4868605e+01
   1.5668514e+00   9.7102008e+00   9.4909845e+01
   1.4794268e+00   9.0661725e+00   8.8773250e+01
   1.3232878e+00   7.9824102e+00   7.9349460e+01
   1.2382444e+00   7.3295637e+00   7.3790515e+01
   1.2967700e+00   7.5732695e+00   7.6759425e+01
   1.4009740e+00   8.0933600e+00   8.3076700e+01
   1.5109210e+00   8.6442902e+00   8.9391310e+01
   1.6459658e+00   9.3426353e+00   9.6521755e+01
   1.6035092e+00   9.0242257e+00   9.3090695e+01
   1.5076530e+00   8.3478717e+00   8.7624050e+01
   1.4892646e+00   8.1473510e+00   8.5999510e+01
   1.5775144e+00   8.5402365e+00   9.1374225e+01
   1.7777822e+00   9.5644120e+00   1.0266255e+02
   2.0823920e+00   1.1162647e+01   1.2177440e+02
   2.3035586e+00   1.2323130e+01   1.3477800e+02
   2.3067696e+00   1.2299313e+01   1.3602145e+02
   2.2257038e+00   1.1829843e+01   1.3176545e+02
   2.1545652e+00   1.1337585e+01   1.2939785e+02
   2.3009486e+00   1.1857508e+01   1.3862915e+02
   2.5656600e+00   1.3031423e+01   1.5554335e+02
   2.7822256e+00   1.4110687e+01   1.7091385e+02
   2.7537290e+00   1.3960848e+01   1.7000265e+02
   2.6525448e+00   1.3385245e+01   1.6414535e+02
   2.5891726e+00   1.2980375e+01   1.6015945e+02
   2.5339368e+00   1.2614413e+01   1.5715600e+02
   2.4779810e+00   1.2239993e+01   1.5449920e+02
   2.4527506e+00   1.2028997e+01   1.5391460e+02
   2.4228252e+00   1.1802743e+01   1.5293425e+02
   2.3995832e+00   1.1608665e+01   1.5196885e+02
   2.3535990e+00   1.1316170e+01   1.5028755e+02
   2.3084310e+00   1.1030740e+01   1.4833930e+02
   2.2284826e+00   1.0582995e+01   1.4418750e+02
   2.0981732e+00   9.8872063e+00   1.3612300e+02
   2.0873468e+00   9.7394655e+00   1.3695370e+02
   2.2501820e+00   1.0419175e+01   1.4861780e+02
   2.4580384e+00   1.1326812e+01   1.6388190e+02
   2.5236428e+00   1.1601835e+01   1.6900215e+02
   2.5128834e+00   1.1511657e+01   1.6873420e+02
   2.4989028e+00   1.1403810e+01   1.6922510e+02
   2.5031238e+00   1.1363698e+01   1.7000540e+02
   2.5372730e+00   1.1473423e+01   1.7421140e+02
   2.5677196e+00   1.1560263e+01   1.7714485e+02
   2.5518994e+00   1.1427963e+01   1.7675520e+02
   2.5539400e+00   1.1380748e+01   1.7815740e+02
   2.5852536e+00   1.1474942e+01   1.8177670e+02
   2.6557176e+00   1.1745682e+01   1.8803850e+02
   2.6888586e+00   1.1839725e+01   1.9168850e+02
   2.6780586e+00   1.1709502e+01   1.9159405e+02
   2.6523580e+00   1.1495392e+01   1.9061920e+02
   2.6653298e+00   1.1452633e+01   1.9190300e+02
   2.6523380e+00   1.1310495e+01   1.9150660e+02
   2.6640696e+00   1.1264540e+01   1.9287000e+02
   2.7459012e+00   1.1483660e+01   1.9913505e+02
   2.8486334e+00   1.1778170e+01   2.0565020e+02
   2.8591928e+00   1.1695425e+01   2.0584715e+02
   2.7944980e+00   1.1324918e+01   2.0090495e+02
   2.7098334e+00   1.0890397e+01   1.9504195e+02
   2.6577618e+00   1.0595373e+01   1.9199745e+02
   2.6291484e+00   1.0400335e+01   1.9008475e+02
   2.6187682e+00   1.0287537e+01   1.9007280e+02
   2.6281792e+00   1.0261108e+01   1.9167335e+02
   2.6332828e+00   1.0224118e+01   1.9326790e+02
   2.6363092e+00   1.0181453e+01   1.9452775e+02
   2.6372252e+00   1.0130865e+01   1.9590490e+02
   2.6431834e+00   1.0113687e+01   1.9712195e+02
   2.6117296e+00   9.9660395e+00   1.9549585e+02
   2.5067938e+00   9.5509037e+00   1.8849450e+02
   2.3889194e+00   9.0876113e+00   1.8100565e+02
   2.4104406e+00   9.1142002e+00   1.8384875e+02
   2.6198276e+00   9.8300780e+00   2.0144315e+02
   2.7334396e+00   1.0229065e+01   2.1192775e+02
   2.6639028e+00   9.9915382e+00   2.0790295e+02
   2.5279048e+00   9.5128305e+00   1.9886600e+02
   2.4272590e+00   9.1682552e+00   1.9300045e+02
   2.3917518e+00   9.0711053e+00   1.9277000e+02
   2.3704534e+00   9.0487435e+00   1.9408440e+02
   2.3175162e+00   8.9064442e+00   1.9290800e+02
   2.2388026e+00   8.6630328e+00   1.8915795e+02
   2.1454128e+00   8.3641455e+00   1.8482870e+02
   2.0707062e+00   8.1400400e+00   1.8223820e+02
   2.0256370e+00   8.0390757e+00   1.8253865e+02
   2.0122356e+00   8.0924517e+00   1.8562805e+02
   1.9820224e+00   8.0947410e+00   1.8743815e+02
   1.9366598e+00   8.0706598e+00   1.8863500e+02
   1.8869650e+00   8.0604855e+00   1.8991585e+02
   1.8332412e+00   8.0228962e+00   1.9043290e+02
   1.7681898e+00   7.8988765e+00   1.8916625e+02
   1.7028760e+00   7.7064570e+00   1.8589250e+02
   1.6279318e+00   7.4062465e+00   1.8018485e+02
   1.5767066e+00   7.1722560e+00   1.7630225e+02
   1.5740236e+00   7.1573233e+00   1.7762800e+02
   1.6022354e+00   7.2853220e+00   1.8228625e+02
   1.6147920e+00   7.3367003e+00   1.8491870e+02
   1.6188532e+00   7.3464735e+00   1.8675995e+02
   1.5969998e+00   7.2420480e+00   1.8552480e+02
   1.5716110e+00   7.1180243e+00   1.8381220e+02
   1.5629260e+00   7.0839275e+00   1.8443450e+02
   1.5761234e+00   7.1582592e+00   1.8814505e+02
   1.5559752e+00   7.0833595e+00   1.8763090e+02
   1.5241656e+00   6.9520685e+00   1.8587505e+02
   1.5019758e+00   6.8742105e+00   1.8515715e+02
   1.4865480e+00   6.8266237e+00   1.8565930e+02
   1.4657380e+00   6.7574145e+00   1.8515320e+02
   1.4285964e+00   6.6135872e+00   1.8271600e+02
   1.3943584e+00   6.4832790e+00   1.8113030e+02
   1.3720310e+00   6.4189410e+00   1.8103255e+02
   1.3578788e+00   6.3936845e+00   1.8195085e+02
   1.3328954e+00   6.3272730e+00   1.8141060e+02
   1.2944484e+00   6.1977525e+00   1.7885310e+02
   1.2639906e+00   6.1078658e+00   1.7792910e+02
   1.2722664e+00   6.2063605e+00   1.8258015e+02
   1.3088606e+00   6.4331927e+00   1.9132320e+02
   1.3299128e+00   6.5745170e+00   1.9714435e+02
   1.3120816e+00   6.5092627e+00   1.9636625e+02
   1.2689992e+00   6.3107200e+00   1.9166005e+02
   1.2180262e+00   6.0682773e+00   1.8567380e+02
   1.1820168e+00   5.9048300e+00   1.8203335e+02
   1.1580654e+00   5.8066322e+00   1.8050495e+02
   1.1431782e+00   5.7554353e+00   1.8046955e+02
   1.1242194e+00   5.6868327e+00   1.7950165e+02
   1.1002393e+00   5.5936500e+00   1.7808270e+02
   1.0731473e+00   5.4893532e+00   1.7646035e+02
   1.0429583e+00   5.3761798e+00   1.7485250e+02
   1.0111972e+00   5.2536915e+00   1.7308380e+02
   9.9161084e-01   5.1982080e+00   1.7297215e+02
   9.7890480e-01   5.1824000e+00   1.7403715e+02
   9.6211448e-01   5.1544455e+00   1.7481615e+02
   9.4148836e-01   5.1068548e+00   1.7459505e+02
   9.2017324e-01   5.0587690e+00   1.7413900e+02
   9.0445200e-01   5.0457825e+00   1.7499120e+02
   8.9523876e-01   5.0705158e+00   1.7668300e+02
   8.8561328e-01   5.1035780e+00   1.7884975e+02
   8.6961780e-01   5.0965775e+00   1.7968135e+02
   8.4126288e-01   5.0193950e+00   1.7846590e+02
   7.9853700e-01   4.8612813e+00   1.7524115e+02
   7.3950978e-01   4.5972610e+00   1.6892930e+02
   6.9069392e-01   4.3816947e+00   1.6428990e+02
   6.6714868e-01   4.3078502e+00   1.6349590e+02
   6.6302116e-01   4.3384507e+00   1.6563285e+02
   6.5872174e-01   4.3570080e+00   1.6713010e+02
   6.5447154e-01   4.3827288e+00   1.6878365e+02
   6.5279418e-01   4.4204345e+00   1.7045670e+02
   6.4947514e-01   4.4405513e+00   1.7143085e+02
   6.4333476e-01   4.4320830e+00   1.7124015e+02
   6.3870402e-01   4.4247548e+00   1.7103015e+02
   6.3467928e-01   4.4143725e+00   1.7098090e+02
   6.3109512e-01   4.3990455e+00   1.7108930e+02
   6.2427478e-01   4.3553685e+00   1.7016975e+02
   6.1463316e-01   4.2921817e+00   1.6837865e+02
   6.0581614e-01   4.2316330e+00   1.6649200e+02
   5.9844816e-01   4.1793960e+00   1.6527290e+02
   5.9412110e-01   4.1469868e+00   1.6508210e+02
   5.9166848e-01   4.1373840e+00   1.6559420e+02
   5.8824364e-01   4.1185633e+00   1.6590375e+02
   5.8623876e-01   4.1059098e+00   1.6646055e+02
   5.8554688e-01   4.0957625e+00   1.6701310e+02
   5.8623930e-01   4.1037855e+00   1.6808425e+02
   5.8407792e-01   4.0932807e+00   1.6795945e+02
   5.7706446e-01   4.0623493e+00   1.6676660e+02
   5.6608800e-01   3.9976530e+00   1.6486880e+02
   5.5480022e-01   3.9241930e+00   1.6329240e+02
   5.4242716e-01   3.8550215e+00   1.6230705e+02
   5.3075752e-01   3.7891165e+00   1.6136625e+02
   5.2373802e-01   3.7330505e+00   1.6095400e+02
   5.2024668e-01   3.6962270e+00   1.6098605e+02
   5.1992416e-01   3.6845450e+00   1.6170195e+02
   5.2159636e-01   3.6838815e+00   1.6273145e+02
   5.2302280e-01   3.6768155e+00   1.6355510e+02
   5.2405704e-01   3.6710212e+00   1.6451295e+02
   5.2250106e-01   3.6525680e+00   1.6459705e+02
   5.1671182e-01   3.6065225e+00   1.6362165e+02
   5.1057864e-01   3.5616738e+00   1.6243035e+02
   5.0512896e-01   3.5274803e+00   1.6162665e+02
   4.9441376e-01   3.4661798e+00   1.6016505e+02
   4.7463186e-01   3.3566225e+00   1.5696765e+02
   4.5341656e-01   3.2387875e+00   1.5364755e+02
   4.4483244e-01   3.1820882e+00   1.5220040e+02
   4.4856888e-01   3.1991705e+00   1.5345325e+02
   4.5791164e-01   3.2472495e+00   1.5579410e+02
   4.5798252e-01   3.2473208e+00   1.5597710e+02
   4.4471628e-01   3.1514040e+00   1.5143315e+02
   4.2976048e-01   3.0522352e+00   1.4710705e+02
   4.3135188e-01   3.0566972e+00   1.4776125e+02
   4.4593314e-01   3.1562898e+00   1.5294345e+02
   4.5663712e-01   3.2207860e+00   1.5618995e+02
   4.5930064e-01   3.2386890e+00   1.5728325e+02
   4.5740618e-01   3.2244050e+00   1.5722425e+02
   4.5180138e-01   3.1815593e+00   1.5643605e+02
   4.4735586e-01   3.1422390e+00   1.5598580e+02
   4.4436922e-01   3.1198058e+00   1.5566835e+02
   4.4235402e-01   3.0992832e+00   1.5541305e+02
   4.3901924e-01   3.0742763e+00   1.5482280e+02
   4.3609730e-01   3.0497838e+00   1.5457360e+02
   4.3557868e-01   3.0352273e+00   1.5463495e+02
   4.3517298e-01   3.0247135e+00   1.5471890e+02
   4.3306042e-01   3.0102495e+00   1.5470330e+02
   4.3007450e-01   2.9917925e+00   1.5465495e+02
   4.2814546e-01   2.9726755e+00   1.5436800e+02
   4.2393900e-01   2.9495637e+00   1.5402525e+02
   4.1796754e-01   2.9073198e+00   1.5279260e+02
   4.0274290e-01   2.8146720e+00   1.4915065e+02
   3.6979316e-01   2.6046445e+00   1.4041725e+02
   3.3871176e-01   2.4137405e+00   1.3311995e+02
   3.2910250e-01   2.3539595e+00   1.3183975e+02
   3.3477708e-01   2.3967768e+00   1.3453360e+02
   3.3207634e-01   2.3952470e+00   1.3516935e+02
   3.2514400e-01   2.3552813e+00   1.3404175e+02
   3.2270312e-01   2.3472425e+00   1.3416380e+02
   3.3114810e-01   2.3956723e+00   1.3638870e+02
   3.3332502e-01   2.4103877e+00   1.3742230e+02
   3.2541978e-01   2.3653037e+00   1.3618735e+02
   3.2081854e-01   2.3338693e+00   1.3558980e+02
   3.2477250e-01   2.3546248e+00   1.3715965e+02
   3.3234610e-01   2.3905295e+00   1.3918205e+02
   3.3581900e-01   2.4101638e+00   1.4036490e+02
   3.3620824e-01   2.4063658e+00   1.4033930e+02
   3.3534436e-01   2.3949635e+00   1.3997665e+02
   3.3406452e-01   2.3824667e+00   1.3938700e+02
   3.3156192e-01   2.3566740e+00   1.3842235e+02
   3.2514804e-01   2.3202720e+00   1.3654675e+02
   3.0960000e-01   2.2286250e+00   1.3270460e+02
   2.7465696e-01   2.0256870e+00   1.2305605e+02
   2.3116280e-01   1.7472565e+00   1.0983180e+02
   1.9701864e-01   1.5345232e+00   9.9830450e+01
   1.9907022e-01   1.5466025e+00   1.0095430e+02
   2.1437876e-01   1.6508907e+00   1.0641930e+02
   2.1882588e-01   1.6760950e+00   1.0812150e+02
   2.0731284e-01   1.6032355e+00   1.0480900e+02
   1.9891738e-01   1.5587645e+00   1.0301635e+02
   1.9918056e-01   1.5592455e+00   1.0331560e+02
   2.0143980e-01   1.5736560e+00   1.0431695e+02
   2.0924930e-01   1.6175825e+00   1.0698125e+02
   2.2464000e-01   1.7195100e+00   1.1229885e+02
   2.4441482e-01   1.8374348e+00   1.1812520e+02
   2.5409244e-01   1.9023205e+00   1.2144700e+02
   2.5870244e-01   1.9277493e+00   1.2278250e+02
   2.6259662e-01   1.9455943e+00   1.2382775e+02
   2.7058716e-01   1.9809325e+00   1.2551720e+02
   2.7954132e-01   2.0175817e+00   1.2736465e+02
   2.8685380e-01   2.0563160e+00   1.2944880e+02
   2.9219622e-01   2.0846630e+00   1.3104460e+02
   2.9520000e-01   2.0925000e+00   1.3174105e+02
   2.9503600e-01   2.0841415e+00   1.3159240e+02
   2.9427990e-01   2.0728983e+00   1.3089825e+02
   2.9217182e-01   2.0481395e+00   1.2978700e+02
   2.8793722e-01   2.0262013e+00   1.2880205e+02
   2.8654902e-01   2.0110790e+00   1.2824920e+02
   2.8354962e-01   1.9969525e+00   1.2810665e+02
   2.7870378e-01   1.9725613e+00   1.2721280e+02
   2.6646300e-01   1.8985492e+00   1.2306555e+02
   2.2269520e-01   1.6055095e+00   1.0577655e+02
   1.6120080e-01   1.1975310e+00   8.2388990e+01
   1.1848652e-01   9.0549940e-01   6.6592180e+01
   1.1592936e-01   9.0118575e-01   6.8272505e+01
   1.3664690e-01   1.0444805e+00   7.8195875e+01
   1.7318070e-01   1.2826540e+00   9.2389340e+01
   2.1328644e-01   1.5276912e+00   1.0671715e+02
   2.4359834e-01   1.7124578e+00   1.1685220e+02
   2.5918202e-01   1.8027035e+00   1.2180310e+02
   2.6694180e-01   1.8404005e+00   1.2357365e+02
   2.6884344e-01   1.8447525e+00   1.2387745e+02
   2.6922000e-01   1.8363750e+00   1.2363935e+02
   2.6908542e-01   1.8268360e+00   1.2292885e+02
   2.6686976e-01   1.8153280e+00   1.2248280e+02
   2.6471060e-01   1.7961637e+00   1.2214235e+02
   2.6327732e-01   1.7808808e+00   1.2205565e+02
   2.6153540e-01   1.7665947e+00   1.2142450e+02
   2.5916620e-01   1.7503403e+00   1.2054705e+02
   2.5437928e-01   1.7239460e+00   1.1950115e+02
   2.4837344e-01   1.6930400e+00   1.1809860e+02
   2.3995388e-01   1.6444877e+00   1.1609650e+02
   2.3233716e-01   1.6025213e+00   1.1401200e+02
   2.2701990e-01   1.5698853e+00   1.1230740e+02
   2.2473408e-01   1.5497150e+00   1.1153025e+02
   2.2686744e-01   1.5516247e+00   1.1136855e+02
   2.2563992e-01   1.5389880e+00   1.1094460e+02
   2.2404402e-01   1.5283090e+00   1.1088905e+02
   2.1937270e-01   1.5178325e+00   1.1070050e+02
   2.1864060e-01   1.5034205e+00   1.1045500e+02
   2.1565430e-01   1.4848710e+00   1.0954200e+02
   2.1107348e-01   1.4643502e+00   1.0845930e+02
   2.0852728e-01   1.4522270e+00   1.0786720e+02
   2.1045394e-01   1.4485510e+00   1.0757415e+02
   2.1181774e-01   1.4499132e+00   1.0759210e+02
   2.0946974e-01   1.4510033e+00   1.0807945e+02
   2.0650266e-01   1.4311198e+00   1.0782865e+02
   1.9638496e-01   1.3767590e+00   1.0511730e+02
   1.8116998e-01   1.2849608e+00   9.9785795e+01
   1.6381992e-01   1.1777947e+00   9.3191965e+01
   1.4546268e-01   1.0621255e+00   8.6537925e+01
   1.3599876e-01   1.0053887e+00   8.2390215e+01
   1.3339162e-01   9.8679827e-01   8.1493425e+01
   1.4197378e-01   1.0293097e+00   8.4337995e+01
   1.4531296e-01   1.0627085e+00   8.6475585e+01
   1.4690280e-01   1.0608453e+00   8.6003505e+01
   1.4520660e-01   1.0571138e+00   8.6203510e+01
   1.5255248e-01   1.0885030e+00   8.8828330e+01
   1.5829868e-01   1.1283915e+00   9.1590850e+01
   1.5746400e-01   1.1151000e+00   9.1086705e+01
   1.5292264e-01   1.1075290e+00   9.0339665e+01
   1.5458442e-01   1.1085118e+00   9.0713705e+01
   1.5810642e-01   1.1232530e+00   9.1710775e+01
   1.6201680e-01   1.1486573e+00   9.3332465e+01
   1.6836084e-01   1.1799660e+00   9.5566470e+01
   1.7552574e-01   1.2133052e+00   9.8176510e+01
   1.8136800e-01   1.2414090e+00   1.0018842e+02
   1.8522184e-01   1.2622505e+00   1.0179605e+02
   1.9053192e-01   1.2869695e+00   1.0306580e+02
   1.9259012e-01   1.2924457e+00   1.0354630e+02
   1.9183036e-01   1.3019578e+00   1.0395560e+02
   1.9382432e-01   1.3004360e+00   1.0404370e+02
   1.9570290e-01   1.3050890e+00   1.0396055e+02
   1.9306968e-01   1.2899515e+00   1.0302285e+02
   1.8955200e-01   1.2587440e+00   1.0118970e+02
   1.8650986e-01   1.2360882e+00   9.9440820e+01
   1.8339710e-01   1.2151015e+00   9.7819060e+01
   1.7723376e-01   1.1862430e+00   9.5848350e+01
   1.7886330e-01   1.1702317e+00   9.5056775e+01
   1.8004086e-01   1.1874168e+00   9.6257735e+01
   1.8413920e-01   1.2226200e+00   9.9139205e+01
   1.8899862e-01   1.2294253e+00   1.0023564e+02
   1.8570808e-01   1.2321475e+00   1.0012723e+02
   1.8731172e-01   1.2224250e+00   9.9754345e+01
   1.8672440e-01   1.2066800e+00   9.9039015e+01
   1.7953478e-01   1.1754497e+00   9.6749390e+01
   1.7528070e-01   1.1463060e+00   9.4304720e+01
   1.7344180e-01   1.1347448e+00   9.3113620e+01
   1.7452724e-01   1.1398200e+00   9.4477775e+01
   1.7589772e-01   1.1575085e+00   9.5904000e+01
   1.7635086e-01   1.1661430e+00   9.7101210e+01
   1.7957548e-01   1.1706408e+00   9.7295130e+01
   1.7706298e-01   1.1606503e+00   9.7523865e+01
   1.7765440e-01   1.1569348e+00   9.7480075e+01
   1.7735290e-01   1.1503218e+00   9.7587885e+01
   1.7590124e-01   1.1482667e+00   9.7080920e+01
   1.7398956e-01   1.1333688e+00   9.6522790e+01
   1.7384688e-01   1.1275635e+00   9.5980980e+01
   1.7608178e-01   1.1145308e+00   9.5876145e+01
   1.7335804e-01   1.1155320e+00   9.5565405e+01
   1.6776082e-01   1.0965745e+00   9.4887025e+01
   1.7054660e-01   1.0990380e+00   9.4065615e+01
   1.6689478e-01   1.0732689e+00   9.3495295e+01
   1.6265008e-01   1.0620355e+00   9.2480050e+01
   1.5748396e-01   1.0249472e+00   9.0512650e+01
   1.4686950e-01   9.7229263e-01   8.6998590e+01
   1.3486860e-01   8.9787970e-01   8.1668940e+01
   1.1855860e-01   8.0921273e-01   7.5323140e+01
   1.0569142e-01   7.2875928e-01   6.9135020e+01
   9.5403000e-02   6.6782100e-01   6.4187485e+01
   8.7024960e-02   6.2792400e-01   6.1751625e+01
   8.6408060e-02   6.2930558e-01   6.1232755e+01
   9.1657950e-02   6.6721465e-01   6.3974905e+01
   9.8628106e-02   6.8881947e-01   6.7412950e+01
   1.0265280e-01   7.1880643e-01   6.9417100e+01
   1.0051043e-01   6.9307097e-01   6.7554870e+01
   8.9782898e-02   6.4097587e-01   6.3140795e+01
   8.2422898e-02   5.9967233e-01   6.0015225e+01
   8.3678844e-02   5.8013302e-01   5.9453795e+01
   7.9007964e-02   5.7374955e-01   5.8875195e+01
   7.7061584e-02   5.7988820e-01   5.8510720e+01
   7.5109302e-02   5.5152462e-01   5.7394975e+01
   7.4396966e-02   5.6425192e-01   5.7535395e+01
   7.9685110e-02   5.6329308e-01   5.8909755e+01
   8.4172870e-02   6.0942290e-01   6.1986815e+01
   9.0404128e-02   6.4879487e-01   6.5047260e+01
   9.5312064e-02   6.6221738e-01   6.6312995e+01
   8.9596126e-02   6.4212112e-01   6.5148065e+01
   8.7998528e-02   6.1782265e-01   6.2955090e+01
   8.1242212e-02   5.8774172e-01   5.9844105e+01
   7.1322358e-02   5.2663328e-01   5.4854860e+01
   5.8922668e-02   4.4424175e-01   4.7513590e+01
   4.3296934e-02   3.3544020e-01   3.8077070e+01
   3.2555548e-02   2.5540400e-01   2.9071285e+01
   2.2778806e-02   1.8165280e-01   2.1827910e+01
   1.8866648e-02   1.4572435e-01   1.7128905e+01
   1.5494537e-02   1.2405205e-01   1.5764910e+01
   1.7694966e-02   1.3883465e-01   1.6607970e+01
   2.1082754e-02   1.5823243e-01   1.9499155e+01
   2.0404900e-02   1.9611543e-01   2.2926520e+01
   3.0911124e-02   2.2281803e-01   2.5944280e+01
   2.8065926e-02   2.1332125e-01   2.5466105e+01
   2.6365148e-02   2.0296310e-01   2.3720075e+01
   2.3438458e-02   1.8623547e-01   2.2154750e+01
   2.1235766e-02   1.8023150e-01   2.1852620e+01
   2.3337142e-02   1.9089015e-01   2.2667320e+01
   2.0805292e-02   1.9586077e-01   2.3671625e+01
   2.1135438e-02   2.1041390e-01   2.4668650e+01
   2.5289880e-02   2.0183195e-01   2.4909280e+01
   2.5408214e-02   2.1748518e-01   2.5831490e+01
   2.3322948e-02   2.1433315e-01   2.6011230e+01
   2.9626368e-02   2.3177615e-01   2.7504730e+01
   3.1391116e-02   2.3184475e-01   2.8726805e+01
   3.2183082e-02   2.5172095e-01   2.9861160e+01
   3.3515790e-02   2.6510990e-01   3.1540470e+01
   3.6688658e-02   2.8176503e-01   3.2762900e+01
   3.9671652e-02   3.0149075e-01   3.5409500e+01
   3.8277336e-02   3.2417890e-01   3.7999530e+01
   4.7195132e-02   3.6426037e-01   4.0483950e+01
   5.0595912e-02   3.8522448e-01   4.3546455e+01
   5.7038058e-02   4.3259480e-01   4.7830905e+01
   6.7085612e-02   4.7031695e-01   5.2227975e+01
   6.7085612e-02   4.7031695e-01   5.2227975e+01
   7.2200416e-02   5.0764453e-01   5.5507350e+01
   7.0108452e-02   5.1624138e-01   5.5873595e+01
   6.6598368e-02   5.1698318e-01   5.4643315e+01
   6.6305862e-02   5.1704500e-01   5.4540795e+01
   6.2186554e-02   4.7951730e-01   5.2653235e+01
   6.1441744e-02   4.7666355e-01   5.1605430e+01
   6.8544502e-02   4.7488045e-01   5.2249305e+01
   6.9835910e-02   4.7455625e-01   5.2366375e+01
   6.5506610e-02   4.9248522e-01   5.3892215e+01
   7.4205846e-02   5.0651318e-01   5.5941780e+01
   7.4671676e-02   5.3205792e-01   5.7719710e+01
   7.4756372e-02   5.3670243e-01   5.8042970e+01
   7.9485798e-02   5.7631340e-01   5.9904650e+01
   8.8199176e-02   6.1913900e-01   6.1864945e+01
   9.2424330e-02   6.2597952e-01   6.3398355e+01
   9.3691894e-02   6.2803170e-01   6.3858380e+01
   9.4196518e-02   6.5033397e-01   6.4807475e+01
   9.6467954e-02   6.4396440e-01   6.6435110e+01
   9.7756310e-02   6.5095228e-01   6.6444305e+01
   9.8328916e-02   6.5405800e-01   6.6448395e+01
   1.0015968e-01   6.5013038e-01   6.6861700e+01
   1.0530786e-01   6.4645147e-01   6.7006945e+01
   9.9494892e-02   6.3868807e-01   6.6979630e+01
   9.6911392e-02   6.3523765e-01   6.6967490e+01
   1.1129567e-01   6.7729332e-01   6.6996290e+01
   1.0840267e-01   6.9624155e-01   6.7257080e+01
   1.0289125e-01   6.7141825e-01   6.6807655e+01
   9.9700030e-02   6.5860737e-01   6.6550545e+01
   1.0200422e-01   6.4122808e-01   6.5673060e+01
   9.5755046e-02   6.4125077e-01   6.5198350e+01
   9.2818690e-02   6.4014313e-01   6.5011035e+01
   9.1915414e-02   6.3941030e-01   6.4894250e+01
   9.0497294e-02   6.1759502e-01   6.4582330e+01
   9.0550774e-02   6.2938113e-01   6.4869305e+01
   9.0577172e-02   6.4831840e-01   6.5587375e+01
   9.0441310e-02   6.5454503e-01   6.5919710e+01
   9.1804928e-02   6.4755865e-01   6.5966450e+01
   9.4957544e-02   6.5074945e-01   6.6308605e+01
   9.6897600e-02   6.5271300e-01   6.6519160e+01
   9.6807560e-02   6.5321608e-01   6.6643190e+01
   9.6573418e-02   6.5452397e-01   6.6965665e+01
   9.6339278e-02   6.5583190e-01   6.7288145e+01
   9.6195200e-02   6.5663680e-01   6.7486590e+01
   9.6114390e-02   6.5747162e-01   6.7558355e+01
   9.5939272e-02   6.5928047e-01   6.7713840e+01
   9.5764170e-02   6.6108930e-01   6.7869320e+01
   9.5669880e-02   6.6206330e-01   6.7953045e+01
   9.5696968e-02   6.6321615e-01   6.7987230e+01
   9.5755662e-02   6.6571400e-01   6.8061300e+01
   9.5814354e-02   6.6821182e-01   6.8135365e+01
   9.5845960e-02   6.6955683e-01   6.8175245e+01
   9.5574628e-02   6.6910938e-01   6.8178555e+01
   9.4986742e-02   6.6813982e-01   6.8185730e+01
   9.4398856e-02   6.6717032e-01   6.8192900e+01
   9.4082300e-02   6.6664825e-01   6.8196760e+01
   9.4658824e-02   6.6547145e-01   6.8160340e+01
   9.5729450e-02   6.6328610e-01   6.8092695e+01
   9.6800116e-02   6.6110065e-01   6.8025055e+01
   9.7376600e-02   6.5992385e-01   6.7988630e+01
   9.7353272e-02   6.5967310e-01   6.7946900e+01
   9.7302726e-02   6.5912980e-01   6.7856495e+01
   9.7252178e-02   6.5858655e-01   6.7766085e+01
   9.7224960e-02   6.5829400e-01   6.7717405e+01
   9.6544154e-02   6.5780158e-01   6.7681950e+01
   9.2799800e-02   6.5509332e-01   6.7486955e+01
   9.1711560e-02   6.5119935e-01   6.7188565e+01
   9.4284720e-02   6.4705200e-01   6.6790405e+01
   9.1967120e-02   6.3991900e-01   6.6341905e+01
   9.1398080e-02   6.3224400e-01   6.5821525e+01
   9.3154200e-02   6.2628788e-01   6.5183605e+01
   9.0050580e-02   6.1242930e-01   6.4395400e+01
   8.6877440e-02   5.9884870e-01   6.3547420e+01
   8.6320100e-02   5.9217225e-01   6.2561060e+01
   8.5540800e-02   5.7830400e-01   6.1570810e+01
   8.4028500e-02   5.6660063e-01   6.0662475e+01
   8.3609280e-02   5.5787905e-01   5.9683010e+01
   7.7801520e-02   5.4298978e-01   5.8421575e+01
   7.3795800e-02   5.2650465e-01   5.7152680e+01
   7.6202160e-02   5.1128288e-01   5.5786750e+01
   7.2752100e-02   4.9670850e-01   5.3885685e+01
   6.8509320e-02   4.8038955e-01   5.1370450e+01
   6.3790800e-02   4.5725750e-01   4.8414690e+01
   5.9856420e-02   4.2324510e-01   4.5159135e+01
   5.3866120e-02   3.7951130e-01   4.1143805e+01
   4.4109640e-02   3.1736365e-01   3.5141575e+01
   3.3265920e-02   2.4299715e-01   2.7706390e+01
   2.3734620e-02   1.8187943e-01   2.1238615e+01
   1.7647760e-02   1.4169115e-01   1.7062885e+01
   1.5451400e-02   1.2134388e-01   1.5052560e+01
   1.3989360e-02   1.1033275e-01   1.4154525e+01
   1.2496680e-02   1.0687950e-01   1.4317810e+01
   1.2285400e-02   1.0870963e-01   1.5013290e+01
   1.1494800e-02   1.0097863e-01   1.4341825e+01
   1.0144000e-02   9.1137500e-02   1.3448285e+01
   1.0100480e-02   9.4297450e-02   1.4047690e+01
   1.2846940e-02   1.1476078e-01   1.6364690e+01
   1.4868480e-02   1.4558720e-01   2.0121610e+01
   1.8087040e-02   1.7895440e-01   2.4334810e+01
   2.4611040e-02   2.1344760e-01   2.8153400e+01
   3.0148000e-02   2.4269140e-01   3.1080260e+01
   3.3286680e-02   2.6052075e-01   3.3057595e+01
   3.3860280e-02   2.7214458e-01   3.4133905e+01
   3.5078400e-02   2.7989640e-01   3.4647595e+01
   3.7180380e-02   2.8966110e-01   3.5296470e+01
   3.9053220e-02   3.0251993e-01   3.6662840e+01
   4.0704400e-02   3.1826630e-01   3.7940200e+01
   4.2778120e-02   3.2430815e-01   3.8112925e+01
   4.1517000e-02   3.2244870e-01   3.7890840e+01
   4.1989320e-02   3.2383920e-01   3.8163185e+01
   4.3689600e-02   3.2971995e-01   3.8619140e+01
   4.5253660e-02   3.3533775e-01   3.9153590e+01
   4.7686200e-02   3.4525613e-01   3.9966905e+01
   4.9002880e-02   3.5520430e-01   4.0805995e+01
   5.0718720e-02   3.6355020e-01   4.1429700e+01
   5.1792840e-02   3.7046268e-01   4.2013305e+01
   5.2676880e-02   3.7280513e-01   4.2554005e+01
   5.4153120e-02   3.7405060e-01   4.3001110e+01
   5.3679760e-02   3.7281095e-01   4.3176175e+01
   5.2328000e-02   3.6952000e-01   4.3066300e+01
   5.1445800e-02   3.6593888e-01   4.2834590e+01
   5.1409680e-02   3.6053150e-01   4.2473970e+01
   5.0215200e-02   3.5210420e-01   4.1902835e+01
   4.9969020e-02   3.3924465e-01   4.0798215e+01
   4.7404560e-02   3.2371710e-01   3.9227660e+01
   4.3170600e-02   3.0869300e-01   3.7744555e+01
   4.0858120e-02   3.0213203e-01   3.7241240e+01
   4.2589260e-02   3.0730742e-01   3.7711465e+01
   4.4166060e-02   3.1099342e-01   3.7979445e+01
   4.4266180e-02   3.1100807e-01   3.7939395e+01
   4.3352680e-02   3.1179760e-01   3.7926190e+01
   4.1479560e-02   3.1161780e-01   3.7733185e+01
   4.1975800e-02   3.0611620e-01   3.7135385e+01
   4.1330400e-02   2.9782200e-01   3.6149900e+01
   3.9671280e-02   2.8826795e-01   3.4904050e+01
   3.7951700e-02   2.7420600e-01   3.3377960e+01
   3.3956440e-02   2.5590005e-01   3.1561205e+01
   3.1291960e-02   2.3687625e-01   2.9631445e+01
   2.8124200e-02   2.1917480e-01   2.7904690e+01
   2.6090100e-02   2.0219828e-01   2.6355515e+01
   2.2501440e-02   1.8510800e-01   2.4739575e+01
   1.9545240e-02   1.6383510e-01   2.2221930e+01
   1.6995440e-02   1.3653640e-01   1.9146280e+01
   1.4277000e-02   1.1826115e-01   1.7129165e+01
   1.2854720e-02   1.0704390e-01   1.5802070e+01
   1.1015300e-02   9.0782875e-02   1.3651230e+01
   7.9661800e-03   6.9704075e-02   1.0414115e+01
   5.1844800e-03   4.8141600e-02   7.3335125e+00
   3.7172000e-03   3.4151775e-02   5.3002530e+00
   3.0032000e-03   2.7216500e-02   4.1008385e+00
   2.4567400e-03   2.2441375e-02   3.2953930e+00
   2.0779000e-03   1.8653875e-02   2.7031005e+00
   1.8994000e-03   1.5432625e-02   2.2315305e+00
   9.5180000e-04   1.4039050e-02   1.8362990e+00
   1.9016000e-04   1.2360400e-02   1.5345455e+00
   1.3357400e-03   1.2164775e-02   1.3216530e+00
   1.7217000e-03   1.1956250e-02   1.2019280e+00
   7.6968000e-04   1.0823625e-02   1.1469685e+00
   3.8684000e-04   1.1605200e-02   1.1439700e+00
   0.0000000e+00   1.3326500e-02   1.1684580e+00
   9.7010000e-04   1.4794025e-02   1.1851695e+00
   1.5451200e-03   1.4726925e-02   1.1908970e+00
   1.1534400e-03   1.3456800e-02   1.1627930e+00
   7.6920000e-04   1.2018750e-02   1.1381900e+00
   9.6090000e-04   1.1771025e-02   1.1292920e+00
   7.6032000e-04   1.1404800e-02   1.1195245e+00
   1.1314800e-03   1.0371900e-02   1.1695070e+00
   3.7808000e-04   9.6883000e-03   1.3280925e+00
   3.7804000e-04   1.0396100e-02   1.4993930e+00
   1.1307600e-03   9.6585750e-03   1.6163485e+00
   7.5280000e-04   8.7042500e-03   1.6746920e+00
   9.3900000e-04   9.3900000e-03   1.7313870e+00
   7.4728000e-04   1.1209200e-02   1.9649010e+00
   3.7280000e-04   1.3048000e-02   2.3647120e+00
   7.4704000e-04   1.7508750e-02   2.9578505e+00
   2.0556800e-03   2.2425600e-02   3.9314890e+00
   3.3588000e-03   2.7057000e-02   4.8836000e+00
   4.0999200e-03   3.0283500e-02   5.2848710e+00
   3.7348000e-03   2.9178125e-02   4.9830340e+00
   2.8032000e-03   2.6864000e-02   4.4723745e+00
   2.2348800e-03   2.6539200e-02   4.6130640e+00
   2.2360800e-03   2.9115625e-02   5.1348265e+00
   3.1759400e-03   3.4328175e-02   5.6948160e+00
   3.5461600e-03   3.8261200e-02   6.4018330e+00
   4.2803000e-03   4.5594500e-02   7.6046780e+00
   5.7666200e-03   5.6736100e-02   9.4315035e+00
   8.3934000e-03   7.0178150e-02   1.1490405e+01
   9.7156800e-03   8.5012200e-02   1.3390670e+01
   1.1027100e-02   9.6487125e-02   1.4762805e+01
   1.2716000e-02   1.0705750e-01   1.6020740e+01
   1.4199840e-02   1.1981115e-01   1.7517535e+01
   1.7551680e-02   1.2977040e-01   1.8837820e+01
   1.7570480e-02   1.3691890e-01   1.9820910e+01
   1.8530820e-02   1.4389463e-01   2.0800305e+01
   1.9796560e-02   1.5104215e-01   2.1730895e+01
   2.0105280e-02   1.5707250e-01   2.2439885e+01
   2.1337100e-02   1.6118788e-01   2.3019515e+01
   2.1528000e-02   1.6614000e-01   2.3496410e+01
   2.2581020e-02   1.7075730e-01   2.3833760e+01
   2.3756640e-02   1.7218960e-01   2.4077890e+01
   2.3875800e-02   1.7309955e-01   2.4295945e+01
   2.3904880e-02   1.7312790e-01   2.4382010e+01
   2.5018940e-02   1.7371728e-01   2.4384495e+01
   2.5342480e-02   1.7548300e-01   2.4365185e+01
   2.4838100e-02   1.7495450e-01   2.4264645e+01
   2.4304920e-02   1.7253773e-01   2.4048440e+01
   2.3766020e-02   1.6917415e-01   2.3640590e+01
   2.3070820e-02   1.6553768e-01   2.3058540e+01
   2.2162520e-02   1.6099618e-01   2.2562665e+01
   2.2785000e-02   1.5903930e-01   2.2355315e+01
   2.4551100e-02   1.6071877e-01   2.2466755e+01
   2.4389100e-02   1.6169070e-01   2.2553805e+01
   2.2981920e-02   1.6014960e-01   2.2499845e+01
   2.3550800e-02   1.6032660e-01   2.2440635e+01
   2.2813560e-02   1.5820118e-01   2.2283520e+01
   2.0504040e-02   1.5445477e-01   2.1962440e+01
   2.1235280e-02   1.5296600e-01   2.1625500e+01
   2.2111280e-02   1.5110885e-01   2.1449355e+01
   2.1932460e-02   1.5135210e-01   2.1453325e+01
   2.1840000e-02   1.5333500e-01   2.1554695e+01
   2.1617600e-02   1.5365900e-01   2.1602915e+01
   2.2543440e-02   1.5464250e-01   2.1651205e+01
   2.3674080e-02   1.5668020e-01   2.1729000e+01
   2.4288000e-02   1.5663000e-01   2.1694305e+01
   2.3497540e-02   1.5472297e-01   2.1473655e+01
   2.1983400e-02   1.5230025e-01   2.1130825e+01
   2.2430400e-02   1.4906870e-01   2.0790885e+01
   2.1849760e-02   1.4668535e-01   2.0586885e+01
   2.0801000e-02   1.4655250e-01   2.0500295e+01
   2.0781940e-02   1.4537825e-01   2.0341520e+01
   2.0082400e-02   1.4385950e-01   2.0212520e+01
   2.0943260e-02   1.4434517e-01   2.0205595e+01
   2.1129960e-02   1.4324590e-01   2.0034545e+01
   2.0548080e-02   1.3984110e-01   1.9735550e+01
   1.9180000e-02   1.3881525e-01   1.9541945e+01
   1.8988480e-02   1.3756960e-01   1.9442735e+01
   1.8710400e-02   1.3594275e-01   1.9227030e+01
   1.8261480e-02   1.3426115e-01   1.9005595e+01
   1.9421640e-02   1.3426695e-01   1.8917095e+01
   1.9776000e-02   1.3398240e-01   1.8742855e+01
   1.9670000e-02   1.3228075e-01   1.8473455e+01
   1.9431720e-02   1.2929945e-01   1.8224960e+01
   1.8052240e-02   1.2631663e-01   1.7982840e+01
   1.6990160e-02   1.2396890e-01   1.7770380e+01
   1.6886100e-02   1.2192758e-01   1.7508780e+01
   1.6187040e-02   1.2040360e-01   1.7103825e+01
   1.6358760e-02   1.1890395e-01   1.6798410e+01
   1.6468920e-02   1.1817975e-01   1.6699900e+01
   1.6360000e-02   1.1605375e-01   1.6507740e+01
   1.6266100e-02   1.1247288e-01   1.5972710e+01
   1.5437880e-02   1.0874318e-01   1.5519720e+01
   1.4178540e-02   1.0686810e-01   1.5272970e+01
   1.3013740e-02   1.0480328e-01   1.4878170e+01
   1.3305200e-02   1.0059375e-01   1.4426640e+01
   1.2035520e-02   9.7251300e-02   1.4111940e+01
   1.1640240e-02   9.6193650e-02   1.3752985e+01
   1.2071360e-02   9.3229700e-02   1.3408720e+01
   1.1454360e-02   9.0770400e-02   1.3306840e+01
   1.1040480e-02   9.0109800e-02   1.3112135e+01
   1.0639860e-02   8.8755975e-02   1.2787195e+01
   1.0570560e-02   8.5335250e-02   1.2439255e+01
   1.0233160e-02   8.0363675e-02   1.1826210e+01
   8.8800000e-03   7.5202500e-02   1.1225905e+01
   7.9876800e-03   6.8782800e-02   1.0694850e+01
   7.3926600e-03   6.2445575e-02   9.9036450e+00
   6.2927200e-03   5.5623150e-02   8.9680635e+00
   4.7455800e-03   4.9715600e-02   8.1350885e+00
   4.3418800e-03   4.5132700e-02   7.4314265e+00
   3.2261600e-03   4.0903100e-02   6.8009265e+00
   1.6308600e-03   3.3490875e-02   5.9265615e+00
   1.8777600e-03   2.6699400e-02   4.9240130e+00
   1.1805000e-03   2.2134375e-02   4.0155985e+00
   0.0000000e+00   1.7824500e-02   3.1742450e+00
  -7.1676000e-04   1.2543300e-02   2.4527695e+00
   2.3980000e-04   9.8917500e-03   1.9295640e+00
   9.5616000e-04   7.7688000e-03   1.5372105e+00
   9.5392000e-04   6.5582000e-03   1.2258640e+00
   9.6416000e-04   5.7247000e-03   9.9172585e-01
   2.4444000e-04   4.5832500e-03   8.2803600e-01
  -2.4304000e-04   4.2532000e-03   7.1257020e-01
   2.3988000e-04   1.7991000e-03   6.3140590e-01
   9.5648000e-04   5.9780000e-04   5.7798160e-01
   0.0000000e+00   1.1984000e-03   5.2712100e-01
   0.0000000e+00   2.4164000e-03   4.8921640e-01
   0.0000000e+00   2.7348750e-03   4.6217990e-01
   2.4034000e-04   2.4034000e-03   4.3736000e-01
   0.0000000e+00   2.6885250e-03   4.2309675e-01
   2.3996000e-04   2.6995500e-03   4.0313160e-01
   0.0000000e+00   1.5096250e-03   3.9639200e-01
  -4.8572000e-04   1.8214500e-03   3.8426050e-01
  -1.2133000e-03   1.2133000e-03   3.6541940e-01
  -9.8016000e-04   1.5315000e-03   3.5529110e-01
  -7.4142000e-04   2.4714000e-03   3.5159640e-01
   4.9572000e-04   2.1687750e-03   3.4291270e-01
   2.4712000e-04   1.5445000e-03   3.3098460e-01
  -7.3704000e-04   6.1420000e-04   3.2516165e-01
  -2.4570000e-04   9.2137500e-04   3.2152250e-01
   2.4434000e-04   3.0542500e-04   3.1539815e-01
  -4.8672000e-04   9.1260000e-04   3.0626385e-01
  -4.8360000e-04   9.0675000e-04   3.0633150e-01
   4.8024000e-04   0.0000000e+00   3.0982640e-01
   2.4072000e-04   9.0270000e-04   3.1989510e-01
  -7.3158000e-04   9.1447500e-04   3.2265625e-01
  -1.4683200e-03   6.1180000e-04   3.1845315e-01
