   2.7409109e-03
   2.7573190e-03
   2.5682742e-03
   2.5335137e-03
   2.5494189e-03
   2.6404972e-03
   3.0605924e-03
   2.9315558e-03
   3.2268495e-03
   3.4706194e-03
   3.0667404e-03
   2.9639419e-03
   3.7156210e-03
   3.8285247e-03
   3.9177595e-03
   4.4076562e-03
   4.7746635e-03
   5.0675786e-03
   5.2819550e-03
   5.5942668e-03
   6.3945432e-03
   5.8530310e-03
   6.4724735e-03
   6.8655977e-03
   7.4264612e-03
   7.2953881e-03
   7.5649545e-03
   7.9679552e-03
   8.1050737e-03
   8.3599235e-03
   8.1231686e-03
   8.6409038e-03
   8.8459298e-03
   9.0398316e-03
   9.1973227e-03
   9.3426200e-03
   9.2355044e-03
   9.5714893e-03
   9.8145814e-03
   9.9211586e-03
   9.7765076e-03
   1.0438770e-02
   1.0782349e-02
   1.1052890e-02
   1.1071531e-02
   1.1374658e-02
   1.0279084e-02
   1.0350669e-02
   1.0711674e-02
   1.0902964e-02
   1.1209372e-02
   1.1332598e-02
   1.1775047e-02
   1.1845137e-02
   1.2051803e-02
   1.2244550e-02
   1.2121730e-02
   1.2362484e-02
   1.2449309e-02
   1.2490951e-02
   1.2657361e-02
   1.2830402e-02
   1.3009694e-02
   1.3157448e-02
   1.3319816e-02
   1.3381383e-02
   1.3526774e-02
   1.3662036e-02
   1.3672393e-02
   1.3734638e-02
   1.3882116e-02
   1.4049737e-02
   1.4085164e-02
   1.4213793e-02
   1.4202684e-02
   1.4264966e-02
   1.4097657e-02
   1.4096410e-02
   1.3996889e-02
   1.3950470e-02
   1.3780572e-02
   1.3796006e-02
   1.3750415e-02
   1.3574075e-02
   1.3508079e-02
   1.3488534e-02
   1.3511350e-02
   1.3494378e-02
   1.3443641e-02
   1.3375683e-02
   1.3314212e-02
   1.3287687e-02
   1.3194118e-02
   1.3125946e-02
   1.3051146e-02
   1.3034497e-02
   1.2911722e-02
   1.2844207e-02
   1.2734795e-02
   1.2683850e-02
   1.2657733e-02
   1.2559275e-02
   1.2534188e-02
   1.2406964e-02
   1.2357325e-02
   1.2319581e-02
   1.2242754e-02
   1.2154282e-02
   1.2077104e-02
   1.2003960e-02
   1.1975773e-02
   1.1938985e-02
   1.1934010e-02
   1.1915185e-02
   1.1899588e-02
   1.1900102e-02
   1.1975735e-02
   1.2028741e-02
   1.2063038e-02
   1.2064549e-02
   1.2034982e-02
   1.2039163e-02
   1.2004748e-02
   1.1958120e-02
   1.1892136e-02
   1.1837860e-02
   1.1767778e-02
   1.1728203e-02
   1.1689603e-02
   1.1639235e-02
   1.1553417e-02
   1.1487072e-02
   1.1406795e-02
   1.1316889e-02
   1.1238931e-02
   1.1144640e-02
   1.1020345e-02
   1.0865834e-02
   1.0686283e-02
   1.0501198e-02
   1.0335410e-02
   1.0125191e-02
   9.8994633e-03
   9.6543854e-03
   9.4120939e-03
   9.1596105e-03
   8.8651983e-03
   8.5454961e-03
   8.2466458e-03
   7.9794563e-03
   7.8025374e-03
   7.6883438e-03
   7.6105822e-03
   7.5414289e-03
   7.4804755e-03
   7.4327876e-03
   7.3795397e-03
   7.3293154e-03
   7.2815823e-03
   7.2159795e-03
   7.1308709e-03
   7.0561052e-03
   6.9747635e-03
   6.8957377e-03
   6.8023856e-03
   6.7208304e-03
   6.6329881e-03
   6.5255984e-03
   6.4174301e-03
   6.3118083e-03
   6.2048797e-03
   6.1023638e-03
   5.9794229e-03
   5.8547586e-03
   5.7396411e-03
   5.6534681e-03
   5.5959496e-03
   5.5425060e-03
   5.4894430e-03
   5.4308204e-03
   5.3619346e-03
   5.2897877e-03
   5.2252113e-03
   5.1493288e-03
   5.0625019e-03
   4.9576019e-03
   4.8479430e-03
   4.7483454e-03
   4.6492562e-03
   4.5377312e-03
   4.4342696e-03
   4.3325250e-03
   4.2240166e-03
   4.1268390e-03
   4.0169683e-03
   3.9106319e-03
   3.7925508e-03
   3.6480843e-03
   3.4861677e-03
   3.3304626e-03
   3.2174206e-03
   3.1449388e-03
   3.0874024e-03
   3.0269823e-03
   2.9801857e-03
   2.9400462e-03
   2.9090820e-03
   2.8869819e-03
   2.8662634e-03
   2.8464329e-03
   2.8301423e-03
   2.8152787e-03
   2.8061361e-03
   2.7926077e-03
   2.7760548e-03
   2.7545584e-03
   2.7324914e-03
   2.7137973e-03
   2.7026665e-03
   2.6879991e-03
   2.6791767e-03
   2.6623605e-03
   2.6392843e-03
   2.6103738e-03
   2.5639491e-03
   2.5199585e-03
   2.4942115e-03
   2.4795205e-03
   2.4689150e-03
   2.4637051e-03
   2.4614347e-03
   2.4545438e-03
   2.4475089e-03
   2.4359358e-03
   2.4250873e-03
   2.4103586e-03
   2.3779909e-03
   2.3232681e-03
   2.2605150e-03
   2.2378113e-03
   2.2402435e-03
   2.2564428e-03
   2.2542349e-03
   2.2550198e-03
   2.2417515e-03
   2.2416073e-03
   2.2396616e-03
   2.2481141e-03
   2.2456930e-03
   2.2374623e-03
   2.2218795e-03
   2.2080507e-03
   2.1980882e-03
   2.1930580e-03
   2.1851705e-03
   2.1749806e-03
   2.1738475e-03
   2.1722717e-03
   2.1618979e-03
   2.1471761e-03
   2.1427278e-03
   2.1251010e-03
   2.1122198e-03
   2.0820681e-03
   2.0259050e-03
   1.9504523e-03
   1.9113592e-03
   1.9048410e-03
   1.8762721e-03
   1.8501050e-03
   1.8321914e-03
   1.8525898e-03
   1.8509892e-03
   1.8205713e-03
   1.8022540e-03
   1.8054969e-03
   1.8252266e-03
   1.8300053e-03
   1.8339992e-03
   1.8352475e-03
   1.8367661e-03
   1.8375906e-03
   1.8245924e-03
   1.7828789e-03
   1.6927319e-03
   1.5835794e-03
   1.4700102e-03
   1.4700481e-03
   1.5063059e-03
   1.5160862e-03
   1.4769262e-03
   1.4352716e-03
   1.4335092e-03
   1.4368811e-03
   1.4606452e-03
   1.4987996e-03
   1.5595774e-03
   1.5791047e-03
   1.5926908e-03
   1.6059743e-03
   1.6387964e-03
   1.6759027e-03
   1.6956079e-03
   1.7086417e-03
   1.7204609e-03
   1.7232388e-03
   1.7294144e-03
   1.7342282e-03
   1.7201924e-03
   1.7206460e-03
   1.7027596e-03
   1.6829122e-03
   1.6598604e-03
   1.6081355e-03
   1.4804515e-03
   1.3338622e-03
   1.2656477e-03
   1.3099479e-03
   1.4196919e-03
   1.5296827e-03
   1.6046153e-03
   1.6430641e-03
   1.6723244e-03
   1.6824233e-03
   1.6909284e-03
   1.7021487e-03
   1.6933357e-03
   1.6855178e-03
   1.6790739e-03
   1.6773098e-03
   1.6742820e-03
   1.6561133e-03
   1.6334995e-03
   1.6028466e-03
   1.5774030e-03
   1.5635183e-03
   1.5598421e-03
   1.5807010e-03
   1.5794082e-03
   1.5689622e-03
   1.5325368e-03
   1.5335891e-03
   1.5246564e-03
   1.5038388e-03
   1.4921702e-03
   1.5152646e-03
   1.5272727e-03
   1.4983308e-03
   1.4803396e-03
   1.4392116e-03
   1.3937667e-03
   1.3438769e-03
   1.2788648e-03
   1.2509365e-03
   1.2401830e-03
   1.2836013e-03
   1.2778345e-03
   1.3040441e-03
   1.2827598e-03
   1.3159771e-03
   1.3247569e-03
   1.3277055e-03
   1.2911600e-03
   1.3038003e-03
   1.3227636e-03
   1.3327611e-03
   1.3572577e-03
   1.3830306e-03
   1.4043816e-03
   1.4133545e-03
   1.4396071e-03
   1.4510714e-03
   1.4350523e-03
   1.4534809e-03
   1.4712474e-03
   1.4638921e-03
   1.4657513e-03
   1.4684003e-03
   1.4679515e-03
   1.4436934e-03
   1.4783760e-03
   1.4663162e-03
   1.4534054e-03
   1.4837633e-03
   1.4516156e-03
   1.4763103e-03
   1.4862507e-03
   1.4576857e-03
   1.4604868e-03
   1.4634874e-03
   1.4520854e-03
   1.4387393e-03
   1.4227541e-03
   1.4515468e-03
   1.4257351e-03
   1.4336912e-03
   1.4312376e-03
   1.4244520e-03
   1.4179392e-03
   1.4264381e-03
   1.4557609e-03
   1.4316500e-03
   1.3894417e-03
   1.4303321e-03
   1.4090268e-03
   1.3825755e-03
   1.3689738e-03
   1.3220882e-03
   1.2912678e-03
   1.2220808e-03
   1.1834700e-03
   1.1455033e-03
   1.0761799e-03
   1.0744854e-03
   1.0910808e-03
   1.1283326e-03
   1.1395842e-03
   1.1517643e-03
   1.0894106e-03
   1.0460553e-03
   1.0878237e-03
   1.0227307e-03
   9.9239943e-04
   9.9386466e-04
   9.7181203e-04
   1.0394398e-03
   1.0358624e-03
   1.0630940e-03
   1.1101836e-03
   1.0524021e-03
   1.0763279e-03
   1.0358476e-03
   9.8571516e-04
   9.3384865e-04
   8.4851105e-04
   8.3206502e-04
   7.7095555e-04
   8.2276771e-04
   7.2508659e-04
   7.9161487e-04
   8.1539354e-04
   6.0980409e-04
   9.1011214e-04
   8.2769215e-04
   8.3122091e-04
   7.8258091e-04
   7.0160312e-04
   7.5368829e-04
   6.0787628e-04
   5.7736618e-04
   7.4985739e-04
   7.0781763e-04
   6.2672815e-04
   8.0109873e-04
   8.2837284e-04
   8.0162258e-04
   7.8729017e-04
   8.3810630e-04
   8.4145851e-04
   7.2785391e-04
   8.7103509e-04
   8.7210299e-04
   8.9622839e-04
   9.8949447e-04
   9.8949447e-04
   1.0011529e-03
   9.5210934e-04
   9.0886485e-04
   9.0517304e-04
   8.8273505e-04
   8.8803692e-04
   1.0141512e-03
   1.0367478e-03
   9.1616419e-04
   1.0298892e-03
   9.9173901e-04
   9.8505371e-04
   1.0117298e-03
   1.0978406e-03
   1.1343973e-03
   1.1450222e-03
   1.1247672e-03
   1.1345418e-03
   1.1503298e-03
   1.1573452e-03
   1.1794967e-03
   1.2555690e-03
   1.1730908e-03
   1.1364128e-03
   1.3300642e-03
   1.2726640e-03
   1.2109000e-03
   1.1739321e-03
   1.2333720e-03
   1.1464921e-03
   1.1051866e-03
   1.0936262e-03
   1.0880150e-03
   1.0780744e-03
   1.0572157e-03
   1.0467305e-03
   1.0701295e-03
   1.1105759e-03
   1.1352590e-03
   1.1315478e-03
   1.1219626e-03
   1.1124692e-03
   1.1066723e-03
   1.1038958e-03
   1.0978999e-03
   1.0919317e-03
   1.0887292e-03
   1.0880248e-03
   1.0865009e-03
   1.0849803e-03
   1.0841630e-03
   1.0803456e-03
   1.0720759e-03
   1.0638079e-03
   1.0593567e-03
   1.0689467e-03
   1.0867829e-03
   1.1046553e-03
   1.1142932e-03
   1.1147551e-03
   1.1157577e-03
   1.1167629e-03
   1.1173053e-03
   1.1080701e-03
   1.0571036e-03
   1.0475000e-03
   1.0943044e-03
   1.0702902e-03
   1.0739263e-03
   1.1143706e-03
   1.0868640e-03
   1.0584343e-03
   1.0697090e-03
   1.0816345e-03
   1.0792205e-03
   1.0946945e-03
   1.0272683e-03
   9.8943606e-04
   1.0657353e-03
   1.0481683e-03
   1.0273036e-03
   1.0082120e-03
   1.0184440e-03
   1.0070617e-03
   9.5936678e-04
   9.1336282e-04
   8.3700085e-04
   7.6225906e-04
   7.6242850e-04
   7.3299214e-04
   6.2828008e-04
   5.8110946e-04
   5.7084866e-04
   5.3230434e-04
   4.9912469e-04
   5.5532280e-04
   5.0191981e-04
   5.0236574e-04
   6.2582389e-04
   7.1421803e-04
   7.4877559e-04
   7.3081457e-04
   7.4780792e-04
   7.8455043e-04
   7.9490515e-04
   7.9806778e-04
   8.4366804e-04
   8.1693747e-04
   8.2229033e-04
   8.5162074e-04
   8.7524277e-04
   9.1016648e-04
   9.1573166e-04
   9.3676257e-04
   9.4392665e-04
   9.5090429e-04
   9.7439874e-04
   9.6042494e-04
   9.3399056e-04
   9.2118603e-04
   9.3232719e-04
   9.2311684e-04
   9.5240140e-04
   9.3812523e-04
   8.7585208e-04
   8.3136563e-04
   8.6240868e-04
   8.9466160e-04
   8.9823233e-04
   8.7377690e-04
   8.2876116e-04
   8.6031843e-04
   8.7343400e-04
   8.6604267e-04
   8.6792148e-04
   8.1029359e-04
   7.9417425e-04
   7.5057715e-04
   7.3861687e-04
   6.6443338e-04
   6.3803830e-04
   6.5406306e-04
   6.0733156e-04
   5.9158386e-04
   5.8906758e-04
   5.4568841e-04
   4.9191851e-04
   4.9025577e-04
   5.1493386e-04
   5.2243264e-04
   5.4265433e-04
   6.2462452e-04
   2.6788581e-04
  -1.3993296e-04
   7.0915336e-04
   1.1065932e-03
   3.6193420e-04
   5.8435409e-06
  -3.7360378e-04
   4.0963550e-04
   8.9235720e-04
   6.1286179e-04
   3.2990805e-04
   5.0944561e-04
   3.4544077e-04
   6.7697280e-04
   4.5717695e-05
   2.5004587e-05
   5.0383382e-04
   2.7925861e-04
   3.6468383e-04
   1.9344320e-04
  -2.3096857e-05
   5.8657597e-05
   3.3602475e-04
   5.0628335e-04
   5.8807754e-04
   5.5769297e-04
   4.3001935e-04
   2.9601305e-04
   2.4973198e-04
   3.6022959e-04
   3.5815147e-04
   3.6645164e-04
   4.1436637e-04
   5.3040362e-04
   5.1759238e-04
   5.3285545e-04
   5.7482264e-04
   5.8656362e-04
   7.0606633e-04
   6.6018083e-04
   6.6427962e-04
   6.8330481e-04
   6.6667040e-04
   6.9753939e-04
   6.8460246e-04
   7.1274821e-04
   7.5239863e-04
   7.4932356e-04
   7.4783315e-04
   7.9265242e-04
   8.0418550e-04
   7.8744448e-04
   7.7564482e-04
   7.7089148e-04
   7.6536722e-04
   7.4852496e-04
   7.8617993e-04
   8.5844105e-04
   8.4653331e-04
   7.8826541e-04
   8.1543733e-04
   7.9122664e-04
   7.0322408e-04
   7.5024970e-04
   8.0008747e-04
   7.9123269e-04
   7.8020856e-04
   7.6768085e-04
   8.0724224e-04
   8.5331390e-04
   8.8305305e-04
   8.5822517e-04
   8.0424939e-04
   8.4399053e-04
   8.2794178e-04
   7.8049286e-04
   7.8753895e-04
   7.6041728e-04
   8.0249555e-04
   8.2046332e-04
   8.0906088e-04
   7.4878859e-04
   7.4485763e-04
   7.4152279e-04
   7.2944023e-04
   7.9417139e-04
   8.2095799e-04
   8.3020952e-04
   8.3381349e-04
   7.7376248e-04
   7.2757431e-04
   7.3632088e-04
   7.1580139e-04
   7.4196225e-04
   7.5435595e-04
   7.6075774e-04
   7.8770546e-04
   7.6520361e-04
   6.9913240e-04
   6.4394118e-04
   6.9385658e-04
   6.2711638e-04
   6.1726196e-04
   6.7250309e-04
   6.3733881e-04
   6.1688849e-04
   6.0470281e-04
   6.2505404e-04
   6.4269635e-04
   5.7158583e-04
   5.3619642e-04
   5.3991341e-04
   4.9850841e-04
   3.8315878e-04
   3.8531688e-04
   2.7735697e-04
   9.0067223e-05
   2.0372802e-04
   1.1341706e-04
  -1.8394381e-04
  -4.5974349e-04
  -4.3650870e-05
   4.5645993e-04
   6.0291435e-04
   7.8311381e-04
   1.1389003e-04
  -5.3659752e-04
   2.8657686e-04
   1.6209818e-03
  -7.4473154e-05
  -1.6179909e-04
  -1.9383611e-04
   3.6951499e-04
  -2.0815299e-04
   3.7588221e-04
  -1.2475342e-04
  -1.4193127e-03
  -3.4290584e-03
  -2.8999539e-03
  -2.3389785e-03
   1.2384399e-03
   5.9376276e-04
  -2.3285635e-03
  -8.5804810e-04
   7.4298184e-04
  -1.6868276e-03
  -1.6756445e-03
   1.5500293e-03
   6.6006004e-04
  -2.3602076e-03
  -4.6737202e-03
