   1.1681443e-03
   1.1054608e-03
   9.8217800e-04
   1.5821315e-04
   9.6124463e-04
   2.4003477e-04
   1.5447909e-03
   9.4813040e-04
   1.7288619e-03
   2.0466196e-03
   1.1973672e-03
   1.7549020e-03
   2.1932595e-03
   2.4188147e-03
   2.5487775e-03
   3.0126435e-03
   3.2335192e-03
   3.6775437e-03
   3.9243308e-03
   4.2604438e-03
   5.1140697e-03
   4.5988749e-03
   5.2769196e-03
   5.6674157e-03
   6.2396162e-03
   6.1402732e-03
   6.4223412e-03
   6.8422903e-03
   6.9884751e-03
   7.2462524e-03
   7.0072092e-03
   7.5461769e-03
   7.7714605e-03
   7.9797835e-03
   8.1460788e-03
   8.2472858e-03
   8.1482583e-03
   8.4815392e-03
   8.7779407e-03
   8.8668709e-03
   8.6819226e-03
   9.4377663e-03
   9.7603848e-03
   1.0054996e-02
   1.0042598e-02
   1.0348092e-02
   9.1763320e-03
   9.2833335e-03
   9.6306263e-03
   9.8484578e-03
   1.0144245e-02
   1.0259321e-02
   1.0764392e-02
   1.0809956e-02
   1.1020762e-02
   1.1201250e-02
   1.1079491e-02
   1.1307753e-02
   1.1379706e-02
   1.1426468e-02
   1.1600475e-02
   1.1772665e-02
   1.1947354e-02
   1.2107926e-02
   1.2284000e-02
   1.2325362e-02
   1.2480176e-02
   1.2624902e-02
   1.2626054e-02
   1.2686457e-02
   1.2831962e-02
   1.3004621e-02
   1.3037316e-02
   1.3149740e-02
   1.3138327e-02
   1.3219904e-02
   1.3030196e-02
   1.3034746e-02
   1.2925700e-02
   1.2862587e-02
   1.2685315e-02
   1.2714773e-02
   1.2663079e-02
   1.2457499e-02
   1.2388770e-02
   1.2360916e-02
   1.2391771e-02
   1.2364419e-02
   1.2305683e-02
   1.2231183e-02
   1.2165350e-02
   1.2133191e-02
   1.2031564e-02
   1.1955290e-02
   1.1869104e-02
   1.1851828e-02
   1.1727897e-02
   1.1662531e-02
   1.1539757e-02
   1.1491857e-02
   1.1470177e-02
   1.1355030e-02
   1.1336129e-02
   1.1205603e-02
   1.1152576e-02
   1.1102253e-02
   1.1028801e-02
   1.0941042e-02
   1.0855348e-02
   1.0784333e-02
   1.0743621e-02
   1.0695848e-02
   1.0690369e-02
   1.0672121e-02
   1.0644216e-02
   1.0645463e-02
   1.0726882e-02
   1.0776790e-02
   1.0810141e-02
   1.0812617e-02
   1.0778653e-02
   1.0782347e-02
   1.0745308e-02
   1.0698783e-02
   1.0625744e-02
   1.0566070e-02
   1.0493498e-02
   1.0452762e-02
   1.0413501e-02
   1.0350543e-02
   1.0262127e-02
   1.0190925e-02
   1.0118271e-02
   1.0042436e-02
   9.9517717e-03
   9.8580737e-03
   9.7299701e-03
   9.5749641e-03
   9.3866628e-03
   9.1967595e-03
   9.0276042e-03
   8.8159171e-03
   8.5855279e-03
   8.3425591e-03
   8.0914004e-03
   7.8321784e-03
   7.5349134e-03
   7.2183026e-03
   6.9031279e-03
   6.6356924e-03
   6.4546764e-03
   6.3400053e-03
   6.2613781e-03
   6.1886742e-03
   6.1280841e-03
   6.0726305e-03
   6.0266015e-03
   5.9674721e-03
   5.9228938e-03
   5.8510698e-03
   5.7699330e-03
   5.6934616e-03
   5.6111793e-03
   5.5238649e-03
   5.4336717e-03
   5.3515195e-03
   5.2575875e-03
   5.1482170e-03
   5.0405559e-03
   4.9335614e-03
   4.8180441e-03
   4.7182958e-03
   4.5895499e-03
   4.4641547e-03
   4.3424357e-03
   4.2578633e-03
   4.2054185e-03
   4.1484586e-03
   4.0863508e-03
   4.0281754e-03
   3.9584680e-03
   3.8884147e-03
   3.8163196e-03
   3.7490642e-03
   3.6527762e-03
   3.5486957e-03
   3.4343617e-03
   3.3328611e-03
   3.2317579e-03
   3.1151956e-03
   3.0152743e-03
   2.9179899e-03
   2.7975076e-03
   2.7042592e-03
   2.5939103e-03
   2.4820836e-03
   2.3626645e-03
   2.2109418e-03
   2.0456233e-03
   1.8870101e-03
   1.7697735e-03
   1.7023586e-03
   1.6448577e-03
   1.5839349e-03
   1.5302302e-03
   1.4894699e-03
   1.4617858e-03
   1.4386881e-03
   1.4222179e-03
   1.4028012e-03
   1.3775593e-03
   1.3644025e-03
   1.3574963e-03
   1.3413372e-03
   1.3178674e-03
   1.2962508e-03
   1.2769825e-03
   1.2501234e-03
   1.2509302e-03
   1.2328032e-03
   1.2160315e-03
   1.1997777e-03
   1.1667999e-03
   1.1437223e-03
   1.0928943e-03
   1.0585002e-03
   1.0306221e-03
   1.0039930e-03
   1.0011222e-03
   9.9941581e-04
   9.9095044e-04
   9.7647719e-04
   9.7103568e-04
   9.5576989e-04
   9.5972411e-04
   9.3628591e-04
   9.0036602e-04
   8.4434397e-04
   7.8429107e-04
   7.5859154e-04
   7.6575731e-04
   7.8104374e-04
   7.8035779e-04
   7.7968778e-04
   7.7217057e-04
   7.6585218e-04
   7.6840847e-04
   7.7708655e-04
   7.6188092e-04
   7.6257415e-04
   7.3880831e-04
   7.2781193e-04
   7.2017170e-04
   7.0980558e-04
   6.9610207e-04
   6.8781367e-04
   6.9306166e-04
   6.8894186e-04
   6.6654625e-04
   6.6334481e-04
   6.5268657e-04
   6.4093760e-04
   6.1840708e-04
   5.9749873e-04
   5.3956538e-04
   4.6157792e-04
   4.2423111e-04
   4.2594595e-04
   3.8424067e-04
   3.6618488e-04
   3.4367182e-04
   3.6914423e-04
   3.6219219e-04
   3.2660666e-04
   3.2022199e-04
   3.3267456e-04
   3.5750199e-04
   3.4775865e-04
   3.5893121e-04
   3.6132753e-04
   3.6900377e-04
   3.7236984e-04
   3.5318520e-04
   3.1288124e-04
   2.2767067e-04
   1.0762943e-04
  -1.7279102e-05
  -1.6644758e-05
   2.9721391e-05
   4.0007644e-05
  -1.2996438e-05
  -4.2171226e-05
  -2.8933142e-05
  -4.0853687e-05
  -2.1346228e-05
   2.5130446e-05
   8.4606406e-05
   1.1554049e-04
   1.1151094e-04
   1.3828095e-04
   1.6118575e-04
   1.9173733e-04
   2.1564551e-04
   2.2134631e-04
   2.4723807e-04
   2.4245275e-04
   2.4258363e-04
   2.4714383e-04
   2.5282834e-04
   2.3974828e-04
   2.1500467e-04
   2.2058431e-04
   1.7677130e-04
   1.2560689e-04
  -4.4804075e-05
  -1.9626074e-04
  -2.5146641e-04
  -2.1687824e-04
  -8.6014095e-05
   4.4497470e-05
   1.2205719e-04
   1.6655356e-04
   1.8286982e-04
   2.0668284e-04
   2.2036405e-04
   2.2778379e-04
   2.1251284e-04
   1.9990371e-04
   2.0555910e-04
   1.9519805e-04
   1.9497569e-04
   1.7010274e-04
   1.5880336e-04
   1.3063021e-04
   9.6923802e-05
   8.1703828e-05
   7.5006445e-05
   1.0181084e-04
   9.9816507e-05
   8.2839021e-05
   6.8859186e-05
   4.5138910e-05
   3.4803084e-05
   1.6809870e-05
   2.2732065e-06
   2.2922322e-05
   5.5901432e-05
   1.9184963e-05
   2.1094071e-06
  -7.5354375e-05
  -1.0689097e-04
  -1.2397231e-04
  -2.2120919e-04
  -2.4732257e-04
  -2.7474049e-04
  -2.1145689e-04
  -2.2216425e-04
  -2.1646229e-04
  -2.3118489e-04
  -2.1442976e-04
  -1.7856896e-04
  -1.8121006e-04
  -1.7397273e-04
  -1.9615648e-04
  -1.4891853e-04
  -1.5000755e-04
  -1.3164194e-04
  -1.2405481e-04
  -6.8989480e-05
  -7.6123149e-05
  -3.7026253e-05
  -1.8488551e-05
  -3.9344139e-05
  -3.2903533e-05
  -1.6430855e-05
  -3.1157982e-05
  -8.1679602e-05
  -2.5235336e-05
  -2.2619531e-05
  -4.0288874e-05
  -5.3592485e-05
  -2.5728776e-05
  -4.1531936e-05
   2.9807581e-05
  -3.3060683e-05
  -5.8021447e-05
  -1.7165990e-05
  -6.4514485e-05
  -2.7201244e-05
  -4.9957333e-05
  -9.4107168e-06
  -6.1449316e-05
  -6.2758636e-05
  -7.7473734e-05
  -4.0957853e-05
  -5.4391709e-05
  -2.6365998e-05
  -3.7576814e-05
  -1.0616956e-05
  -7.2021180e-05
  -1.7247087e-05
  -2.6818896e-05
  -8.4434620e-05
  -7.6817970e-05
  -3.8205410e-05
  -1.2578102e-04
  -8.9267833e-05
  -1.0690654e-04
  -1.5785702e-04
  -2.3907062e-04
  -3.1603432e-04
  -3.9644823e-04
  -3.8398607e-04
  -5.0781829e-04
  -4.2880060e-04
  -3.1783216e-04
  -3.2284820e-04
  -3.3259426e-04
  -3.0084913e-04
  -4.6055707e-04
  -3.9885648e-04
  -5.4760067e-04
  -5.0146748e-04
  -4.4776823e-04
  -6.0450865e-04
  -5.1735468e-04
  -5.1310925e-04
  -3.9493118e-04
  -4.7485359e-04
  -5.5321969e-04
  -4.6782177e-04
  -4.7433049e-04
  -5.4070032e-04
  -6.9694863e-04
  -7.9125548e-04
  -8.0950248e-04
  -8.7500595e-04
  -6.9869344e-04
  -8.0437156e-04
  -1.1281150e-03
  -1.1129138e-03
  -9.0852859e-04
  -5.6225683e-04
  -9.8523411e-04
  -6.7381985e-04
  -7.5778800e-04
  -5.1874251e-04
  -9.9972578e-04
  -9.8993738e-04
  -8.7202655e-04
  -5.1296730e-04
  -1.0593299e-03
  -9.9282372e-04
  -7.0136379e-04
  -6.2236668e-04
  -8.1288826e-04
  -7.4035969e-04
  -6.4578717e-04
  -5.2535918e-04
  -7.8258265e-04
  -5.9795069e-04
  -7.7866992e-04
  -5.6594650e-04
  -4.6562274e-04
  -4.6562274e-04
  -3.3562383e-04
  -2.5984559e-04
  -6.9379053e-04
  -7.3083643e-04
  -3.6337662e-04
  -6.8610002e-04
  -5.4537949e-04
  -5.2016591e-04
  -5.3853567e-04
  -3.9106316e-04
  -4.1332064e-04
  -4.1722110e-04
  -3.4515672e-04
  -1.6769429e-04
  -2.0599385e-04
  -2.1712415e-04
  -3.1532581e-04
  -2.4166571e-04
  -2.3079841e-04
  -2.2596972e-04
  -2.4674349e-04
  -8.3360998e-06
  -9.5716733e-05
  -1.3457411e-04
   3.2875279e-04
  -1.1097874e-04
  -9.9328729e-05
  -1.1064950e-04
  -3.6354750e-04
  -3.4775408e-04
  -4.8522690e-04
  -5.4103959e-04
  -6.6436049e-04
  -6.7507536e-04
  -7.3653937e-04
  -7.5931213e-04
  -7.1448826e-04
  -6.1770305e-04
  -5.5863777e-04
  -5.6507240e-04
  -5.8169078e-04
  -5.9814996e-04
  -6.0820045e-04
  -6.0193912e-04
  -5.8841838e-04
  -5.7495950e-04
  -5.6773798e-04
  -5.6393457e-04
  -5.5570897e-04
  -5.4749969e-04
  -5.4308690e-04
  -5.5657575e-04
  -5.8579516e-04
  -6.1500980e-04
  -6.3073795e-04
  -6.1652102e-04
  -5.9007984e-04
  -5.6358465e-04
  -5.4929722e-04
  -5.3980409e-04
  -5.1919577e-04
  -4.9853236e-04
  -4.8738309e-04
  -4.8962004e-04
  -5.0196109e-04
  -5.1229514e-04
  -5.0360947e-04
  -5.8904047e-04
  -5.7438656e-04
  -5.2342966e-04
  -4.9892841e-04
  -5.4044998e-04
  -6.1230246e-04
  -5.4904931e-04
  -5.2027085e-04
  -5.2481601e-04
  -6.1113127e-04
  -6.8790076e-04
  -5.3813403e-04
  -5.3468231e-04
  -5.8647064e-04
  -6.0013599e-04
  -5.5539281e-04
  -5.9525101e-04
  -6.9718821e-04
  -6.3530815e-04
  -7.6893051e-04
  -8.6148652e-04
  -7.0961429e-04
  -8.6196370e-04
  -9.9942803e-04
  -1.0569319e-03
  -1.0242263e-03
  -8.3718907e-04
  -9.9491320e-04
  -1.0663210e-03
  -9.5409456e-04
  -1.0243922e-03
  -1.1179771e-03
  -1.0660715e-03
  -9.0217810e-04
  -8.2423150e-04
  -8.2438383e-04
  -8.2451951e-04
  -8.4537850e-04
  -8.7067527e-04
  -7.8371584e-04
  -7.8022650e-04
  -9.0522347e-04
  -8.5659876e-04
  -7.1163005e-04
  -6.5546182e-04
  -6.2801818e-04
  -5.9874152e-04
  -5.7306612e-04
  -6.0738241e-04
  -6.4106594e-04
  -7.2132758e-04
  -7.2994045e-04
  -6.2385552e-04
  -5.1872345e-04
  -5.6754352e-04
  -5.6669127e-04
  -6.1649477e-04
  -7.2189623e-04
  -6.8753302e-04
  -6.9968140e-04
  -7.0061507e-04
  -6.3730757e-04
  -6.3566528e-04
  -7.1766973e-04
  -6.3787100e-04
  -6.4393208e-04
  -6.6749097e-04
  -6.1550220e-04
  -7.0550213e-04
  -7.9524192e-04
  -8.1859714e-04
  -7.8410916e-04
  -8.2390607e-04
  -9.0521800e-04
  -9.7078523e-04
  -8.9801864e-04
  -8.1281488e-04
  -9.8316756e-04
  -1.2049070e-03
  -1.2483411e-03
  -9.4484206e-04
  -6.3657499e-04
  -5.9905282e-04
  -9.5363675e-04
  -1.1373655e-03
  -1.5096991e-03
  -2.0508541e-03
  -6.2362218e-04
   2.6729511e-04
  -4.3191056e-04
  -2.0842248e-03
  -2.9084791e-03
  -1.3105205e-03
   2.5352478e-04
  -1.3597623e-03
  -1.2392571e-03
  -3.2850601e-04
  -2.0297678e-03
  -2.0185793e-03
  -2.0171177e-03
  -1.3834527e-03
  -1.9203405e-04
  -8.1235233e-04
  -1.9671884e-03
  -1.9785966e-03
  -1.1868790e-03
  -1.3413585e-03
  -1.0278950e-03
  -6.3267825e-04
  -1.0989927e-03
  -1.2419326e-03
  -1.1563748e-03
  -1.3670245e-03
  -1.4293806e-03
  -1.3285036e-03
  -1.2598965e-03
  -1.2535113e-03
  -1.1992703e-03
  -1.0167874e-03
  -1.0854635e-03
  -9.8317723e-04
  -8.9151241e-04
  -9.3985945e-04
  -8.1754517e-04
  -8.7180631e-04
  -8.3346887e-04
  -8.0398944e-04
  -8.0548339e-04
  -7.5732076e-04
  -7.7203813e-04
  -7.5711559e-04
  -7.4572947e-04
  -7.5935144e-04
  -7.7466299e-04
  -7.3653013e-04
  -7.0125347e-04
  -7.4024295e-04
  -7.9942078e-04
  -7.7677902e-04
  -7.4549766e-04
  -7.9871918e-04
  -7.8455476e-04
  -6.7320483e-04
  -6.8766037e-04
  -7.6090415e-04
  -7.5433923e-04
  -8.2343005e-04
  -8.5258566e-04
  -7.5531792e-04
  -6.9411881e-04
  -7.7730855e-04
  -7.3713210e-04
  -7.3248053e-04
  -7.7673504e-04
  -6.5515884e-04
  -6.0927971e-04
  -7.1385745e-04
  -6.8409787e-04
  -6.1109150e-04
  -6.2968464e-04
  -5.7243252e-04
  -6.4318631e-04
  -7.1473387e-04
  -6.7380423e-04
  -6.2565300e-04
  -6.0364420e-04
  -6.7842062e-04
  -7.0599714e-04
  -8.3748085e-04
  -8.6710599e-04
  -6.9166118e-04
  -7.3643228e-04
  -6.2190618e-04
  -4.4323351e-04
  -7.4012570e-04
  -7.7011607e-04
  -7.5061659e-04
  -7.1534588e-04
  -6.7582179e-04
  -9.0498155e-04
  -9.5112099e-04
  -7.7692034e-04
  -7.2403011e-04
  -8.9399851e-04
  -7.8575081e-04
  -6.5856141e-04
  -8.4966034e-04
  -8.2430686e-04
  -8.7155023e-04
  -9.3250231e-04
  -8.3277987e-04
  -8.9265597e-04
  -6.7090031e-04
  -6.8156369e-04
  -9.0749669e-04
  -1.0538018e-03
  -1.0766275e-03
  -8.5608975e-04
  -1.1559344e-03
  -1.2148139e-03
  -1.3016658e-03
  -1.5751524e-03
  -1.2484205e-03
  -1.6673986e-03
  -1.9544531e-03
  -1.9349313e-03
  -1.3283982e-03
  -1.9855825e-03
  -2.0303397e-03
   4.6397841e-04
   1.1447475e-03
  -2.1364924e-04
  -1.8695228e-03
  -1.8072980e-03
  -4.0807798e-03
  -1.8881976e-03
   6.5033152e-04
   7.6031465e-04
  -2.0848353e-03
  -1.8072980e-03
  -1.8072980e-03
  -5.0709101e-03
  -8.4478869e-03
  -1.8072980e-03
  -5.4369660e-03
  -1.8072980e-03
   5.6589104e-03
  -1.8072980e-03
  -1.8072980e-03
   2.0662187e-03
  -1.9374443e-03
  -1.9365815e-03
  -1.8072980e-03
  -1.8072980e-03
  -1.8072980e-03
  -1.6814338e-03
