   1.2513674e-03
   1.2677754e-03
   1.0787307e-03
   1.0439702e-03
   1.0598754e-03
   1.1509537e-03
   1.5710489e-03
   1.4420123e-03
   1.7373060e-03
   1.9810759e-03
   1.5771969e-03
   1.4743984e-03
   2.2260775e-03
   2.3389812e-03
   2.4282160e-03
   2.9181127e-03
   3.2851200e-03
   3.5780351e-03
   3.7924115e-03
   4.1047233e-03
   4.9049997e-03
   4.3634874e-03
   4.9829300e-03
   5.3760542e-03
   5.9369177e-03
   5.8058446e-03
   6.0754110e-03
   6.4784117e-03
   6.6155302e-03
   6.8703800e-03
   6.6336251e-03
   7.1513603e-03
   7.3563863e-03
   7.5502881e-03
   7.7077792e-03
   7.8530765e-03
   7.7459609e-03
   8.0819458e-03
   8.3250379e-03
   8.4316151e-03
   8.2869641e-03
   8.9492261e-03
   9.2928056e-03
   9.5633468e-03
   9.5819877e-03
   9.8851141e-03
   8.7895401e-03
   8.8611252e-03
   9.2221303e-03
   9.4134208e-03
   9.7198284e-03
   9.8430545e-03
   1.0285503e-02
   1.0355594e-02
   1.0562259e-02
   1.0755006e-02
   1.0632187e-02
   1.0872941e-02
   1.0959765e-02
   1.1001407e-02
   1.1167818e-02
   1.1340858e-02
   1.1520150e-02
   1.1667904e-02
   1.1830272e-02
   1.1891839e-02
   1.2037230e-02
   1.2172493e-02
   1.2182849e-02
   1.2245094e-02
   1.2392572e-02
   1.2560194e-02
   1.2595621e-02
   1.2724250e-02
   1.2713140e-02
   1.2775422e-02
   1.2608113e-02
   1.2606867e-02
   1.2507346e-02
   1.2460926e-02
   1.2291028e-02
   1.2306462e-02
   1.2260872e-02
   1.2084531e-02
   1.2018535e-02
   1.1998991e-02
   1.2021807e-02
   1.2004835e-02
   1.1954097e-02
   1.1886140e-02
   1.1824669e-02
   1.1798144e-02
   1.1704575e-02
   1.1636402e-02
   1.1561603e-02
   1.1544954e-02
   1.1422178e-02
   1.1354664e-02
   1.1245252e-02
   1.1194306e-02
   1.1168189e-02
   1.1069732e-02
   1.1044644e-02
   1.0917420e-02
   1.0867781e-02
   1.0830038e-02
   1.0753211e-02
   1.0664739e-02
   1.0587561e-02
   1.0514416e-02
   1.0486229e-02
   1.0449442e-02
   1.0444467e-02
   1.0425642e-02
   1.0410045e-02
   1.0410558e-02
   1.0486191e-02
   1.0539198e-02
   1.0573495e-02
   1.0575006e-02
   1.0545439e-02
   1.0549620e-02
   1.0515205e-02
   1.0468576e-02
   1.0402593e-02
   1.0348316e-02
   1.0278234e-02
   1.0238659e-02
   1.0200060e-02
   1.0149692e-02
   1.0063873e-02
   9.9975288e-03
   9.9172512e-03
   9.8273460e-03
   9.7493872e-03
   9.6550968e-03
   9.5308018e-03
   9.3762902e-03
   9.1967398e-03
   9.0116541e-03
   8.8458663e-03
   8.6356474e-03
   8.4099198e-03
   8.1648419e-03
   7.9225503e-03
   7.6700670e-03
   7.3756548e-03
   7.0559526e-03
   6.7571023e-03
   6.4899128e-03
   6.3129939e-03
   6.1988003e-03
   6.1210387e-03
   6.0518854e-03
   5.9909320e-03
   5.9432441e-03
   5.8899962e-03
   5.8397719e-03
   5.7920388e-03
   5.7264360e-03
   5.6413274e-03
   5.5665617e-03
   5.4852200e-03
   5.4061942e-03
   5.3128421e-03
   5.2312869e-03
   5.1434446e-03
   5.0360549e-03
   4.9278866e-03
   4.8222648e-03
   4.7153361e-03
   4.6128203e-03
   4.4898794e-03
   4.3652151e-03
   4.2500976e-03
   4.1639246e-03
   4.1064061e-03
   4.0529625e-03
   3.9998995e-03
   3.9412769e-03
   3.8723911e-03
   3.8002442e-03
   3.7356677e-03
   3.6597853e-03
   3.5729584e-03
   3.4680584e-03
   3.3583995e-03
   3.2588019e-03
   3.1597127e-03
   3.0481877e-03
   2.9447261e-03
   2.8429814e-03
   2.7344730e-03
   2.6372955e-03
   2.5274248e-03
   2.4210884e-03
   2.3030073e-03
   2.1585408e-03
   1.9966242e-03
   1.8409191e-03
   1.7278771e-03
   1.6553953e-03
   1.5978589e-03
   1.5374388e-03
   1.4906422e-03
   1.4505027e-03
   1.4195385e-03
   1.3974384e-03
   1.3767199e-03
   1.3568894e-03
   1.3405988e-03
   1.3257352e-03
   1.3165926e-03
   1.3030642e-03
   1.2865113e-03
   1.2650149e-03
   1.2429479e-03
   1.2242538e-03
   1.2131230e-03
   1.1984556e-03
   1.1896332e-03
   1.1728170e-03
   1.1497408e-03
   1.1208303e-03
   1.0744056e-03
   1.0304150e-03
   1.0046680e-03
   9.8997703e-04
   9.7937148e-04
   9.7416159e-04
   9.7189124e-04
   9.6500034e-04
   9.5796542e-04
   9.4639230e-04
   9.3554380e-04
   9.2081510e-04
   8.8844736e-04
   8.3372455e-04
   7.7097145e-04
   7.4826783e-04
   7.5070003e-04
   7.6689928e-04
   7.6469137e-04
   7.6547631e-04
   7.5220803e-04
   7.5206377e-04
   7.5011808e-04
   7.5857058e-04
   7.5614948e-04
   7.4791883e-04
   7.3233597e-04
   7.1850719e-04
   7.0854472e-04
   7.0351448e-04
   6.9562697e-04
   6.8543709e-04
   6.8430395e-04
   6.8272824e-04
   6.7235437e-04
   6.5763263e-04
   6.5318426e-04
   6.3555753e-04
   6.2267631e-04
   5.9252459e-04
   5.3636147e-04
   4.6090876e-04
   4.2181565e-04
   4.1529748e-04
   3.8672863e-04
   3.6056152e-04
   3.4264792e-04
   3.6304630e-04
   3.6144571e-04
   3.3102783e-04
   3.1271047e-04
   3.1595338e-04
   3.3568308e-04
   3.4046181e-04
   3.4445570e-04
   3.4570396e-04
   3.4722256e-04
   3.4804712e-04
   3.3504891e-04
   2.9333542e-04
   2.0318837e-04
   9.4035864e-05
  -1.9533281e-05
  -1.9495390e-05
   1.6762359e-05
   2.6542677e-05
  -1.2617349e-05
  -5.4271881e-05
  -5.6034261e-05
  -5.2662361e-05
  -2.8898351e-05
   9.2561120e-06
   7.0033922e-05
   8.9561229e-05
   1.0314727e-04
   1.1643077e-04
   1.4925289e-04
   1.8635922e-04
   2.0606444e-04
   2.1909815e-04
   2.3091738e-04
   2.3369526e-04
   2.3987094e-04
   2.4468469e-04
   2.3064893e-04
   2.3110252e-04
   2.1321605e-04
   1.9336871e-04
   1.7031686e-04
   1.1859198e-04
  -9.0920192e-06
  -1.5568128e-04
  -2.2389584e-04
  -1.7959556e-04
  -6.9851559e-05
   4.0139214e-05
   1.1507178e-04
   1.5352057e-04
   1.8278086e-04
   1.9287977e-04
   2.0138491e-04
   2.1260519e-04
   2.0379216e-04
   1.9597427e-04
   1.8953036e-04
   1.8776629e-04
   1.8473851e-04
   1.6656978e-04
   1.4395596e-04
   1.1330310e-04
   8.7859491e-05
   7.3974821e-05
   7.0298612e-05
   9.1157537e-05
   8.9864677e-05
   7.9418663e-05
   4.2993261e-05
   4.4045601e-05
   3.5112941e-05
   1.4295272e-05
   2.6267392e-06
   2.5721101e-05
   3.7729207e-05
   8.7873333e-06
  -9.2038833e-06
  -5.0331929e-05
  -9.5776797e-05
  -1.4566660e-04
  -2.1067874e-04
  -2.3860697e-04
  -2.4936050e-04
  -2.0594220e-04
  -2.1170901e-04
  -1.8549944e-04
  -2.0678374e-04
  -1.7356642e-04
  -1.6478664e-04
  -1.6183799e-04
  -1.9838346e-04
  -1.8574322e-04
  -1.6677995e-04
  -1.5678244e-04
  -1.3228583e-04
  -1.0651287e-04
  -8.5161868e-05
  -7.6189001e-05
  -4.9936402e-05
  -3.8472144e-05
  -5.4491204e-05
  -3.6062598e-05
  -1.8296079e-05
  -2.5651413e-05
  -2.3792255e-05
  -2.1143197e-05
  -2.1591960e-05
  -4.5850137e-05
  -1.1167527e-05
  -2.3227283e-05
  -3.6138120e-05
  -5.7802432e-06
  -3.7927931e-05
  -1.3233254e-05
  -3.2927986e-06
  -3.1857776e-05
  -2.9056734e-05
  -2.6056085e-05
  -3.7458081e-05
  -5.0804222e-05
  -6.6789358e-05
  -3.7996701e-05
  -6.3808410e-05
  -5.5852295e-05
  -5.8305900e-05
  -6.5091542e-05
  -7.1604327e-05
  -6.3105372e-05
  -3.3782556e-05
  -5.7893532e-05
  -1.0010184e-04
  -5.9211405e-05
  -8.0516709e-05
  -1.0696801e-04
  -1.2056971e-04
  -1.6745534e-04
  -1.9827569e-04
  -2.6746267e-04
  -3.0607347e-04
  -3.4404016e-04
  -4.1336361e-04
  -4.1505812e-04
  -3.9846270e-04
  -3.6121088e-04
  -3.4995929e-04
  -3.3777918e-04
  -4.0013291e-04
  -4.4348821e-04
  -4.0171984e-04
  -4.6681278e-04
  -4.9714408e-04
  -4.9567884e-04
  -5.1773147e-04
  -4.5010373e-04
  -4.5368106e-04
  -4.2644951e-04
  -3.7935986e-04
  -4.3714136e-04
  -4.1321563e-04
  -4.5369590e-04
  -5.0382834e-04
  -5.5569485e-04
  -6.4103246e-04
  -6.5747849e-04
  -7.1858795e-04
  -6.6677580e-04
  -7.6445692e-04
  -6.9792864e-04
  -6.7414997e-04
  -8.7973941e-04
  -5.7943136e-04
  -6.6185136e-04
  -6.5832260e-04
  -7.0696260e-04
  -7.8794038e-04
  -7.3585521e-04
  -8.8166722e-04
  -9.1217733e-04
  -7.3968611e-04
  -7.8172587e-04
  -8.6281536e-04
  -6.8844478e-04
  -6.6117066e-04
  -6.8792092e-04
  -7.0225333e-04
  -6.5143720e-04
  -6.4808499e-04
  -7.6168960e-04
  -6.1850842e-04
  -6.1744052e-04
  -5.9331512e-04
  -5.0004903e-04
  -5.0004903e-04
  -4.8839058e-04
  -5.3743416e-04
  -5.8067865e-04
  -5.8437046e-04
  -6.0680846e-04
  -6.0150659e-04
  -4.7539232e-04
  -4.5279573e-04
  -5.7337931e-04
  -4.5965430e-04
  -4.9780449e-04
  -5.0448980e-04
  -4.7781370e-04
  -3.9170294e-04
  -3.5514620e-04
  -3.4452130e-04
  -3.6477627e-04
  -3.5500168e-04
  -3.3921372e-04
  -3.3219827e-04
  -3.1004681e-04
  -2.3397447e-04
  -3.1645272e-04
  -3.5313069e-04
  -1.5947934e-04
  -2.1687948e-04
  -2.7864346e-04
  -3.1561139e-04
  -2.5617150e-04
  -3.4305139e-04
  -3.8435695e-04
  -3.9591732e-04
  -4.0152855e-04
  -4.1146906e-04
  -4.3232779e-04
  -4.4281296e-04
  -4.1941396e-04
  -3.7896757e-04
  -3.5428449e-04
  -3.5799568e-04
  -3.6758091e-04
  -3.7707433e-04
  -3.8287116e-04
  -3.8564767e-04
  -3.9164365e-04
  -3.9761182e-04
  -4.0081429e-04
  -4.0151875e-04
  -4.0304265e-04
  -4.0456318e-04
  -4.0538051e-04
  -4.0919789e-04
  -4.1746762e-04
  -4.2573556e-04
  -4.3018680e-04
  -4.2059685e-04
  -4.0276056e-04
  -3.8488824e-04
  -3.7525030e-04
  -3.7478839e-04
  -3.7378583e-04
  -3.7278056e-04
  -3.7223817e-04
  -3.8147345e-04
  -4.3243990e-04
  -4.4204354e-04
  -3.9523909e-04
  -4.1925327e-04
  -4.1561722e-04
  -3.7517292e-04
  -4.0267951e-04
  -4.3110925e-04
  -4.1983451e-04
  -4.0790896e-04
  -4.1032301e-04
  -3.9484903e-04
  -4.6227517e-04
  -5.0010744e-04
  -4.2380824e-04
  -4.4137525e-04
  -4.6223988e-04
  -4.8133147e-04
  -4.7109955e-04
  -4.8248182e-04
  -5.3017672e-04
  -5.7618069e-04
  -6.5254265e-04
  -7.2728444e-04
  -7.2711500e-04
  -7.5655136e-04
  -8.6126343e-04
  -9.0843405e-04
  -9.1869484e-04
  -9.5723917e-04
  -9.9041881e-04
  -9.3422071e-04
  -9.8762370e-04
  -9.8717777e-04
  -8.6371962e-04
  -7.7532548e-04
  -7.4076791e-04
  -7.5872894e-04
  -7.4173558e-04
  -7.0499307e-04
  -6.9463836e-04
  -6.9147572e-04
  -6.4587547e-04
  -6.7260603e-04
  -6.6725317e-04
  -6.3792277e-04
  -6.1430074e-04
  -5.7937703e-04
  -5.7381184e-04
  -5.5278093e-04
  -5.4561685e-04
  -5.3863921e-04
  -5.1514476e-04
  -5.2911857e-04
  -5.5555294e-04
  -5.6835748e-04
  -5.5721632e-04
  -5.6642666e-04
  -5.3714211e-04
  -5.5141827e-04
  -6.1369143e-04
  -6.5817788e-04
  -6.2713483e-04
  -5.9488190e-04
  -5.9131117e-04
  -6.1576661e-04
  -6.6078234e-04
  -6.2922508e-04
  -6.1610951e-04
  -6.2350084e-04
  -6.2162203e-04
  -6.7924992e-04
  -6.9536925e-04
  -7.3896636e-04
  -7.5092664e-04
  -8.2511013e-04
  -8.5150521e-04
  -8.3548045e-04
  -8.8221194e-04
  -8.9795965e-04
  -9.0047593e-04
  -9.4385510e-04
  -9.9762499e-04
  -9.9928773e-04
  -9.7460964e-04
  -9.6711087e-04
  -9.4688918e-04
  -8.6491898e-04
  -1.2216577e-03
  -1.6294765e-03
  -7.8039015e-04
  -3.8295028e-04
  -1.1276093e-03
  -1.4837000e-03
  -1.8631473e-03
  -1.0799080e-03
  -5.9718630e-04
  -8.7668172e-04
  -1.1596355e-03
  -9.8009789e-04
  -1.1441027e-03
  -8.1257070e-04
  -1.4438258e-03
  -1.4645389e-03
  -9.8570968e-04
  -1.2102849e-03
  -1.1248597e-03
  -1.2961003e-03
  -1.5126404e-03
  -1.4308859e-03
  -1.1535188e-03
  -9.8326015e-04
  -9.0146597e-04
  -9.3185053e-04
  -1.0595242e-03
  -1.1935305e-03
  -1.2398115e-03
  -1.1293139e-03
  -1.1313920e-03
  -1.1230919e-03
  -1.0751771e-03
  -9.5913989e-04
  -9.7195112e-04
  -9.5668806e-04
  -9.1472087e-04
  -9.0297989e-04
  -7.8347717e-04
  -8.2936268e-04
  -8.2526388e-04
  -8.0623870e-04
  -8.2287311e-04
  -7.9200412e-04
  -8.0494105e-04
  -7.7679530e-04
  -7.3714488e-04
  -7.4021995e-04
  -7.4171036e-04
  -6.9689109e-04
  -6.8535800e-04
  -7.0209903e-04
  -7.1389869e-04
  -7.1865202e-04
  -7.2417629e-04
  -7.4101854e-04
  -7.0336358e-04
  -6.3110245e-04
  -6.4301020e-04
  -7.0127810e-04
  -6.7410618e-04
  -6.9831687e-04
  -7.8631943e-04
  -7.3929380e-04
  -6.8945604e-04
  -6.9831082e-04
  -7.0933495e-04
  -7.2186266e-04
  -6.8230126e-04
  -6.3622961e-04
  -6.0649046e-04
  -6.3131834e-04
  -6.8529412e-04
  -6.4555298e-04
  -6.6160173e-04
  -7.0905064e-04
  -7.0200456e-04
  -7.2912623e-04
  -6.8704796e-04
  -6.6908019e-04
  -6.8048263e-04
  -7.4075491e-04
  -7.4468587e-04
  -7.4802072e-04
  -7.6010328e-04
  -6.9537212e-04
  -6.6858551e-04
  -6.5933399e-04
  -6.5573002e-04
  -7.1578103e-04
  -7.6196919e-04
  -7.5322262e-04
  -7.7374212e-04
  -7.4758125e-04
  -7.3518755e-04
  -7.2878576e-04
  -7.0183805e-04
  -7.2433989e-04
  -7.9041110e-04
  -8.4560232e-04
  -7.9568693e-04
  -8.6242712e-04
  -8.7228154e-04
  -8.1704042e-04
  -8.5220469e-04
  -8.7265502e-04
  -8.8484069e-04
  -8.6448947e-04
  -8.4684716e-04
  -9.1795768e-04
  -9.5334708e-04
  -9.4963009e-04
  -9.9103509e-04
  -1.1063847e-03
  -1.1042266e-03
  -1.2121865e-03
  -1.3994763e-03
  -1.2858155e-03
  -1.3761264e-03
  -1.6734873e-03
  -1.9492870e-03
  -1.5331944e-03
  -1.0330836e-03
  -8.8662916e-04
  -7.0642969e-04
  -1.3756535e-03
  -2.0261410e-03
  -1.2029666e-03
   1.3143834e-04
  -1.5640167e-03
  -1.6513426e-03
  -1.6833796e-03
  -1.1200285e-03
  -1.6976965e-03
  -1.1136613e-03
  -1.6142969e-03
  -2.9088562e-03
  -4.9186019e-03
  -4.3894974e-03
  -3.8285220e-03
  -2.5110364e-04
  -8.9578074e-04
  -3.8181070e-03
  -2.3475916e-03
  -7.4656167e-04
  -3.1763711e-03
  -3.1651880e-03
   6.0485802e-05
  -8.2948346e-04
  -3.8497511e-03
  -6.1632637e-03
