   1.4751883e-03
   1.4028026e-03
   2.6215690e-04
   1.2005158e-03
   9.0634322e-04
   1.0793399e-03
   8.8888280e-04
   1.1196366e-03
   1.7018085e-03
   1.9831241e-03
   1.7968748e-03
   9.4323199e-04
   1.5144790e-03
   2.0482291e-03
   2.0055250e-03
   1.9231557e-03
   2.6150213e-03
   2.8576789e-03
   2.9806139e-03
   3.2610097e-03
   3.8296126e-03
   3.3886725e-03
   3.8597969e-03
   4.2099790e-03
   4.6782051e-03
   4.5309423e-03
   4.7632254e-03
   5.0607321e-03
   5.2081104e-03
   5.4156362e-03
   5.2417160e-03
   5.6760396e-03
   5.8413352e-03
   5.9634518e-03
   6.1133405e-03
   6.2583061e-03
   6.1937101e-03
   6.5003945e-03
   6.6909687e-03
   6.8193524e-03
   6.6964360e-03
   7.2558993e-03
   7.5657203e-03
   7.7925959e-03
   7.8413608e-03
   8.1358627e-03
   7.2224954e-03
   7.3029131e-03
   7.6259269e-03
   7.8170670e-03
   8.0834877e-03
   8.2469881e-03
   8.6335048e-03
   8.6853823e-03
   8.9038113e-03
   9.0895785e-03
   9.0160805e-03
   9.2155201e-03
   9.3297420e-03
   9.3847478e-03
   9.5596090e-03
   9.7039562e-03
   9.9015308e-03
   1.0045571e-02
   1.0180637e-02
   1.0276661e-02
   1.0405645e-02
   1.0532958e-02
   1.0568273e-02
   1.0633145e-02
   1.0794819e-02
   1.0965790e-02
   1.0985344e-02
   1.1150875e-02
   1.1133240e-02
   1.1210919e-02
   1.1079961e-02
   1.1086648e-02
   1.1002569e-02
   1.0996795e-02
   1.0858406e-02
   1.0835246e-02
   1.0794152e-02
   1.0659635e-02
   1.0632910e-02
   1.0627283e-02
   1.0651747e-02
   1.0648819e-02
   1.0616071e-02
   1.0566009e-02
   1.0520619e-02
   1.0508981e-02
   1.0434198e-02
   1.0380601e-02
   1.0332988e-02
   1.0331646e-02
   1.0214439e-02
   1.0147041e-02
   1.0055263e-02
   1.0007386e-02
   9.9929840e-03
   9.9178681e-03
   9.8955406e-03
   9.7943452e-03
   9.7602013e-03
   9.7368474e-03
   9.6683381e-03
   9.5883628e-03
   9.5226101e-03
   9.4624119e-03
   9.4485436e-03
   9.4316756e-03
   9.4355595e-03
   9.4315888e-03
   9.4315876e-03
   9.4461706e-03
   9.5155059e-03
   9.5796127e-03
   9.6158195e-03
   9.6229359e-03
   9.6147521e-03
   9.6228373e-03
   9.6042276e-03
   9.5721243e-03
   9.5206116e-03
   9.4838426e-03
   9.4161127e-03
   9.3863395e-03
   9.3603579e-03
   9.3194548e-03
   9.2411934e-03
   9.1827213e-03
   9.0906082e-03
   9.0100663e-03
   8.9386126e-03
   8.8531545e-03
   8.7382146e-03
   8.5903149e-03
   8.4238719e-03
   8.2480712e-03
   8.0888986e-03
   7.8958846e-03
   7.6859419e-03
   7.4561625e-03
   7.2336649e-03
   6.9803519e-03
   6.6904742e-03
   6.3756412e-03
   6.0769322e-03
   5.8175680e-03
   5.6458900e-03
   5.5411810e-03
   5.4682843e-03
   5.4075796e-03
   5.3532082e-03
   5.3172937e-03
   5.2642824e-03
   5.2225978e-03
   5.1797558e-03
   5.1231757e-03
   5.0442783e-03
   4.9749799e-03
   4.8979273e-03
   4.8246111e-03
   4.7370188e-03
   4.6610478e-03
   4.5838800e-03
   4.4876973e-03
   4.3921068e-03
   4.2892417e-03
   4.1969317e-03
   4.0962270e-03
   3.9751252e-03
   3.8572766e-03
   3.7501545e-03
   3.6583788e-03
   3.6082340e-03
   3.5600508e-03
   3.5128920e-03
   3.4601371e-03
   3.3955062e-03
   3.3306463e-03
   3.2753144e-03
   3.2056838e-03
   3.1331150e-03
   3.0442207e-03
   2.9516326e-03
   2.8578001e-03
   2.7718692e-03
   2.6721663e-03
   2.5699354e-03
   2.4713501e-03
   2.3599514e-03
   2.2616357e-03
   2.1494836e-03
   2.0466851e-03
   1.9388197e-03
   1.8132667e-03
   1.6907491e-03
   1.5570877e-03
   1.4684465e-03
   1.3907449e-03
   1.3209650e-03
   1.2591172e-03
   1.2013798e-03
   1.1547033e-03
   1.1150464e-03
   1.0842044e-03
   1.0576546e-03
   1.0355826e-03
   1.0279026e-03
   1.0096173e-03
   1.0048307e-03
   9.9439874e-04
   9.7857968e-04
   9.6655489e-04
   9.4562047e-04
   9.3397414e-04
   9.2215391e-04
   9.0730170e-04
   9.0776915e-04
   8.9198257e-04
   8.7367852e-04
   8.4666425e-04
   8.3534159e-04
   7.9110903e-04
   7.5750110e-04
   7.5703317e-04
   7.5097059e-04
   7.3899084e-04
   7.3404521e-04
   7.3343874e-04
   7.1835585e-04
   7.0984471e-04
   6.9166448e-04
   6.8296739e-04
   6.7206803e-04
   6.3802248e-04
   5.9299285e-04
   5.7537270e-04
   5.7265166e-04
   5.8165341e-04
   5.7239743e-04
   5.7465282e-04
   5.5371453e-04
   5.5473226e-04
   5.5050393e-04
   5.5015539e-04
   5.4055134e-04
   5.3093332e-04
   5.2673004e-04
   4.9959166e-04
   4.9715121e-04
   4.9679306e-04
   4.9438023e-04
   4.7574467e-04
   4.7868517e-04
   4.8291167e-04
   4.6926806e-04
   4.5980392e-04
   4.5742799e-04
   4.4685502e-04
   4.3648533e-04
   4.1859727e-04
   3.8652400e-04
   3.3776381e-04
   3.1660171e-04
   3.0739174e-04
   2.9290211e-04
   2.7211790e-04
   2.6265343e-04
   2.7328406e-04
   2.7541359e-04
   2.5829742e-04
   2.3640106e-04
   2.4060238e-04
   2.5816306e-04
   2.6355428e-04
   2.6302552e-04
   2.5363947e-04
   2.5581496e-04
   2.5153813e-04
   2.5274060e-04
   2.2273025e-04
   1.6546806e-04
   1.0180893e-04
   2.0102082e-05
   3.1636556e-05
   4.3305568e-05
   5.6555899e-05
   2.6115913e-05
  -1.0872027e-06
  -2.6853015e-05
  -1.2007806e-05
   8.4273334e-06
   2.7627509e-05
   6.2188828e-05
   4.9737100e-05
   6.4798744e-05
   7.4625720e-05
   1.0331326e-04
   1.2348942e-04
   1.4144466e-04
   1.2518944e-04
   1.4234092e-04
   1.5228035e-04
   1.4614711e-04
   1.7168978e-04
   1.3589504e-04
   1.5702542e-04
   1.2311880e-04
   1.1810511e-04
   1.1489267e-04
   6.4436767e-05
  -6.6824616e-06
  -6.9713589e-05
  -1.3829091e-04
  -1.0232329e-04
  -2.4182184e-05
   3.1900426e-05
   7.9964559e-05
   1.0421807e-04
   1.2163600e-04
   1.1256791e-04
   1.2576149e-04
   1.3093379e-04
   1.4162406e-04
   1.2476088e-04
   1.2233906e-04
   1.1450263e-04
   1.1902057e-04
   1.1777208e-04
   8.8036337e-05
   6.7910432e-05
   6.7050307e-05
   5.7199068e-05
   5.6769586e-05
   6.8557989e-05
   7.5556084e-05
   6.3665773e-05
   1.3312964e-05
   3.1382328e-05
   4.7080069e-05
   3.8131139e-05
   2.0174995e-06
   1.6091577e-05
   1.8434303e-05
  -9.4935311e-06
  -5.8165283e-06
  -2.0288283e-05
  -4.6391914e-05
  -8.7479488e-05
  -1.6433019e-04
  -1.3866685e-04
  -1.2689315e-04
  -1.3960170e-04
  -1.2670711e-04
  -1.0719514e-04
  -1.5481648e-04
  -1.1676080e-04
  -8.7728003e-05
  -7.8709861e-05
  -1.3710105e-04
  -1.2771670e-04
  -1.3148899e-04
  -1.0120844e-04
  -1.0349191e-04
  -5.0558371e-05
  -6.6768308e-05
  -4.0036152e-05
  -6.2899607e-05
  -2.9367184e-05
  -9.3328353e-05
  -3.8884088e-05
  -3.2794293e-05
  -2.4052740e-05
  -1.6144330e-05
  -5.7796410e-06
  -5.7979168e-05
  -4.7714038e-05
  -8.8346980e-06
  -3.9622384e-05
  -2.0484269e-05
  -1.1312322e-05
  -4.2504679e-05
   1.6457412e-05
  -1.5471176e-05
  -5.3346732e-05
  -4.3368520e-05
  -1.7323044e-05
  -7.3690786e-05
  -4.8410468e-05
  -8.2044015e-05
  -4.2011501e-05
  -6.5473885e-05
  -1.1122708e-04
  -7.4712612e-05
  -1.5143222e-05
  -5.4635778e-05
  -8.9561116e-05
  -4.3983055e-05
  -9.7125499e-05
  -1.1942581e-04
  -1.9264182e-05
  -1.2485578e-04
  -7.1294090e-05
  -6.4797548e-05
  -1.3044537e-04
  -1.2059398e-04
  -1.8790730e-04
  -1.7116982e-04
  -1.3339811e-04
  -2.9399037e-04
  -2.4038701e-04
  -2.4843847e-04
  -1.9758422e-04
  -1.6190800e-04
  -1.4992539e-04
  -2.6738058e-04
  -2.8788755e-04
  -2.1324515e-04
  -2.0847288e-04
  -2.7863996e-04
  -3.2762854e-04
  -2.0126528e-04
  -2.1498250e-04
  -2.1563294e-04
  -2.1181062e-04
  -2.5385552e-04
  -3.1856702e-04
  -2.1910404e-04
  -2.8017705e-04
  -2.9029514e-04
  -3.5722131e-04
  -3.5911651e-04
  -3.5153754e-04
  -4.2779344e-04
  -2.6822132e-04
  -2.0660072e-04
   3.7683007e-05
   8.8930164e-05
  -5.5254992e-04
  -3.7167786e-04
  -3.0450484e-04
  -2.2480398e-04
  -5.0844811e-04
  -7.2366749e-04
  -2.8081426e-04
  -6.4160368e-04
  -3.9556704e-04
  -8.0354057e-05
  -2.6561706e-04
  -2.5257326e-04
  -4.6581877e-04
  -1.6613054e-04
  -2.9568881e-04
  -3.5627866e-04
  -3.3691921e-04
  -6.1257807e-04
  -5.2674045e-04
  -2.6960716e-04
  -3.2582972e-04
  -3.8361656e-04
  -4.2526282e-04
  -4.2526282e-04
  -2.0041029e-04
  -4.3243941e-04
  -2.6351268e-04
  -2.4909147e-04
  -4.3019636e-04
  -1.0041879e-04
  -8.3677395e-05
  -8.0677832e-05
  -2.1741577e-04
  -1.1477836e-04
  -3.2443565e-04
  -3.6117521e-04
  -1.9630665e-04
   5.7869042e-05
  -2.2231667e-04
  -3.0374829e-04
  -1.8620753e-04
  -1.6053351e-04
  -5.6042384e-05
  -9.6107541e-06
  -4.9620535e-05
   6.4948578e-05
   3.0573220e-05
   1.5287786e-05
   1.4666376e-05
   2.4569118e-05
  -8.5824341e-05
  -1.4425134e-04
   2.5442393e-04
  -1.6916322e-04
  -1.4169551e-06
   6.7413947e-05
  -2.3685834e-04
  -8.4044697e-05
  -1.5595329e-04
  -1.9398496e-04
  -2.0993239e-04
  -1.8596484e-04
  -1.7133810e-04
  -1.8555243e-04
  -2.2226343e-04
  -2.5862253e-04
  -2.8082463e-04
  -3.0447036e-04
  -3.5553065e-04
  -4.0635707e-04
  -4.3362876e-04
  -4.3892619e-04
  -4.5038584e-04
  -4.6182046e-04
  -4.6796729e-04
  -4.5197459e-04
  -4.1732891e-04
  -3.8269045e-04
  -3.6404207e-04
  -3.5574352e-04
  -3.4030845e-04
  -3.2484271e-04
  -3.1650212e-04
  -3.2383918e-04
  -3.3976730e-04
  -3.5573789e-04
  -3.6435515e-04
  -3.7091261e-04
  -4.0710237e-04
  -3.3744377e-04
  -2.5787663e-04
  -3.1052085e-04
  -2.9322893e-04
  -2.0372860e-04
  -3.1162817e-04
  -3.2107452e-04
  -2.3024577e-04
  -2.6564331e-04
  -2.3840303e-04
  -2.4240462e-04
  -3.5946436e-04
  -3.3588165e-04
  -3.5278452e-04
  -2.8779578e-04
  -2.6499616e-04
  -4.2728804e-04
  -3.9401275e-04
  -3.6052032e-04
  -3.8127734e-04
  -4.6826200e-04
  -5.1447331e-04
  -5.4335646e-04
  -5.1582029e-04
  -5.5855502e-04
  -5.6559936e-04
  -7.3124751e-04
  -8.0423908e-04
  -7.5049992e-04
  -5.6738145e-04
  -5.2861937e-04
  -7.4766161e-04
  -8.4931955e-04
  -5.9272259e-04
  -4.6559592e-04
  -5.9187643e-04
  -5.9676657e-04
  -5.9191851e-04
  -5.0770052e-04
  -4.4669349e-04
  -4.7640698e-04
  -4.9864317e-04
  -5.3211995e-04
  -4.4244767e-04
  -3.5813521e-04
  -3.8652312e-04
  -3.9900974e-04
  -4.3728462e-04
  -4.0545668e-04
  -4.3829332e-04
  -4.3840463e-04
  -3.8116431e-04
  -3.7421545e-04
  -4.1514360e-04
  -5.0808335e-04
  -4.8583648e-04
  -4.4908881e-04
  -4.5640222e-04
  -4.2155040e-04
  -4.3614551e-04
  -5.2147638e-04
  -5.2786870e-04
  -4.9847463e-04
  -4.6211484e-04
  -4.8699688e-04
  -5.3775408e-04
  -5.4010595e-04
  -5.1987811e-04
  -4.9190872e-04
  -5.0498239e-04
  -5.7338856e-04
  -5.3930709e-04
  -6.0412442e-04
  -6.5050177e-04
  -7.3743039e-04
  -7.1573772e-04
  -6.6293261e-04
  -6.5661078e-04
  -6.9577446e-04
  -6.3153610e-04
  -5.2234724e-04
  -4.4477508e-04
  -5.3102865e-04
  -1.5794517e-03
  -1.5687722e-03
  -1.2384050e-03
  -3.2663566e-04
  -5.9353461e-04
  -1.6898981e-03
  -1.7029236e-03
  -8.6764882e-04
  -1.7092488e-03
  -1.7399543e-03
  -1.7593030e-03
  -9.6185117e-04
  -1.7761342e-03
  -9.3118470e-04
  -1.7673183e-03
  -1.8262740e-03
  -1.2725741e-04
  -8.1832000e-05
  -1.6509502e-03
  -1.6755740e-03
  -4.6415272e-04
  -4.7686755e-04
  -4.7083724e-04
  -5.9179454e-04
  -1.5569546e-03
  -1.2260345e-03
  -1.3048860e-03
  -9.7045847e-04
  -4.8614888e-04
  -4.3355047e-04
  -7.3523584e-04
  -7.4194102e-04
  -8.0680547e-04
  -7.3547390e-04
  -6.7436726e-04
  -1.0635929e-03
  -1.0640717e-03
  -8.3603485e-04
  -7.5019520e-04
  -7.1413514e-04
  -8.4689127e-04
  -7.5604265e-04
  -5.2322059e-04
  -6.2938213e-04
  -5.8889148e-04
  -6.7902274e-04
  -7.5921194e-04
  -6.6626244e-04
  -5.9940139e-04
  -6.2214020e-04
  -6.8543919e-04
  -6.5757476e-04
  -6.2922996e-04
  -7.0488589e-04
  -6.7167627e-04
  -6.0036859e-04
  -5.8612341e-04
  -5.6944736e-04
  -5.4162027e-04
  -6.3727107e-04
  -6.2585787e-04
  -5.0818035e-04
  -5.2194525e-04
  -5.9911159e-04
  -5.9639358e-04
  -5.8900260e-04
  -7.0469559e-04
  -7.3084399e-04
  -6.2614240e-04
  -5.3893651e-04
  -5.0136967e-04
  -5.4158223e-04
  -5.0482124e-04
  -5.0945317e-04
  -5.4703253e-04
  -5.7494686e-04
  -6.3845974e-04
  -6.1608585e-04
  -6.4480518e-04
  -6.8537346e-04
  -6.6585907e-04
  -6.4221829e-04
  -5.5184291e-04
  -6.5059362e-04
  -5.8780304e-04
  -6.6780654e-04
  -7.5083747e-04
  -6.8366257e-04
  -6.1291121e-04
  -5.4714201e-04
  -5.9260568e-04
  -6.3740660e-04
  -6.2423267e-04
  -6.6779082e-04
  -7.0370314e-04
  -6.2117810e-04
  -6.4718530e-04
  -6.8175857e-04
  -6.1074387e-04
  -5.2412888e-04
  -6.1211585e-04
  -6.3563583e-04
  -6.0536091e-04
  -7.1427291e-04
  -6.0246008e-04
  -8.7488285e-04
  -7.7570221e-04
  -5.1783570e-04
  -7.4518615e-04
  -7.2749112e-04
  -7.8701353e-04
  -8.3236037e-04
  -7.7693196e-04
  -8.2828478e-04
  -7.7673961e-04
  -5.8082459e-04
  -5.9716389e-04
  -8.9853754e-04
  -1.1302421e-03
  -1.0882442e-03
  -9.8600360e-04
  -1.3204453e-03
  -1.2713342e-03
  -1.1954657e-03
  -1.5319682e-03
  -1.5077578e-03
  -1.5537869e-03
  -1.6113319e-03
  -1.6430320e-03
  -3.1390406e-03
  -5.0146334e-03
  -1.5112385e-03
   2.8125919e-03
   8.7444461e-04
  -1.5672627e-03
  -1.5830122e-03
  -1.5945782e-03
  -1.5095889e-03
   1.2616661e-03
  -1.6239722e-03
  -4.7952086e-03
  -1.1502975e-02
  -1.5457208e-02
  -8.8141539e-03
  -1.7981089e-03
   2.1639672e-03
  -1.3245640e-03
  -1.3245640e-03
  -1.3245640e-03
  -9.4007999e-03
  -1.7240667e-02
  -1.3245640e-03
   2.1914217e-03
  -1.6959282e-03
  -9.3868035e-03
