   2.7780000e+02
   2.7940000e+02
   2.8100000e+02
   2.8260000e+02
   2.8420000e+02
   2.8570000e+02
   2.8730000e+02
   2.8890000e+02
   2.9050000e+02
   2.9210000e+02
   2.9370000e+02
   2.9520000e+02
   2.9680000e+02
   2.9840000e+02
   3.0000000e+02
   3.0160000e+02
   3.0320000e+02
   3.0470000e+02
   3.0630000e+02
   3.0790000e+02
   3.0950000e+02
   3.1110000e+02
   3.1270000e+02
   3.1420000e+02
   3.1580000e+02
   3.1740000e+02
   3.1900000e+02
   3.2060000e+02
   3.2220000e+02
   3.2380000e+02
   3.2530000e+02
   3.2690000e+02
   3.2850000e+02
   3.3010000e+02
   3.3170000e+02
   3.3330000e+02
   3.3480000e+02
   3.3640000e+02
   3.3800000e+02
   3.3960000e+02
   3.4120000e+02
   3.4280000e+02
   3.4440000e+02
   3.4590000e+02
   3.4750000e+02
   3.4910000e+02
   3.5070000e+02
   3.5230000e+02
   3.5380000e+02
   3.5540000e+02
   3.5700000e+02
   3.5860000e+02
   3.6020000e+02
   3.6180000e+02
   3.6330000e+02
   3.6490000e+02
   3.6650000e+02
   3.6810000e+02
   3.6970000e+02
   3.7120000e+02
   3.7280000e+02
   3.7440000e+02
   3.7600000e+02
   3.7760000e+02
   3.7910000e+02
   3.8070000e+02
   3.8230000e+02
   3.8390000e+02
   3.8540000e+02
   3.8700000e+02
   3.8860000e+02
   3.9020000e+02
   3.9170000e+02
   3.9330000e+02
   3.9490000e+02
   3.9650000e+02
   3.9800000e+02
   3.9960000e+02
   4.0120000e+02
   4.0280000e+02
   4.0430000e+02
   4.0590000e+02
   4.0750000e+02
   4.0910000e+02
   4.1060000e+02
   4.1220000e+02
   4.1380000e+02
   4.1530000e+02
   4.1690000e+02
   4.1850000e+02
   4.2000000e+02
   4.2160000e+02
   4.2320000e+02
   4.2480000e+02
   4.2630000e+02
   4.2790000e+02
   4.2940000e+02
   4.3100000e+02
   4.3260000e+02
   4.3410000e+02
   4.3570000e+02
   4.3730000e+02
   4.3880000e+02
   4.4040000e+02
   4.4200000e+02
   4.4350000e+02
   4.4510000e+02
   4.4660000e+02
   4.4820000e+02
   4.4980000e+02
   4.5130000e+02
   4.5290000e+02
   4.5440000e+02
   4.5600000e+02
   4.5760000e+02
   4.5910000e+02
   4.6070000e+02
   4.6220000e+02
   4.6380000e+02
   4.6530000e+02
   4.6690000e+02
   4.6850000e+02
   4.7000000e+02
   4.7160000e+02
   4.7310000e+02
   4.7470000e+02
   4.7620000e+02
   4.7780000e+02
   4.7930000e+02
   4.8090000e+02
   4.8240000e+02
   4.8400000e+02
   4.8550000e+02
   4.8710000e+02
   4.8860000e+02
   4.9020000e+02
   4.9170000e+02
   4.9330000e+02
   4.9480000e+02
   4.9640000e+02
   4.9790000e+02
   4.9940000e+02
   5.0100000e+02
   5.0250000e+02
   5.0410000e+02
   5.0560000e+02
   5.0720000e+02
   5.0870000e+02
   5.1020000e+02
   5.1180000e+02
   5.1330000e+02
   5.1490000e+02
   5.1640000e+02
   5.1790000e+02
   5.1950000e+02
   5.2100000e+02
   5.2260000e+02
   5.2410000e+02
   5.2560000e+02
   5.2720000e+02
   5.2870000e+02
   5.3020000e+02
   5.3180000e+02
   5.3330000e+02
   5.3480000e+02
   5.3640000e+02
   5.3790000e+02
   5.3940000e+02
   5.4100000e+02
   5.4250000e+02
   5.4400000e+02
   5.4550000e+02
   5.4710000e+02
   5.4860000e+02
   5.5010000e+02
   5.5170000e+02
   5.5320000e+02
   5.5470000e+02
   5.5620000e+02
   5.5780000e+02
   5.5930000e+02
   5.6080000e+02
   5.6230000e+02
   5.6390000e+02
   5.6540000e+02
   5.6690000e+02
   5.6840000e+02
   5.7000000e+02
   5.7150000e+02
   5.7300000e+02
   5.7450000e+02
   5.7600000e+02
   5.7750000e+02
   5.7910000e+02
   5.8060000e+02
   5.8210000e+02
   5.8360000e+02
   5.8510000e+02
   5.8670000e+02
   5.8820000e+02
   5.8970000e+02
   5.9120000e+02
   5.9270000e+02
   5.9420000e+02
   5.9570000e+02
   5.9720000e+02
   5.9880000e+02
   6.0030000e+02
   6.0180000e+02
   6.0330000e+02
   6.0480000e+02
   6.0630000e+02
   6.0780000e+02
   6.0930000e+02
   6.1080000e+02
   6.1230000e+02
   6.1380000e+02
   6.1540000e+02
   6.1690000e+02
   6.1840000e+02
   6.1990000e+02
   6.2140000e+02
   6.2290000e+02
   6.2440000e+02
   6.2590000e+02
   6.2740000e+02
   6.2890000e+02
   6.3040000e+02
   6.3190000e+02
   6.3340000e+02
   6.3490000e+02
   6.3640000e+02
   6.3790000e+02
   6.3940000e+02
   6.4090000e+02
   6.4240000e+02
   6.4390000e+02
   6.4540000e+02
   6.4690000e+02
   6.4840000e+02
   6.4990000e+02
   6.5130000e+02
   6.5280000e+02
   6.5430000e+02
   6.5580000e+02
   6.5730000e+02
   6.5880000e+02
   6.6030000e+02
   6.6180000e+02
   6.6330000e+02
   6.6480000e+02
   6.6630000e+02
   6.6770000e+02
   6.6920000e+02
   6.7070000e+02
   6.7220000e+02
   6.7370000e+02
   6.7520000e+02
   6.7670000e+02
   6.7810000e+02
   6.7960000e+02
   6.8110000e+02
   6.8260000e+02
   6.8410000e+02
   6.8560000e+02
   6.8700000e+02
   6.8850000e+02
   6.9000000e+02
   6.9150000e+02
   6.9300000e+02
   6.9440000e+02
   6.9590000e+02
   6.9740000e+02
   6.9890000e+02
   7.0030000e+02
   7.0180000e+02
   7.0330000e+02
   7.0480000e+02
   7.0620000e+02
   7.0770000e+02
   7.0920000e+02
   7.1070000e+02
   7.1210000e+02
   7.1360000e+02
   7.1510000e+02
   7.1650000e+02
   7.1800000e+02
   7.1950000e+02
   7.2090000e+02
   7.2240000e+02
   7.2390000e+02
   7.2530000e+02
   7.2680000e+02
   7.2830000e+02
   7.2970000e+02
   7.3120000e+02
   7.3270000e+02
   7.3410000e+02
   7.3560000e+02
   7.3710000e+02
   7.3850000e+02
   7.4000000e+02
   7.4140000e+02
   7.4290000e+02
   7.4440000e+02
   7.4580000e+02
   7.4730000e+02
   7.4870000e+02
   7.5020000e+02
   7.5160000e+02
   7.5310000e+02
   7.5460000e+02
   7.5600000e+02
   7.5750000e+02
   7.5890000e+02
   7.6040000e+02
   7.6180000e+02
   7.6330000e+02
   7.6470000e+02
   7.6620000e+02
   7.6760000e+02
   7.6910000e+02
   7.7050000e+02
   7.7200000e+02
   7.7340000e+02
   7.7490000e+02
   7.7630000e+02
   7.7770000e+02
   7.7920000e+02
   7.8060000e+02
   7.8210000e+02
   7.8350000e+02
   7.8500000e+02
   7.8640000e+02
   7.8780000e+02
   7.8930000e+02
   7.9070000e+02
   7.9220000e+02
   7.9360000e+02
   7.9500000e+02
   7.9650000e+02
   7.9790000e+02
   7.9930000e+02
   8.0080000e+02
   8.0220000e+02
   8.0360000e+02
   8.0510000e+02
   8.0650000e+02
   8.0790000e+02
   8.0940000e+02
   8.1080000e+02
   8.1220000e+02
   8.1360000e+02
   8.1510000e+02
   8.1650000e+02
   8.1790000e+02
   8.1930000e+02
   8.2080000e+02
   8.2220000e+02
   8.2360000e+02
   8.2500000e+02
   8.2650000e+02
   8.2790000e+02
   8.2930000e+02
   8.3070000e+02
   8.3210000e+02
   8.3360000e+02
   8.3500000e+02
   8.3640000e+02
   8.3780000e+02
   8.3920000e+02
   8.4060000e+02
   8.4200000e+02
   8.4350000e+02
   8.4490000e+02
   8.4630000e+02
   8.4770000e+02
   8.4910000e+02
   8.5050000e+02
   8.5190000e+02
   8.5330000e+02
   8.5470000e+02
   8.5610000e+02
   8.5750000e+02
   8.5890000e+02
   8.6030000e+02
   8.6170000e+02
   8.6310000e+02
   8.6450000e+02
   8.6590000e+02
   8.6730000e+02
   8.6870000e+02
   8.7010000e+02
   8.7150000e+02
   8.7290000e+02
   8.7430000e+02
   8.7570000e+02
   8.7710000e+02
   8.7850000e+02
   8.7990000e+02
   8.8130000e+02
   8.8270000e+02
   8.8410000e+02
   8.8550000e+02
   8.8680000e+02
   8.8820000e+02
   8.8960000e+02
   8.9100000e+02
   8.9240000e+02
   8.9380000e+02
   8.9520000e+02
   8.9650000e+02
   8.9790000e+02
   8.9930000e+02
   9.0070000e+02
   9.0210000e+02
   9.0340000e+02
   9.0480000e+02
   9.0620000e+02
   9.0760000e+02
   9.0890000e+02
   9.1030000e+02
   9.1170000e+02
   9.1310000e+02
   9.1440000e+02
   9.1580000e+02
   9.1720000e+02
   9.1850000e+02
   9.1990000e+02
   9.2130000e+02
   9.2260000e+02
   9.2400000e+02
   9.2540000e+02
   9.2670000e+02
   9.2810000e+02
   9.2940000e+02
   9.3080000e+02
   9.3220000e+02
   9.3350000e+02
   9.3490000e+02
   9.3620000e+02
   9.3760000e+02
   9.3900000e+02
   9.4030000e+02
   9.4170000e+02
   9.4300000e+02
   9.4440000e+02
   9.4570000e+02
   9.4710000e+02
   9.4840000e+02
   9.4980000e+02
   9.5110000e+02
   9.5250000e+02
   9.5380000e+02
   9.5520000e+02
   9.5650000e+02
   9.5780000e+02
   9.5920000e+02
   9.6050000e+02
   9.6190000e+02
   9.6320000e+02
   9.6460000e+02
   9.6590000e+02
   9.6720000e+02
   9.6720000e+02
   9.6860000e+02
   9.6990000e+02
   9.7110000e+02
   9.7120000e+02
   9.7260000e+02
   9.7390000e+02
   9.7500000e+02
   9.7520000e+02
   9.7660000e+02
   9.7790000e+02
   9.7900000e+02
   9.7920000e+02
   9.8060000e+02
   9.8190000e+02
   9.8290000e+02
   9.8320000e+02
   9.8460000e+02
   9.8590000e+02
   9.8680000e+02
   9.8720000e+02
   9.8850000e+02
   9.8990000e+02
   9.9080000e+02
   9.9120000e+02
   9.9250000e+02
   9.9380000e+02
   9.9470000e+02
   9.9520000e+02
   9.9650000e+02
   9.9780000e+02
   9.9860000e+02
   9.9910000e+02
   1.0004000e+03
   1.0018000e+03
   1.0025000e+03
   1.0031000e+03
   1.0044000e+03
   1.0057000e+03
   1.0065000e+03
   1.0070000e+03
   1.0083000e+03
   1.0096000e+03
   1.0104000e+03
   1.0110000e+03
   1.0123000e+03
   1.0136000e+03
   1.0143000e+03
   1.0149000e+03
   1.0162000e+03
   1.0175000e+03
   1.0182000e+03
   1.0188000e+03
   1.0201000e+03
   1.0214000e+03
   1.0221000e+03
   1.0228000e+03
   1.0241000e+03
   1.0254000e+03
   1.0261000e+03
   1.0267000e+03
   1.0280000e+03
   1.0293000e+03
   1.0300000e+03
   1.0306000e+03
   1.0339000e+03
   1.0378000e+03
   1.0417000e+03
   1.0456000e+03
   1.0495000e+03
   1.0534000e+03
   1.0573000e+03
   1.0612000e+03
   1.0651000e+03
   1.0690000e+03
   1.0729000e+03
   1.0768000e+03
   1.0807000e+03
   1.0846000e+03
   1.0885000e+03
   1.0924000e+03
   1.0963000e+03
   1.1002000e+03
   1.1041000e+03
   1.1079000e+03
   1.1118000e+03
   1.1157000e+03
   1.1196000e+03
   1.1235000e+03
   1.1273000e+03
   1.1312000e+03
   1.1351000e+03
   1.1390000e+03
   1.1428000e+03
   1.1467000e+03
   1.1506000e+03
   1.1544000e+03
   1.1583000e+03
   1.1622000e+03
   1.1660000e+03
   1.1699000e+03
   1.1737000e+03
   1.1776000e+03
   1.1814000e+03
   1.1853000e+03
   1.1891000e+03
   1.1930000e+03
   1.1968000e+03
   1.2007000e+03
   1.2045000e+03
   1.2084000e+03
   1.2122000e+03
   1.2160000e+03
   1.2199000e+03
   1.2237000e+03
   1.2275000e+03
   1.2314000e+03
   1.2352000e+03
   1.2390000e+03
   1.2428000e+03
   1.2467000e+03
   1.2505000e+03
   1.2543000e+03
   1.2581000e+03
   1.2619000e+03
   1.2657000e+03
   1.2696000e+03
   1.2734000e+03
   1.2772000e+03
   1.2810000e+03
   1.2848000e+03
   1.2886000e+03
   1.2924000e+03
   1.2962000e+03
   1.3000000e+03
   1.3038000e+03
   1.3076000e+03
   1.3113000e+03
   1.3151000e+03
   1.3189000e+03
   1.3227000e+03
   1.3265000e+03
   1.3303000e+03
   1.3340000e+03
   1.3378000e+03
   1.3416000e+03
   1.3454000e+03
   1.3491000e+03
   1.3529000e+03
   1.3566000e+03
   1.3604000e+03
   1.3642000e+03
   1.3679000e+03
   1.3717000e+03
   1.3754000e+03
   1.3792000e+03
   1.3829000e+03
   1.3867000e+03
   1.3904000e+03
   1.3942000e+03
   1.3979000e+03
   1.4016000e+03
   1.4054000e+03
   1.4091000e+03
   1.4128000e+03
   1.4166000e+03
   1.4203000e+03
   1.4240000e+03
   1.4277000e+03
   1.4315000e+03
   1.4352000e+03
   1.4389000e+03
   1.4426000e+03
   1.4463000e+03
   1.4500000e+03
   1.4537000e+03
   1.4574000e+03
   1.4611000e+03
   1.4648000e+03
   1.4685000e+03
   1.4722000e+03
   1.4759000e+03
   1.4796000e+03
   1.4833000e+03
   1.4870000e+03
   1.4907000e+03
   1.4943000e+03
   1.4980000e+03
   1.5017000e+03
   1.5054000e+03
   1.5090000e+03
   1.5127000e+03
   1.5164000e+03
   1.5200000e+03
   1.5237000e+03
   1.5273000e+03
   1.5310000e+03
   1.5346000e+03
   1.5383000e+03
   1.5419000e+03
   1.5456000e+03
   1.5492000e+03
   1.5529000e+03
   1.5565000e+03
   1.5601000e+03
   1.5638000e+03
   1.5674000e+03
   1.5710000e+03
   1.5746000e+03
   1.5782000e+03
   1.5819000e+03
   1.5855000e+03
   1.5891000e+03
   1.5927000e+03
   1.5963000e+03
   1.5999000e+03
   1.6035000e+03
   1.6071000e+03
   1.6107000e+03
   1.6143000e+03
   1.6179000e+03
   1.6215000e+03
   1.6251000e+03
   1.6287000e+03
   1.6322000e+03
   1.6358000e+03
   1.6394000e+03
   1.6430000e+03
   1.6465000e+03
   1.6501000e+03
   1.6536000e+03
   1.6572000e+03
   1.6608000e+03
   1.6643000e+03
   1.6679000e+03
   1.6714000e+03
   1.6750000e+03
   1.6785000e+03
   1.6820000e+03
   1.6856000e+03
   1.6891000e+03
   1.6927000e+03
   1.6962000e+03
   1.6997000e+03
   1.7032000e+03
   1.7067000e+03
   1.7103000e+03
   1.7138000e+03
   1.7173000e+03
   1.7208000e+03
   1.7243000e+03
   1.7278000e+03
   1.7313000e+03
   1.7348000e+03
   1.7383000e+03
   1.7418000e+03
   1.7453000e+03
   1.7487000e+03
   1.7522000e+03
   1.7557000e+03
   1.7592000e+03
   1.7627000e+03
   1.7661000e+03
   1.7696000e+03
   1.7730000e+03
   1.7765000e+03
   1.7800000e+03
   1.7834000e+03
   1.7869000e+03
   1.7903000e+03
   1.7938000e+03
   1.7972000e+03
   1.8006000e+03
   1.8041000e+03
   1.8075000e+03
   1.8109000e+03
   1.8143000e+03
   1.8178000e+03
   1.8212000e+03
   1.8246000e+03
   1.8280000e+03
   1.8314000e+03
   1.8348000e+03
   1.8382000e+03
   1.8416000e+03
   1.8450000e+03
   1.8484000e+03
   1.8518000e+03
   1.8552000e+03
   1.8586000e+03
   1.8619000e+03
   1.8653000e+03
   1.8687000e+03
   1.8720000e+03
   1.8754000e+03
   1.8788000e+03
   1.8821000e+03
   1.8855000e+03
   1.8888000e+03
   1.8922000e+03
   1.8955000e+03
   1.8989000e+03
   1.9022000e+03
   1.9055000e+03
