   2.5648000e-03   1.5629250e-02   5.5803733e-01
   2.9376000e-03   1.6740000e-02   6.3287470e-01
   3.1682500e-03   1.8135500e-02   6.5762000e-01
   3.3670000e-03   1.9792500e-02   6.4552067e-01
   3.5694000e-03   2.1317250e-02   7.2136547e-01
   3.8135250e-03   2.3554125e-02   7.6568097e-01
   3.4437250e-03   2.3164625e-02   7.8209780e-01
   3.6290625e-03   2.4564063e-02   8.2096887e-01
   4.0330000e-03   2.8340000e-02   8.3854143e-01
   4.4336000e-03   3.0328000e-02   8.2677390e-01
   4.6031375e-03   3.2140250e-02   9.6455133e-01
   5.4747000e-03   3.7880500e-02   1.0630157e+00
   6.7505000e-03   5.1802750e-02   1.1766493e+00
   8.8768000e-03   7.7064000e-02   1.4653700e+00
   1.3191700e-02   1.2056095e-01   1.9536500e+00
   1.9033650e-02   1.8604550e-01   2.5945317e+00
   2.8248862e-02   2.9261195e-01   3.5777937e+00
   4.2781162e-02   4.3893678e-01   4.9761040e+00
   5.6995125e-02   5.9143013e-01   6.3504833e+00
   8.2380300e-02   8.6040825e-01   8.6739643e+00
   1.1588415e-01   1.2126170e+00   1.0723643e+01
   1.4163600e-01   1.4786310e+00   1.4421030e+01
   1.7661875e-01   1.8195625e+00   1.6168173e+01
   2.1238438e-01   2.1808752e+00   1.8536950e+01
   2.6456888e-01   2.7027310e+00   2.1491947e+01
   3.0536100e-01   3.1113322e+00   2.5480267e+01
   3.5391040e-01   3.5757030e+00   2.8641373e+01
   3.9406677e-01   3.9565488e+00   3.0506783e+01
   4.3887167e-01   4.3714807e+00   3.3717107e+01
   5.1357513e-01   5.0863640e+00   3.8562493e+01
   5.8209517e-01   5.7426492e+00   4.5459653e+01
   6.7107648e-01   6.5786790e+00   4.9697863e+01
   7.0695540e-01   6.9071760e+00   5.1784483e+01
   7.3590250e-01   7.1572188e+00   5.3320017e+01
   7.3983625e-01   7.1541185e+00   5.3326007e+01
   7.4187600e-01   7.1263315e+00   5.3086240e+01
   7.2161860e-01   6.8864272e+00   5.2803510e+01
   7.4654580e-01   7.0522280e+00   5.3107653e+01
   7.9097200e-01   7.4320190e+00   5.5522550e+01
   8.2413765e-01   7.7047330e+00   5.7995233e+01
   8.1618075e-01   7.5789190e+00   5.8895060e+01
   8.3279050e-01   7.6815988e+00   5.6926433e+01
   8.3451690e-01   7.6499115e+00   5.6077577e+01
   8.6675895e-01   7.9045878e+00   5.7562150e+01
   8.8924275e-01   8.0552028e+00   5.9712093e+01
   9.3339863e-01   8.3896875e+00   6.1614027e+01
   9.6495625e-01   8.6135955e+00   7.1395740e+01
   9.7924375e-01   8.6916945e+00   7.2969407e+01
   9.8676752e-01   8.7013405e+00   7.1872897e+01
   9.3725277e-01   8.1894982e+00   6.7843267e+01
   9.2747445e-01   8.0503133e+00   6.6254037e+01
   9.3640515e-01   8.0929567e+00   6.7123300e+01
   1.0107279e+00   8.6897950e+00   7.0515620e+01
   1.0358922e+00   8.8513273e+00   7.2633120e+01
   1.1039735e+00   9.3683000e+00   7.6765117e+01
   1.1564985e+00   9.7526265e+00   7.9820063e+01
   1.1796393e+00   9.8730922e+00   8.3001237e+01
   1.1870176e+00   9.8383622e+00   8.2430147e+01
   1.1616456e+00   9.5607850e+00   8.1048383e+01
   1.1145369e+00   9.0747402e+00   7.8301237e+01
   1.1048140e+00   8.9186428e+00   7.7427580e+01
   1.1819651e+00   9.5088288e+00   8.2553000e+01
   1.2645992e+00   1.0162455e+01   8.8264747e+01
   1.2708491e+00   1.0184188e+01   8.8487687e+01
   1.1988816e+00   9.5410345e+00   8.3273573e+01
   1.0710641e+00   8.4400865e+00   7.4709273e+01
   9.9785872e-01   7.7665955e+00   6.9498647e+01
   1.0360036e+00   7.9967082e+00   7.1998160e+01
   1.1174372e+00   8.5578680e+00   7.7959420e+01
   1.1950057e+00   9.1039075e+00   8.3696413e+01
   1.2848122e+00   9.7599375e+00   8.9914667e+01
   1.2467147e+00   9.4089752e+00   8.6983150e+01
   1.1676391e+00   8.7438395e+00   8.2019020e+01
   1.1423939e+00   8.4990717e+00   8.0323143e+01
   1.2075452e+00   8.9331400e+00   8.5352473e+01
   1.3579983e+00   1.0000355e+01   9.5938673e+01
   1.5773010e+00   1.1617315e+01   1.1353130e+02
   1.7485145e+00   1.2847935e+01   1.2618693e+02
   1.7574600e+00   1.2851750e+01   1.2779723e+02
   1.7078050e+00   1.2420595e+01   1.2419937e+02
   1.6618367e+00   1.1971792e+01   1.2220353e+02
   1.7625873e+00   1.2514778e+01   1.3061720e+02
   1.9461770e+00   1.3688508e+01   1.4599757e+02
   2.0900405e+00   1.4732190e+01   1.5963170e+02
   2.0583547e+00   1.4537868e+01   1.5859077e+02
   1.9749430e+00   1.3917690e+01   1.5326643e+02
   1.9190603e+00   1.3471103e+01   1.4954357e+02
   1.8725780e+00   1.3095015e+01   1.4697273e+02
   1.8302655e+00   1.2730750e+01   1.4483687e+02
   1.8084415e+00   1.2519800e+01   1.4438397e+02
   1.7863807e+00   1.2294168e+01   1.4365957e+02
   1.7702675e+00   1.2111675e+01   1.4301430e+02
   1.7371540e+00   1.1804988e+01   1.4148233e+02
   1.7042257e+00   1.1512232e+01   1.3969400e+02
   1.6443640e+00   1.1049513e+01   1.3583907e+02
   1.5551557e+00   1.0357482e+01   1.2847310e+02
   1.5478210e+00   1.0218240e+01   1.2904147e+02
   1.6568338e+00   1.0860978e+01   1.3926513e+02
   1.7993765e+00   1.1760183e+01   1.5324880e+02
   1.8425708e+00   1.2006243e+01   1.5788070e+02
   1.8365480e+00   1.1918733e+01   1.5786017e+02
   1.8319143e+00   1.1828585e+01   1.5861633e+02
   1.8349082e+00   1.1794232e+01   1.5943593e+02
   1.8650537e+00   1.1921310e+01   1.6365100e+02
   1.8939490e+00   1.2031305e+01   1.6673003e+02
   1.8919178e+00   1.1920165e+01   1.6674703e+02
   1.9042803e+00   1.1888302e+01   1.6824380e+02
   1.9375072e+00   1.1980995e+01   1.7163963e+02
   1.9992962e+00   1.2258320e+01   1.7753653e+02
   2.0319985e+00   1.2352895e+01   1.8098507e+02
   2.0271443e+00   1.2222340e+01   1.8094390e+02
   2.0029823e+00   1.1987260e+01   1.7984527e+02
   2.0010405e+00   1.1911815e+01   1.8061040e+02
   1.9829348e+00   1.1753343e+01   1.8013383e+02
   1.9871620e+00   1.1722690e+01   1.8145667e+02
   2.0330757e+00   1.1940760e+01   1.8711873e+02
   2.0895180e+00   1.2208972e+01   1.9302340e+02
   2.0824080e+00   1.2101393e+01   1.9337617e+02
   2.0275675e+00   1.1720108e+01   1.8902540e+02
   1.9620522e+00   1.1280942e+01   1.8372630e+02
   1.9232372e+00   1.0991128e+01   1.8115920e+02
   1.9046295e+00   1.0810360e+01   1.7962993e+02
   1.9002827e+00   1.0705525e+01   1.7981040e+02
   1.9116907e+00   1.0683825e+01   1.8131243e+02
   1.9244537e+00   1.0661827e+01   1.8295773e+02
   1.9356287e+00   1.0626920e+01   1.8405690e+02
   1.9452495e+00   1.0572530e+01   1.8525463e+02
   1.9565430e+00   1.0530078e+01   1.8618783e+02
   1.9408875e+00   1.0350777e+01   1.8446307e+02
   1.8728015e+00   9.9057550e+00   1.7781303e+02
   1.8050373e+00   9.4484507e+00   1.7093747e+02
   1.8435778e+00   9.5150467e+00   1.7369093e+02
   2.0130112e+00   1.0249075e+01   1.8985790e+02
   2.1008450e+00   1.0620738e+01   1.9940357e+02
   2.0563080e+00   1.0350610e+01   1.9577067e+02
   1.9687052e+00   9.8439213e+00   1.8738350e+02
   1.9134338e+00   9.4899777e+00   1.8204580e+02
   1.9122760e+00   9.4034128e+00   1.8202317e+02
   1.9268765e+00   9.3950487e+00   1.8352137e+02
   1.9175282e+00   9.2631003e+00   1.8264463e+02
   1.8897175e+00   9.0305705e+00   1.7934800e+02
   1.8502732e+00   8.7429325e+00   1.7543220e+02
   1.8321392e+00   8.5515730e+00   1.7331863e+02
   1.8407010e+00   8.4851578e+00   1.7374757e+02
   1.8836268e+00   8.5631708e+00   1.7674827e+02
   1.9111015e+00   8.5639830e+00   1.7835997e+02
   1.9357548e+00   8.5355185e+00   1.7933983e+02
   1.9611167e+00   8.5061133e+00   1.8018157e+02
   1.9803090e+00   8.4488118e+00   1.8037417e+02
   1.9798628e+00   8.3054980e+00   1.7893747e+02
   1.9637073e+00   8.0968887e+00   1.7568500e+02
   1.9226795e+00   7.7849870e+00   1.7026647e+02
   1.9008703e+00   7.5491520e+00   1.6661597e+02
   1.9308137e+00   7.5226560e+00   1.6759023e+02
   1.9991835e+00   7.6525145e+00   1.7188233e+02
   2.0513883e+00   7.7140717e+00   1.7453103e+02
   2.0958480e+00   7.7317807e+00   1.7642323e+02
   2.1091017e+00   7.6293345e+00   1.7554497e+02
   2.1201353e+00   7.5138570e+00   1.7415783e+02
   2.1542715e+00   7.4782970e+00   1.7475907e+02
   2.2219625e+00   7.5583317e+00   1.7830933e+02
   2.2472733e+00   7.4907873e+00   1.7811213e+02
   2.2589085e+00   7.3654490e+00   1.7659820e+02
   2.2847110e+00   7.2846053e+00   1.7590787e+02
   2.3223377e+00   7.2397327e+00   1.7641087e+02
   2.3550278e+00   7.1758440e+00   1.7605927e+02
   2.3636713e+00   7.0362327e+00   1.7381137e+02
   2.3797170e+00   6.9158358e+00   1.7236410e+02
   2.4164235e+00   6.8512690e+00   1.7211640e+02
   2.4627040e+00   6.8183945e+00   1.7280170e+02
   2.4936318e+00   6.7456330e+00   1.7208130e+02
   2.4992355e+00   6.6032325e+00   1.6962217e+02
   2.5260197e+00   6.5129155e+00   1.6873663e+02
   2.6365307e+00   6.6270780e+00   1.7311457e+02
   2.8061133e+00   6.8742380e+00   1.8125313e+02
   2.9341785e+00   7.0142965e+00   1.8650867e+02
   2.9665635e+00   6.9321865e+00   1.8558170e+02
   2.9362560e+00   6.7114950e+00   1.8107480e+02
   2.8861638e+00   6.4593755e+00   1.7554750e+02
   2.8688320e+00   6.2905550e+00   1.7220003e+02
   2.8777750e+00   6.1874040e+00   1.7082507e+02
   2.9055275e+00   6.1403993e+00   1.7088567e+02
   2.9170380e+00   6.0722157e+00   1.7013503e+02
   2.9131123e+00   5.9829360e+00   1.6899990e+02
   2.9005927e+00   5.8934932e+00   1.6772107e+02
   2.8791705e+00   5.8001525e+00   1.6641147e+02
   2.8421230e+00   5.6924340e+00   1.6494720e+02
   2.8265855e+00   5.6413440e+00   1.6482003e+02
   2.8224725e+00   5.6283550e+00   1.6568650e+02
   2.8055177e+00   5.5999587e+00   1.6637837e+02
   2.7708043e+00   5.5511102e+00   1.6605980e+02
   2.7290615e+00   5.4944473e+00   1.6546450e+02
   2.6996100e+00   5.4729525e+00   1.6611353e+02
   2.6831978e+00   5.4920645e+00   1.6758060e+02
   2.6688195e+00   5.5241560e+00   1.6956723e+02
   2.6358198e+00   5.5201363e+00   1.7038977e+02
   2.5709970e+00   5.4501652e+00   1.6935950e+02
   2.4800305e+00   5.3236693e+00   1.6685120e+02
   2.3587977e+00   5.1220455e+00   1.6192123e+02
   2.2630637e+00   4.9660660e+00   1.5839193e+02
   2.2176445e+00   4.9048533e+00   1.5772277e+02
   2.2126358e+00   4.9273455e+00   1.5955313e+02
   2.2037533e+00   4.9356735e+00   1.6071863e+02
   2.1932457e+00   4.9463387e+00   1.6199277e+02
   2.1789725e+00   4.9507350e+00   1.6306077e+02
   2.1500900e+00   4.9387550e+00   1.6353053e+02
   2.1088445e+00   4.8973760e+00   1.6292870e+02
   2.0726617e+00   4.8615765e+00   1.6244503e+02
   2.0458403e+00   4.8346860e+00   1.6230890e+02
   2.0256400e+00   4.8077655e+00   1.6236813e+02
   1.9961843e+00   4.7590768e+00   1.6160153e+02
   1.9612977e+00   4.6912103e+00   1.6002333e+02
   1.9243078e+00   4.6239545e+00   1.5834297e+02
   1.8892692e+00   4.5635220e+00   1.5722423e+02
   1.8626612e+00   4.5278392e+00   1.5712253e+02
   1.8464095e+00   4.5217840e+00   1.5765530e+02
   1.8263340e+00   4.5054143e+00   1.5794720e+02
   1.8072258e+00   4.4918675e+00   1.5842293e+02
   1.7920950e+00   4.4766225e+00   1.5889700e+02
   1.7862708e+00   4.4929720e+00   1.6002897e+02
   1.7745652e+00   4.4941620e+00   1.5994547e+02
   1.7530003e+00   4.4618323e+00   1.5869943e+02
   1.7237517e+00   4.4002350e+00   1.5676603e+02
   1.6952850e+00   4.3340267e+00   1.5518243e+02
   1.6680180e+00   4.2667873e+00   1.5415550e+02
   1.6441110e+00   4.2050998e+00   1.5320580e+02
   1.6221458e+00   4.1445075e+00   1.5267737e+02
   1.6073890e+00   4.0990332e+00   1.5267463e+02
   1.6002357e+00   4.0792960e+00   1.5331333e+02
   1.5955950e+00   4.0692490e+00   1.5428177e+02
   1.5889990e+00   4.0571945e+00   1.5504967e+02
   1.5857655e+00   4.0416773e+00   1.5585927e+02
   1.5785278e+00   4.0136410e+00   1.5590327e+02
   1.5645963e+00   3.9593960e+00   1.5498780e+02
   1.5525305e+00   3.9084833e+00   1.5386333e+02
   1.5500268e+00   3.8787212e+00   1.5317677e+02
   1.5417125e+00   3.8277735e+00   1.5214450e+02
   1.5192562e+00   3.7452130e+00   1.4986737e+02
   1.4925360e+00   3.6619515e+00   1.4753440e+02
   1.4779480e+00   3.6137598e+00   1.4646960e+02
   1.4821880e+00   3.6219110e+00   1.4753067e+02
   1.4901543e+00   3.6563610e+00   1.4954867e+02
   1.4712517e+00   3.6465235e+00   1.4971660e+02
   1.4033240e+00   3.5336435e+00   1.4539520e+02
   1.3298260e+00   3.4258373e+00   1.4124010e+02
   1.2899318e+00   3.4158725e+00   1.4148277e+02
   1.2896702e+00   3.5131747e+00   1.4615297e+02
   1.2742297e+00   3.5726660e+00   1.4906613e+02
   1.2413182e+00   3.5821320e+00   1.5000703e+02
   1.2010500e+00   3.5610080e+00   1.4992640e+02
   1.1498250e+00   3.5140220e+00   1.4911473e+02
   1.1014895e+00   3.4653125e+00   1.4868240e+02
   1.0727762e+00   3.4365065e+00   1.4834147e+02
   1.0550798e+00   3.4141402e+00   1.4799813e+02
   1.0417306e+00   3.3821940e+00   1.4742967e+02
   1.0365379e+00   3.3568820e+00   1.4712870e+02
   1.0421678e+00   3.3417825e+00   1.4710910e+02
   1.0532633e+00   3.3256282e+00   1.4710833e+02
   1.0685521e+00   3.3095430e+00   1.4706313e+02
   1.0882876e+00   3.2909405e+00   1.4698053e+02
   1.1120424e+00   3.2694415e+00   1.4667247e+02
   1.1366535e+00   3.2429200e+00   1.4625210e+02
   1.1582300e+00   3.1967048e+00   1.4497430e+02
   1.1649782e+00   3.0984785e+00   1.4143437e+02
   1.1362167e+00   2.8856745e+00   1.3292720e+02
   1.1155543e+00   2.6997563e+00   1.2571603e+02
   1.1375335e+00   2.6421745e+00   1.2427610e+02
   1.1950158e+00   2.7036275e+00   1.2752273e+02
   1.2405017e+00   2.7434815e+00   1.2957333e+02
   1.2631828e+00   2.7423722e+00   1.2990407e+02
   1.2791983e+00   2.7380425e+00   1.3034890e+02
   1.2999797e+00   2.7669627e+00   1.3194163e+02
   1.3028905e+00   2.7785380e+00   1.3286467e+02
   1.2836740e+00   2.7526488e+00   1.3223073e+02
   1.2621768e+00   2.7330917e+00   1.3199830e+02
   1.2507422e+00   2.7415785e+00   1.3327470e+02
   1.2403150e+00   2.7652065e+00   1.3483160e+02
   1.2212642e+00   2.7746343e+00   1.3574243e+02
   1.1883490e+00   2.7584482e+00   1.3544673e+02
   1.1500227e+00   2.7325418e+00   1.3487770e+02
   1.1078647e+00   2.7073610e+00   1.3408380e+02
   1.0635037e+00   2.6778020e+00   1.3316017e+02
   1.0135692e+00   2.6360438e+00   1.3153277e+02
   9.5158125e-01   2.5635938e+00   1.2861810e+02
   8.5882010e-01   2.3988248e+00   1.2122737e+02
   7.4686535e-01   2.1677397e+00   1.1074267e+02
   6.5594295e-01   1.9812488e+00   1.0232217e+02
   6.3021480e-01   1.9815552e+00   1.0278450e+02
   6.3466720e-01   2.0663360e+00   1.0706270e+02
   6.2366168e-01   2.0950363e+00   1.0871530e+02
   5.8610862e-01   2.0375158e+00   1.0631773e+02
   5.5445283e-01   1.9991788e+00   1.0498937e+02
   5.3456760e-01   1.9973447e+00   1.0519687e+02
   5.1838950e-01   2.0118097e+00   1.0607680e+02
   5.0922897e-01   2.0495955e+00   1.0819213e+02
   5.1183600e-01   2.1294000e+00   1.1228203e+02
   5.2008603e-01   2.2165305e+00   1.1655230e+02
   5.2072165e-01   2.2646868e+00   1.1898143e+02
   5.1479955e-01   2.2830167e+00   1.1979147e+02
   5.1043085e-01   2.2872997e+00   1.2033130e+02
   5.1173720e-01   2.3017095e+00   1.2130523e+02
   5.1555930e-01   2.3185792e+00   1.2237863e+02
   5.2162630e-01   2.3446520e+00   1.2395560e+02
   5.2572905e-01   2.3625275e+00   1.2512433e+02
   5.2578000e-01   2.3616000e+00   1.2558887e+02
   5.2260950e-01   2.3521925e+00   1.2528243e+02
   5.1656860e-01   2.3346760e+00   1.2451917e+02
   5.1187720e-01   2.3075913e+00   1.2337280e+02
   5.0457898e-01   2.2781735e+00   1.2234170e+02
   4.9979478e-01   2.2628072e+00   1.2173247e+02
   4.9513665e-01   2.2481353e+00   1.2153907e+02
   4.8790005e-01   2.2219388e+00   1.2057103e+02
   4.6433992e-01   2.1317040e+00   1.1637717e+02
   3.9157860e-01   1.8126570e+00   9.9881180e+01
   2.9844180e-01   1.3737870e+00   7.7395717e+01
   2.2774953e-01   1.0633635e+00   6.1595847e+01
   2.2261050e-01   1.0567552e+00   6.2460573e+01
   2.5909455e-01   1.2240590e+00   7.2119210e+01
   3.1482217e-01   1.4804865e+00   8.6081360e+01
   3.7589980e-01   1.7450785e+00   1.0029787e+02
   4.2200415e-01   1.9325862e+00   1.1042410e+02
   4.4562335e-01   2.0279450e+00   1.1544830e+02
   4.5629445e-01   2.0592238e+00   1.1732390e+02
   4.5783060e-01   2.0594078e+00   1.1769737e+02
   4.5705000e-01   2.0493750e+00   1.1754017e+02
   4.5494743e-01   2.0378555e+00   1.1689443e+02
   4.5360640e-01   2.0213760e+00   1.1653133e+02
   4.5222402e-01   1.9985165e+00   1.1621063e+02
   4.4976542e-01   1.9880045e+00   1.1616033e+02
   4.4902725e-01   1.9737422e+00   1.1563930e+02
   4.4657280e-01   1.9535080e+00   1.1493560e+02
   4.4354348e-01   1.9309333e+00   1.1406847e+02
   4.3963423e-01   1.9067973e+00   1.1300700e+02
   4.3322165e-01   1.8731495e+00   1.1158443e+02
   4.2623130e-01   1.8347010e+00   1.1005767e+02
   4.2094320e-01   1.8035927e+00   1.0862417e+02
   4.1911168e-01   1.7780355e+00   1.0766250e+02
   4.2071345e-01   1.7647887e+00   1.0717507e+02
   4.2008890e-01   1.7573050e+00   1.0681497e+02
   4.2053798e-01   1.7519885e+00   1.0686427e+02
   4.2128020e-01   1.7402958e+00   1.0683787e+02
   4.1991355e-01   1.7309048e+00   1.0659237e+02
   4.1931562e-01   1.7079577e+00   1.0582050e+02
   4.1697135e-01   1.6882502e+00   1.0487943e+02
   4.1387890e-01   1.6718575e+00   1.0413960e+02
   4.1248298e-01   1.6657738e+00   1.0356593e+02
   4.1126858e-01   1.6499660e+00   1.0332370e+02
   4.1310915e-01   1.6512548e+00   1.0379057e+02
   4.1062800e-01   1.6452137e+00   1.0400290e+02
   3.9741343e-01   1.6028240e+00   1.0216317e+02
   3.7639715e-01   1.5285200e+00   9.8137630e+01
   3.4906660e-01   1.4341025e+00   9.2954327e+01
   3.2227692e-01   1.3323747e+00   8.7326840e+01
   3.0154962e-01   1.2666158e+00   8.3492247e+01
   2.9550465e-01   1.2475375e+00   8.2249353e+01
   3.0082362e-01   1.2703975e+00   8.4191033e+01
   3.0295925e-01   1.2924470e+00   8.5868010e+01
   2.9805975e-01   1.2849957e+00   8.5452093e+01
   2.9469825e-01   1.2855150e+00   8.5635373e+01
   2.9521930e-01   1.3072840e+00   8.7597110e+01
   2.9613515e-01   1.3396270e+00   8.9953673e+01
   2.8876500e-01   1.3311000e+00   8.9586790e+01
   2.8045710e-01   1.3152750e+00   8.8905710e+01
   2.7486773e-01   1.3230622e+00   8.8997457e+01
   2.7085048e-01   1.3245330e+00   8.9860513e+01
   2.7237450e-01   1.3408895e+00   9.1122883e+01
   2.7457813e-01   1.3715320e+00   9.2861650e+01
   2.7904652e-01   1.3986525e+00   9.4935727e+01
   2.8249440e-01   1.4186550e+00   9.6463023e+01
   2.8548610e-01   1.4363777e+00   9.7643340e+01
   2.8774825e-01   1.4435485e+00   9.8508983e+01
   2.8607225e-01   1.4385542e+00   9.8786743e+01
   2.8506165e-01   1.4341190e+00   9.8892340e+01
   2.8585310e-01   1.4339870e+00   9.8760443e+01
   2.8291480e-01   1.4273360e+00   9.8520713e+01
   2.8028410e-01   1.4047780e+00   9.7617773e+01
   2.7369263e-01   1.3792335e+00   9.5886277e+01
   2.6766112e-01   1.3552292e+00   9.4313517e+01
   2.6088537e-01   1.3235197e+00   9.2741630e+01
   2.5529707e-01   1.2950852e+00   9.0994850e+01
   2.5163120e-01   1.2832773e+00   9.0196200e+01
   2.5259970e-01   1.2891345e+00   9.1201027e+01
   2.5772600e-01   1.3223525e+00   9.3844773e+01
   2.6150842e-01   1.3374745e+00   9.4853850e+01
   2.6012830e-01   1.3266990e+00   9.4725440e+01
   2.5604742e-01   1.3167503e+00   9.4403947e+01
   2.5051050e-01   1.3023125e+00   9.3660397e+01
   2.4576132e-01   1.2742003e+00   9.1512463e+01
   2.3942137e-01   1.2315210e+00   8.9318967e+01
   2.3608108e-01   1.2184557e+00   8.8065727e+01
   2.3636815e-01   1.2334917e+00   8.9260217e+01
   2.4022395e-01   1.2438220e+00   9.0768897e+01
   2.3924733e-01   1.2536033e+00   9.1750110e+01
   2.3876430e-01   1.2498425e+00   9.2083257e+01
   2.3998555e-01   1.2470608e+00   9.2338733e+01
   2.3991275e-01   1.2421930e+00   9.2372633e+01
   2.3584587e-01   1.2450190e+00   9.2292173e+01
   2.3424235e-01   1.2310695e+00   9.1901067e+01
   2.3126710e-01   1.2142522e+00   9.1412267e+01
   2.2591290e-01   1.1995995e+00   9.0834923e+01
   2.2731213e-01   1.2056558e+00   9.0742507e+01
   2.2430800e-01   1.1916365e+00   9.0513027e+01
   2.1911455e-01   1.1766892e+00   8.9964160e+01
   2.1659580e-01   1.1713035e+00   8.9172753e+01
   2.1565960e-01   1.1607800e+00   8.8603253e+01
   2.0957770e-01   1.1408545e+00   8.7951210e+01
   2.0437935e-01   1.1123930e+00   8.6444813e+01
   1.9199700e-01   1.0615220e+00   8.3781770e+01
   1.7688022e-01   1.0088188e+00   7.9549527e+01
   1.6058307e-01   9.3411065e-01   7.4457547e+01
   1.4532570e-01   8.6193895e-01   6.9351010e+01
   1.3508197e-01   7.9900013e-01   6.5006827e+01
   1.3000680e-01   7.7937750e-01   6.2699000e+01
   1.2879862e-01   7.6827252e-01   6.2040760e+01
   1.3239840e-01   7.9307320e-01   6.4280827e+01
   1.3976832e-01   8.2264145e-01   6.7155423e+01
   1.4263538e-01   8.4523047e-01   6.8845187e+01
   1.3715458e-01   8.2268050e-01   6.7561263e+01
   1.2888801e-01   7.6940618e-01   6.4103100e+01
   1.2076209e-01   7.3117965e-01   6.1558387e+01
   1.1726295e-01   7.2515737e-01   6.1163833e+01
   1.1486193e-01   7.1857423e-01   6.0910783e+01
   1.1136480e-01   7.1001915e-01   6.0789193e+01
   1.0841200e-01   7.0517850e-01   5.9975303e+01
   1.1195653e-01   7.1131888e-01   6.0148900e+01
   1.1221443e-01   7.1650820e-01   6.1031190e+01
   1.1740290e-01   7.4370912e-01   6.3444810e+01
   1.2249480e-01   7.6808185e-01   6.5620753e+01
   1.2516478e-01   7.7945365e-01   6.6709757e+01
   1.2070495e-01   7.6099122e-01   6.5682203e+01
   1.1559089e-01   7.4242173e-01   6.3989697e+01
   1.0794836e-01   7.0372955e-01   6.1455117e+01
   9.8432562e-02   6.5211450e-01   5.7426717e+01
   8.7442630e-02   5.7664227e-01   5.1205737e+01
   6.6959142e-02   4.7899030e-01   4.2561527e+01
   5.0189455e-02   3.7314477e-01   3.4011193e+01
   3.7422190e-02   2.9211205e-01   2.6759067e+01
   3.3648635e-02   2.3190943e-01   2.2064593e+01
   2.8078962e-02   2.1472458e-01   2.0504297e+01
   2.7837005e-02   2.2883022e-01   2.1295017e+01
   3.3337160e-02   2.5784553e-01   2.4234353e+01
   3.7265332e-02   2.8858070e-01   2.7572970e+01
   3.9041667e-02   3.2263513e-01   3.0611107e+01
   3.8798082e-02   3.2569673e-01   3.0397963e+01
   3.6559760e-02   2.9852100e-01   2.8535873e+01
   3.6433658e-02   2.9394875e-01   2.7020440e+01
   3.6769475e-02   2.7271942e-01   2.6683963e+01
   3.6395543e-02   2.9155198e-01   2.7563647e+01
   3.8090993e-02   2.8972395e-01   2.8512487e+01
   3.9758190e-02   3.0667973e-01   2.9660400e+01
   3.8246628e-02   3.0541160e-01   2.9813607e+01
   4.0472022e-02   3.1623382e-01   3.0883863e+01
   3.8265127e-02   3.2654635e-01   3.0835147e+01
   4.4232265e-02   3.3906353e-01   3.2224703e+01
   4.3081730e-02   3.3317220e-01   3.3482933e+01
   4.8113457e-02   3.4769115e-01   3.4488500e+01
   5.0938815e-02   3.7551400e-01   3.6171703e+01
   4.4737810e-02   3.8142493e-01   3.7282760e+01
   5.8720463e-02   3.9995700e-01   3.9758987e+01
   5.6342727e-02   4.2881970e-01   4.1976870e+01
   6.6078145e-02   4.6491368e-01   4.4260833e+01
   6.8100565e-02   4.7221617e-01   4.6833423e+01
   7.4354410e-02   5.1485725e-01   5.0220643e+01
   8.1104398e-02   5.5650165e-01   5.3983473e+01
   8.1104398e-02   5.5650165e-01   5.3983473e+01
   8.3235578e-02   5.8320108e-01   5.6778370e+01
   9.2635393e-02   5.9636510e-01   5.7154423e+01
   8.7362475e-02   5.6789527e-01   5.6235833e+01
   8.6923055e-02   5.6552282e-01   5.6159287e+01
   8.7884710e-02   5.6514307e-01   5.4535937e+01
   8.4078377e-02   5.7317162e-01   5.3602197e+01
   8.9147915e-02   5.7642403e-01   5.4186467e+01
   9.0069662e-02   5.7701537e-01   5.4292697e+01
   8.6287365e-02   5.9468548e-01   5.5406987e+01
   9.3197452e-02   6.0394472e-01   5.7017210e+01
   9.2269765e-02   5.8901555e-01   5.8438270e+01
   9.2101100e-02   5.8630115e-01   5.8696647e+01
   9.7262375e-02   6.1806920e-01   6.0129943e+01
   1.0020346e-01   6.4048622e-01   6.1810660e+01
   1.0464689e-01   6.5159203e-01   6.2730917e+01
   1.0597991e-01   6.5492372e-01   6.3006993e+01
   1.0900663e-01   6.6648942e-01   6.4129800e+01
   1.1107275e-01   6.9932840e-01   6.4928157e+01
   1.2169467e-01   6.7266997e-01   6.5011520e+01
   1.2641555e-01   6.6082180e-01   6.5048570e+01
   1.1240885e-01   6.4941697e-01   6.5374500e+01
   1.2246438e-01   6.7022048e-01   6.5264980e+01
   1.2473146e-01   6.7184548e-01   6.5181270e+01
   1.2573908e-01   6.7256770e-01   6.5144067e+01
   1.2073207e-01   6.6131648e-01   6.5267103e+01
   1.1445442e-01   7.2068477e-01   6.5324203e+01
   1.3029300e-01   6.6912222e-01   6.4670853e+01
   1.3719050e-01   6.4353532e-01   6.4316313e+01
   1.1761909e-01   6.9154780e-01   6.3642743e+01
   1.0540775e-01   6.3711542e-01   6.3103077e+01
   9.9019282e-02   6.7340442e-01   6.2801610e+01
   9.7110715e-02   6.9009577e-01   6.2630447e+01
   1.0012372e-01   6.5917778e-01   6.2510477e+01
   1.0156258e-01   6.4815425e-01   6.2707610e+01
   1.0064216e-01   6.6445062e-01   6.3200847e+01
   9.8888715e-02   6.6642055e-01   6.3482267e+01
   9.7738895e-02   6.4855055e-01   6.3674360e+01
   9.8884310e-02   6.4862798e-01   6.3966793e+01
   9.9589200e-02   6.4867560e-01   6.4146753e+01
   9.9556227e-02   6.5023248e-01   6.4258440e+01
   9.9470495e-02   6.5428035e-01   6.4548820e+01
   9.9384763e-02   6.5832820e-01   6.4839197e+01
   9.9332000e-02   6.6081920e-01   6.5017890e+01
   9.9115237e-02   6.6154388e-01   6.5078450e+01
   9.8645560e-02   6.6311402e-01   6.5209667e+01
   9.8175888e-02   6.6468415e-01   6.5340877e+01
   9.7922975e-02   6.6552960e-01   6.5411530e+01
   9.7556770e-02   6.6568253e-01   6.5437373e+01
   9.6763327e-02   6.6601390e-01   6.5493353e+01
   9.5969885e-02   6.6634530e-01   6.5549340e+01
   9.5542650e-02   6.6652372e-01   6.5579483e+01
   9.5510670e-02   6.6643580e-01   6.5583747e+01
   9.5441445e-02   6.6624535e-01   6.5592987e+01
   9.5372170e-02   6.6605492e-01   6.5602223e+01
   9.5334875e-02   6.6595238e-01   6.5607200e+01
   9.5346758e-02   6.6547307e-01   6.5565613e+01
   9.5368812e-02   6.6458302e-01   6.5488380e+01
   9.5390870e-02   6.6369290e-01   6.5411150e+01
   9.5402750e-02   6.6321360e-01   6.5369560e+01
   9.5429887e-02   6.6226200e-01   6.5322237e+01
   9.5488722e-02   6.6020013e-01   6.5219700e+01
   9.5547555e-02   6.5813827e-01   6.5117163e+01
   9.5579225e-02   6.5702805e-01   6.5061953e+01
   9.5903032e-02   6.5569723e-01   6.5024653e+01
   9.7684000e-02   6.4837755e-01   6.4819517e+01
   1.0045725e-01   6.4174455e-01   6.4489707e+01
   9.8790975e-02   6.3549750e-01   6.4038923e+01
   9.7403600e-02   6.2632780e-01   6.3599487e+01
   9.4836600e-02   6.1449680e-01   6.3119190e+01
   9.4133625e-02   6.0778763e-01   6.2476393e+01
   9.5492025e-02   5.9909243e-01   6.1702507e+01
   9.4500100e-02   5.8631830e-01   6.0894620e+01
   9.3581625e-02   5.7222863e-01   5.9968750e+01
   9.0862000e-02   5.5621600e-01   5.9111317e+01
   8.8269375e-02   5.4687562e-01   5.8382440e+01
   8.5157600e-02   5.3852505e-01   5.7584497e+01
   8.3426875e-02   5.2582767e-01   5.6557350e+01
   8.3256800e-02   5.1184010e-01   5.5548750e+01
   8.1711875e-02   5.0007668e-01   5.4438183e+01
   8.0784375e-02   4.9070738e-01   5.2922097e+01
   7.9683300e-02   4.8405315e-01   5.0996100e+01
   7.8837500e-02   4.6806950e-01   4.8725783e+01
   7.6591425e-02   4.4228228e-01   4.6129423e+01
   6.8207100e-02   4.0443313e-01   4.2668967e+01
   5.7741950e-02   3.4732000e-01   3.7154137e+01
   4.5913900e-02   2.7764915e-01   3.0078053e+01
   3.6117900e-02   2.1326760e-01   2.3721957e+01
   2.7150400e-02   1.7265958e-01   1.9565560e+01
   2.0993750e-02   1.5241462e-01   1.7664710e+01
   1.9568450e-02   1.4155900e-01   1.6897073e+01
   1.8498375e-02   1.4017657e-01   1.7194507e+01
   1.8185625e-02   1.4346438e-01   1.8087790e+01
   1.5565875e-02   1.3689988e-01   1.7465123e+01
   1.3472500e-02   1.2600750e-01   1.6527150e+01
   1.3414700e-02   1.2901785e-01   1.7179820e+01
   1.4491975e-02   1.4766147e-01   1.9549833e+01
   1.8585600e-02   1.7424000e-01   2.3137053e+01
   2.2608800e-02   2.0501200e-01   2.7021917e+01
   2.6586000e-02   2.3167800e-01   3.0453743e+01
   3.2785950e-02   2.5098210e-01   3.2964360e+01
   3.5610750e-02   2.6314470e-01   3.4582800e+01
   3.6013675e-02   2.7028820e-01   3.5415823e+01
   3.9463200e-02   2.7587700e-01   3.5844297e+01
   4.0350800e-02   2.8317615e-01   3.6391477e+01
   4.2046350e-02   2.9503710e-01   3.7554523e+01
   4.4915200e-02   3.0528300e-01   3.8630597e+01
   4.5139250e-02   3.0555800e-01   3.8679747e+01
   4.7398575e-02   3.0065227e-01   3.8339820e+01
   4.8713100e-02   3.0222705e-01   3.8430947e+01
   4.8468150e-02   3.0412058e-01   3.8740057e+01
   4.6066600e-02   3.0586868e-01   3.9204347e+01
   4.8222000e-02   3.1243838e-01   3.9860257e+01
   5.2931100e-02   3.1592210e-01   4.0453370e+01
   5.3162200e-02   3.2128460e-01   4.0876463e+01
   5.3623900e-02   3.2599407e-01   4.1240187e+01
   5.3903425e-02   3.2374333e-01   4.1520037e+01
   5.2119200e-02   3.1780000e-01   4.1725603e+01
   5.0168000e-02   3.1323645e-01   4.1733897e+01
   4.8360000e-02   3.0752000e-01   4.1523483e+01
   4.7158650e-02   2.9979427e-01   4.1222470e+01
   4.6763500e-02   2.9295070e-01   4.0803930e+01
   4.4835000e-02   2.8544950e-01   4.0192837e+01
   4.1739525e-02   2.7441518e-01   3.9045063e+01
   3.9406500e-02   2.6154240e-01   3.7435603e+01
   3.7716250e-02   2.4950750e-01   3.5920087e+01
   3.6152550e-02   2.4359932e-01   3.5415327e+01
   3.8307800e-02   2.4702898e-01   3.5936933e+01
   3.8284650e-02   2.4857280e-01   3.6323977e+01
   3.6797625e-02   2.4831582e-01   3.6402937e+01
   3.7906900e-02   2.4799655e-01   3.6517123e+01
   3.9343050e-02   2.4752250e-01   3.6521737e+01
   3.9928200e-02   2.4571200e-01   3.6162010e+01
   4.0520000e-02   2.4210700e-01   3.5436417e+01
   3.8569300e-02   2.3642480e-01   3.4447083e+01
   3.5517625e-02   2.2701475e-01   3.3207657e+01
   3.2631550e-02   2.1639870e-01   3.1723637e+01
   2.9882850e-02   2.0286325e-01   3.0113127e+01
   2.6669500e-02   1.8862610e-01   2.8637253e+01
   2.4399075e-02   1.7755762e-01   2.7296780e+01
   2.2116800e-02   1.6563560e-01   2.5907817e+01
   1.9162000e-02   1.4898455e-01   2.3692880e+01
   1.5754200e-02   1.2913670e-01   2.0892960e+01
   1.4039050e-02   1.1540575e-01   1.9035323e+01
   1.3232800e-02   1.0633500e-01   1.7854487e+01
   1.2135500e-02   9.2883250e-02   1.5763867e+01
   8.1051250e-03   7.2019825e-02   1.2305877e+01
   4.3975500e-03   5.1381900e-02   8.7246647e+00
   3.4848750e-03   3.6939675e-02   6.1946617e+00
   2.5808750e-03   2.7216500e-02   4.7179513e+00
   2.5984750e-03   2.1968925e-02   3.7690007e+00
   1.6528750e-03   1.8181625e-02   3.0598240e+00
   1.6619750e-03   1.5907475e-02   2.5097033e+00
   2.3795000e-03   1.5228800e-02   2.0500000e+00
   1.9016000e-03   1.1885000e-02   1.6791707e+00
   1.4311500e-03   1.0972150e-02   1.4300610e+00
   2.3912500e-03   1.1238875e-02   1.2758927e+00
   3.3673500e-03   1.0823625e-02   1.1868900e+00
   3.3848500e-03   1.1846975e-02   1.1769617e+00
   3.6345000e-03   1.2357300e-02   1.2061000e+00
   3.1528250e-03   1.4308975e-02   1.2411680e+00
   4.1042250e-03   1.5692625e-02   1.2523777e+00
   5.7672000e-03   1.5379200e-02   1.2297753e+00
   3.8460000e-03   1.4182125e-02   1.2601653e+00
   2.4022500e-03   1.2731925e-02   1.3364400e+00
   4.0392000e-03   1.1404800e-02   1.4109073e+00
   3.5358750e-03   9.9004500e-03   1.5651073e+00
   1.4178000e-03   1.0869800e-02   1.8643683e+00
   1.8902000e-03   1.3467675e-02   2.1444560e+00
   1.1778750e-03   1.3427775e-02   2.3356813e+00
   7.0575000e-04   1.3174000e-02   2.4599270e+00
   9.3900000e-04   1.4319750e-02   2.5871303e+00
   1.1676250e-03   1.5879700e-02   2.9304123e+00
   1.3980000e-03   1.7475000e-02   3.4485383e+00
   1.6341500e-03   2.2411200e-02   4.1959217e+00
   3.0368000e-03   2.9433600e-02   5.4122160e+00
   3.4987500e-03   3.3821250e-02   6.5704067e+00
   4.6590000e-03   3.4476600e-02   7.0072233e+00
   4.2016500e-03   3.3846625e-02   6.6201050e+00
   1.8688000e-03   3.0601600e-02   5.9772493e+00
   3.0264000e-03   3.0031200e-02   6.0904230e+00
   2.3292500e-03   3.4472900e-02   6.6878363e+00
   2.3352500e-03   3.7130475e-02   7.3472883e+00
   3.0329000e-03   4.0594200e-02   8.1354437e+00
   3.9546250e-03   4.7455500e-02   9.3572483e+00
   6.2781750e-03   5.6736100e-02   1.1147397e+01
   7.4608000e-03   6.6214600e-02   1.3074380e+01
   9.5755500e-03   7.5203100e-02   1.4777060e+01
   1.0513125e-02   8.1301500e-02   1.5954067e+01
   1.1453750e-02   8.6955000e-02   1.6989353e+01
   1.1677500e-02   9.4120650e-02   1.8285903e+01
   1.2837000e-02   9.9195000e-02   1.9478197e+01
   1.4719950e-02   1.0350695e-01   2.0312233e+01
   1.5208375e-02   1.0786247e-01   2.1092217e+01
   1.5174250e-02   1.0972150e-01   2.1834937e+01
   1.5590900e-02   1.1169600e-01   2.2393827e+01
   1.6930525e-02   1.1271555e-01   2.2791097e+01
   1.6848000e-02   1.1349000e-01   2.3095643e+01
   1.7962175e-02   1.1547112e-01   2.3318663e+01
   1.7955600e-02   1.1579060e-01   2.3489440e+01
   1.7677275e-02   1.1524665e-01   2.3642980e+01
   1.8476100e-02   1.1427810e-01   2.3666270e+01
   1.8033725e-02   1.1276785e-01   2.3602260e+01
   1.7092500e-02   1.1235470e-01   2.3518323e+01
   1.6996875e-02   1.1195275e-01   2.3393380e+01
   1.7684550e-02   1.0996163e-01   2.3178547e+01
   1.6781350e-02   1.0703780e-01   2.2743000e+01
   1.5895250e-02   1.0400035e-01   2.2112680e+01
   1.5895250e-02   1.0150253e-01   2.1607643e+01
   1.5038100e-02   1.0002615e-01   2.1412583e+01
   1.5003450e-02   9.9795675e-02   2.1546620e+01
   1.4678625e-02   9.9814650e-02   2.1661577e+01
   1.3345800e-02   9.9301800e-02   2.1599050e+01
   1.4492800e-02   9.9411550e-02   2.1544337e+01
   1.4258475e-02   9.8677700e-02   2.1393507e+01
   1.3714325e-02   9.5550625e-02   2.1060177e+01
   1.5296600e-02   9.2904350e-02   2.0717043e+01
   1.5631950e-02   9.1979300e-02   2.0535367e+01
   1.4727375e-02   9.1309725e-02   2.0531393e+01
   1.4560000e-02   9.2365000e-02   2.0646867e+01
   1.4656000e-02   9.3432000e-02   2.0704300e+01
   1.4204200e-02   9.4389200e-02   2.0745747e+01
   1.3764000e-02   9.4971600e-02   2.0838340e+01
   1.4950000e-02   9.3840000e-02   2.0801443e+01
   1.4801600e-02   9.3203825e-02   2.0591357e+01
   1.3273875e-02   9.1287000e-02   2.0270533e+01
   1.3785350e-02   8.8787000e-02   1.9933787e+01
   1.4597900e-02   8.8293750e-02   1.9737160e+01
   1.4655250e-02   8.8167875e-02   1.9663253e+01
   1.5014475e-02   8.7941925e-02   1.9516000e+01
   1.4482500e-02   8.7860500e-02   1.9396153e+01
   1.3209625e-02   8.7183525e-02   1.9414030e+01
   1.2611350e-02   8.4710200e-02   1.9263750e+01
   1.2604725e-02   8.2287450e-02   1.8962447e+01
   1.2946500e-02   8.0556000e-02   1.8775393e+01
   1.1141200e-02   7.9441600e-02   1.8705560e+01
   1.0232250e-02   7.8934500e-02   1.8527417e+01
   1.1536150e-02   7.8789450e-02   1.8314560e+01
   1.2633975e-02   7.8281100e-02   1.8213323e+01
   1.3348800e-02   7.7373600e-02   1.8070123e+01
   1.2293750e-02   7.5975375e-02   1.7855717e+01
   1.2267500e-02   7.3850350e-02   1.7652007e+01
   1.2754300e-02   7.2110850e-02   1.7457927e+01
   1.1112750e-02   7.2603300e-02   1.7279947e+01
   1.0677975e-02   7.2262575e-02   1.7055653e+01
   1.1490800e-02   7.0443600e-02   1.6705450e+01
   1.0855350e-02   6.8918850e-02   1.6432873e+01
   1.0674300e-02   6.8366350e-02   1.6345243e+01
   1.1503125e-02   6.7996250e-02   1.6176427e+01
   1.1067125e-02   6.5115875e-02   1.5714003e+01
   1.0691775e-02   6.4411425e-02   1.5316153e+01
   1.1374575e-02   6.5602200e-02   1.5077103e+01
   9.8669750e-03   6.1601925e-02   1.4712957e+01
   9.1205000e-03   5.7405500e-02   1.4312333e+01
   8.0595000e-03   5.7759750e-02   1.4044377e+01
   6.4668000e-03   5.7392850e-02   1.3757353e+01
   6.7362500e-03   5.5776150e-02   1.3466330e+01
   6.7537500e-03   5.5650900e-02   1.3366823e+01
   7.8474000e-03   5.4661200e-02   1.3218633e+01
   7.3284750e-03   5.2113600e-02   1.2941343e+01
   6.0560500e-03   5.0925875e-02   1.2630447e+01
   6.1176500e-03   4.8385050e-02   1.2124013e+01
   5.8275000e-03   4.6620000e-02   1.1646020e+01
   6.1017000e-03   4.2989250e-02   1.1239600e+01
   5.8805250e-03   4.0323600e-02   1.0551743e+01
   4.2138750e-03   3.9048575e-02   9.6937237e+00
   3.6721750e-03   3.6439275e-02   8.9236397e+00
   4.2847500e-03   3.2849750e-02   8.2690213e+00
   3.7446500e-03   3.0533300e-02   7.6813583e+00
   2.3298000e-03   2.6210250e-02   6.8592717e+00
   8.8020000e-04   2.2298400e-02   5.8846993e+00
   2.3610000e-03   1.8888000e-02   4.9181060e+00
   2.9707500e-03   1.4556675e-02   3.9379180e+00
   1.4932500e-03   1.2244650e-02   3.1096297e+00
   0.0000000e+00   8.9925000e-03   2.5034857e+00
   0.0000000e+00   6.8724000e-03   2.0084243e+00
   0.0000000e+00   6.2601000e-03   1.5916460e+00
   0.0000000e+00   6.3273000e-03   1.2573520e+00
   0.0000000e+00   6.4165500e-03   1.0198980e+00
  -6.0760000e-04   4.5570000e-03   8.4805890e-01
  -5.9970000e-04   3.2983500e-03   7.1923927e-01
  -2.9890000e-04   2.0923000e-03   6.3112933e-01
   5.9920000e-04   1.1984000e-03   5.6560920e-01
   1.2082000e-03   1.5102500e-03   5.2047893e-01
   6.0775000e-04   2.1271250e-03   4.7910957e-01
   3.0042500e-04   9.0127500e-04   4.5485440e-01
   1.1949000e-03   1.1949000e-03   4.3711750e-01
   1.4997500e-03   1.1998000e-03   4.1879520e-01
   6.0385000e-04   9.0577500e-04   4.0134690e-01
   0.0000000e+00   1.2143000e-03   3.7847593e-01
   0.0000000e+00   9.0997500e-04   3.7200353e-01
   3.0630000e-04   9.1890000e-04   3.6696733e-01
   6.1785000e-04   9.2677500e-04   3.6178760e-01
   0.0000000e+00   1.2393000e-03   3.4803080e-01
   0.0000000e+00   3.0890000e-04   3.3351120e-01
   0.0000000e+00  -6.1420000e-04   3.3591763e-01
   9.2137500e-04   6.1425000e-04   3.3471317e-01
   6.1085000e-04   2.4434000e-03   3.3112667e-01
  -6.0840000e-04   9.1260000e-04   3.2701343e-01
  -9.0675000e-04   6.0450000e-04   3.2708567e-01
   0.0000000e+00   1.2006000e-03   3.2648373e-01
   6.0180000e-04   1.5045000e-03   3.4528360e-01
   3.0482500e-04   2.1337750e-03   3.5621250e-01
  -1.8354000e-03   9.1770000e-04   3.4175460e-01
