   1.6817859e-03
   7.7468791e-04
   1.3208664e-03
   1.4315422e-03
   6.2312828e-04
   8.2281679e-04
  -3.9879557e-05
   9.0129565e-04
   7.6364443e-04
   1.4461080e-03
   7.1980274e-04
   5.8273598e-04
   1.7238055e-03
   1.0792053e-03
   1.5147709e-03
   2.0653844e-03
   2.4895321e-03
   2.9973592e-03
   3.1639788e-03
   3.6939461e-03
   4.4086469e-03
   3.7911179e-03
   4.4722236e-03
   4.8079833e-03
   5.3702174e-03
   5.1898946e-03
   5.3943033e-03
   5.7636783e-03
   5.8336281e-03
   6.0211781e-03
   5.6949869e-03
   6.1543029e-03
   6.2608665e-03
   6.3282075e-03
   6.3648974e-03
   6.4288995e-03
   6.2197268e-03
   6.5059647e-03
   6.6511192e-03
   6.6051917e-03
   6.4108041e-03
   6.8818620e-03
   7.0869893e-03
   7.1875760e-03
   7.0604664e-03
   7.2758506e-03
   6.2288546e-03
   6.1564508e-03
   6.3580015e-03
   6.4235112e-03
   6.5694797e-03
   6.5468812e-03
   6.8124164e-03
   6.7656509e-03
   6.8525868e-03
   6.9328293e-03
   6.7617144e-03
   6.9134946e-03
   6.8848201e-03
   6.8473492e-03
   6.8797708e-03
   6.9112569e-03
   6.9286962e-03
   6.9703747e-03
   7.0231829e-03
   7.0004712e-03
   7.0179919e-03
   7.0661574e-03
   7.0302754e-03
   7.0039230e-03
   7.0188001e-03
   7.0634446e-03
   7.0170586e-03
   7.0047048e-03
   6.9894347e-03
   6.9999807e-03
   6.8406249e-03
   6.8318240e-03
   6.7696368e-03
   6.7794511e-03
   6.6561971e-03
   6.6074984e-03
   6.4955785e-03
   6.3339478e-03
   6.2675449e-03
   6.2237500e-03
   6.1941448e-03
   6.1431490e-03
   6.0993765e-03
   6.0341547e-03
   5.9817637e-03
   5.9567077e-03
   5.8920780e-03
   5.8469393e-03
   5.8092925e-03
   5.7986408e-03
   5.7320740e-03
   5.6946502e-03
   5.5872257e-03
   5.5570647e-03
   5.5416627e-03
   5.5107159e-03
   5.4967528e-03
   5.4391854e-03
   5.4355650e-03
   5.4447627e-03
   5.4507906e-03
   5.4423057e-03
   5.4479736e-03
   5.4363035e-03
   5.4427426e-03
   5.4059313e-03
   5.3868923e-03
   5.3396902e-03
   5.3096378e-03
   5.2606745e-03
   5.2535951e-03
   5.2262053e-03
   5.2142557e-03
   5.1955127e-03
   5.1643949e-03
   5.1733191e-03
   5.1646680e-03
   5.1738633e-03
   5.1796328e-03
   5.1979991e-03
   5.2121599e-03
   5.2433413e-03
   5.2701742e-03
   5.2992767e-03
   5.3227745e-03
   5.3780313e-03
   5.4019603e-03
   5.3801539e-03
   5.3787566e-03
   5.3996223e-03
   5.4243007e-03
   5.4381179e-03
   5.4596779e-03
   5.4839313e-03
   5.5384287e-03
   5.5725725e-03
   5.6237660e-03
   5.6767860e-03
   5.7560802e-03
   5.8313343e-03
   5.9233837e-03
   6.0213700e-03
   6.1289413e-03
   6.2295020e-03
   6.3595733e-03
   6.4845343e-03
   6.6162444e-03
   6.7527559e-03
   6.8922933e-03
   7.0253917e-03
   7.1722783e-03
   7.3194890e-03
   7.4943930e-03
   7.6606163e-03
   7.8222858e-03
   7.9880492e-03
   8.1760769e-03
   8.3781957e-03
   8.5693677e-03
   8.7879718e-03
   9.0196508e-03
   9.2384978e-03
   9.4838121e-03
   9.7060838e-03
   9.9557685e-03
   1.0206082e-02
   1.0443240e-02
   1.0698381e-02
   1.0963411e-02
   1.1227818e-02
   1.1486991e-02
   1.1726629e-02
   1.1965339e-02
   1.2195885e-02
   1.2393914e-02
   1.2559261e-02
   1.2719964e-02
   1.2824665e-02
   1.2897028e-02
   1.2921444e-02
   1.2871871e-02
   1.2810567e-02
   1.2717197e-02
   1.2558683e-02
   1.2389132e-02
   1.2210518e-02
   1.1977132e-02
   1.1735683e-02
   1.1470082e-02
   1.1203021e-02
   1.0926389e-02
   1.0637984e-02
   1.0377101e-02
   1.0117809e-02
   9.9063844e-03
   9.7252678e-03
   9.5595148e-03
   9.3833816e-03
   9.1973735e-03
   8.9676448e-03
   8.7575918e-03
   8.5623702e-03
   8.4096819e-03
   8.2822882e-03
   8.1684107e-03
   8.0796045e-03
   7.9833629e-03
   7.8657172e-03
   7.7281445e-03
   7.6002700e-03
   7.4726789e-03
   7.3475505e-03
   7.2311802e-03
   7.1160214e-03
   7.0394269e-03
   6.9706394e-03
   6.9132508e-03
   6.8414160e-03
   6.7387188e-03
   6.6697713e-03
   6.5881198e-03
   6.4922049e-03
   6.4081130e-03
   6.3252204e-03
   6.2435893e-03
   6.1771008e-03
   6.1467188e-03
   6.1256142e-03
   6.1124768e-03
   6.1476291e-03
   6.1746923e-03
   6.1815518e-03
   6.1943550e-03
   6.1699504e-03
   6.1230748e-03
   6.0502465e-03
   5.9206272e-03
   5.7400608e-03
   5.5114297e-03
   5.2203770e-03
   4.9270808e-03
   4.6567697e-03
   4.3880880e-03
   4.1367625e-03
   3.8529913e-03
   3.5724734e-03
   3.4111904e-03
   3.3169325e-03
   3.2558146e-03
   3.2317510e-03
   3.2653407e-03
   3.3666114e-03
   3.4648391e-03
   3.6004844e-03
   3.7880672e-03
   3.9805644e-03
   4.1864378e-03
   4.4546517e-03
   4.7729030e-03
   5.1081989e-03
   5.4004758e-03
   5.5862626e-03
   5.7735759e-03
   5.9233098e-03
   5.9860492e-03
   6.0018344e-03
   5.9555491e-03
   5.8484201e-03
   5.7016361e-03
   5.5261416e-03
   5.3419974e-03
   5.1305377e-03
   4.9130900e-03
   4.6649436e-03
   4.4047621e-03
   4.1298320e-03
   3.8648012e-03
   3.5807719e-03
   3.2987197e-03
   3.0239106e-03
   2.7485148e-03
   2.4740172e-03
   2.2529447e-03
   2.0574820e-03
   1.8653035e-03
   1.6315002e-03
   1.4375607e-03
   1.2410523e-03
   1.0673519e-03
   8.9585550e-04
   7.5910534e-04
   6.6654128e-04
   5.7046732e-04
   4.9306047e-04
   4.7709993e-04
   4.3924526e-04
   4.5984146e-04
   4.3398791e-04
   4.1449501e-04
   3.8722250e-04
   3.6394016e-04
   3.8094168e-04
   3.5001869e-04
   3.4818212e-04
   3.1984823e-04
   3.0716937e-04
   2.5317243e-04
   2.2256644e-04
   1.9318988e-04
   1.2929263e-04
   5.9290252e-05
   6.9986007e-05
   4.7362833e-05
   8.9214227e-05
   1.4666433e-04
   1.5250593e-04
   1.6919707e-04
   1.6770921e-04
   1.7191898e-04
   1.6961330e-04
   1.8271046e-04
   1.8639072e-04
   1.7376802e-04
   1.9006218e-04
   1.9150912e-04
   1.9336196e-04
   2.1234644e-04
   2.0916430e-04
   2.1806657e-04
   2.2594632e-04
   2.4159799e-04
   2.7837495e-04
   2.7472281e-04
   2.9499323e-04
   2.9449133e-04
   3.1816130e-04
   3.4597584e-04
   3.4051101e-04
   3.5146005e-04
   3.4995607e-04
   3.2177171e-04
   3.6250133e-04
   3.5649505e-04
   3.0472645e-04
   2.8030354e-04
   2.3081330e-04
   2.0314061e-04
   1.2591090e-04
   1.1522573e-04
   9.7591929e-05
   2.9772765e-05
  -7.4168899e-06
  -9.0750499e-05
  -9.1945505e-05
  -2.0811027e-04
  -2.6745241e-04
  -3.8190941e-04
  -3.9699966e-04
  -4.8886384e-04
  -5.3431169e-04
  -5.5818373e-04
  -5.8875818e-04
  -6.1443795e-04
  -5.8031586e-04
  -6.2178418e-04
  -6.6705168e-04
  -6.6337538e-04
  -6.2623487e-04
  -6.8508311e-04
  -6.6393965e-04
  -6.9202992e-04
  -7.2303982e-04
  -7.1673142e-04
  -7.5567615e-04
  -7.3836871e-04
  -7.4818414e-04
  -7.7369436e-04
  -7.9309086e-04
  -7.9775908e-04
  -8.1362952e-04
  -7.9825336e-04
  -8.2571852e-04
  -7.9327718e-04
  -8.4400021e-04
  -8.9581013e-04
  -8.6882427e-04
  -8.5231329e-04
  -9.3185592e-04
  -8.7424797e-04
  -8.9379059e-04
  -9.6715251e-04
  -9.8340037e-04
  -9.9426122e-04
  -1.0120115e-03
  -1.0012546e-03
  -9.7691783e-04
  -1.0810585e-03
  -1.0435469e-03
  -1.0755887e-03
  -1.0679169e-03
  -1.0718238e-03
  -1.1032636e-03
  -1.1791763e-03
  -1.2455528e-03
  -1.2248595e-03
  -1.1882905e-03
  -1.3056460e-03
  -1.2424307e-03
  -1.1582306e-03
  -1.1920877e-03
  -1.2714424e-03
  -1.2709237e-03
  -1.3247467e-03
  -1.3010341e-03
  -1.3012183e-03
  -1.4134628e-03
  -1.4979861e-03
  -1.4532832e-03
  -1.4068068e-03
  -1.4393628e-03
  -1.5386540e-03
  -1.4183603e-03
  -1.4315549e-03
  -1.5175400e-03
  -1.5097199e-03
  -1.6309874e-03
  -1.6136476e-03
  -1.5670665e-03
  -1.6807004e-03
  -1.7660703e-03
  -1.5896118e-03
  -1.5624217e-03
  -1.6131838e-03
  -1.9241494e-03
  -1.9112846e-03
  -1.6747750e-03
  -2.0366505e-03
  -1.7146878e-03
  -1.9182005e-03
  -2.0353576e-03
  -1.3658218e-03
  -1.7197663e-03
  -1.9458718e-03
  -1.9706762e-03
  -1.9025998e-03
  -1.8224699e-03
  -1.8951893e-03
  -1.8710357e-03
  -1.8327154e-03
  -1.6671935e-03
  -1.7490179e-03
  -1.9800742e-03
  -1.7163545e-03
  -1.8733258e-03
  -1.5882110e-03
  -1.7652809e-03
  -1.6611198e-03
  -1.6734625e-03
  -1.6734625e-03
  -1.5887915e-03
  -1.7035249e-03
  -1.6753150e-03
  -1.6729225e-03
  -1.7646000e-03
  -1.7544274e-03
  -1.4743700e-03
  -1.4240981e-03
  -1.8893622e-03
  -1.6061484e-03
  -1.6794615e-03
  -1.6924097e-03
  -1.7162528e-03
  -1.5313744e-03
  -1.6411918e-03
  -1.6735115e-03
  -1.5122854e-03
  -1.7768060e-03
  -1.5543713e-03
  -1.4556944e-03
  -1.6112338e-03
  -1.3875724e-03
  -1.2844492e-03
  -1.2385316e-03
  -1.5314560e-03
  -1.5314369e-03
  -1.0823348e-03
  -8.7926685e-04
  -1.3637992e-03
  -1.7536416e-03
  -2.0130281e-03
  -2.0955310e-03
  -2.0506466e-03
  -1.5413679e-03
  -1.6549750e-03
  -1.7292707e-03
  -1.6999572e-03
  -1.6585127e-03
  -1.6331961e-03
  -1.6604609e-03
  -1.7309074e-03
  -1.8007229e-03
  -1.8433763e-03
  -1.8535409e-03
  -1.8755000e-03
  -1.8973705e-03
  -1.9091107e-03
  -1.9197462e-03
  -1.9427609e-03
  -1.9657365e-03
  -1.9780916e-03
  -1.9691284e-03
  -1.9497121e-03
  -1.9303012e-03
  -1.9198515e-03
  -1.9067682e-03
  -1.8824268e-03
  -1.8580278e-03
  -1.8448659e-03
  -1.8436768e-03
  -1.8410943e-03
  -1.8385037e-03
  -1.8371054e-03
  -1.8356934e-03
  -1.8278985e-03
  -1.7813545e-03
  -1.7243345e-03
  -1.7370667e-03
  -1.7507763e-03
  -1.7950879e-03
  -1.8009540e-03
  -1.7386421e-03
  -1.7090944e-03
  -1.7116220e-03
  -1.6834662e-03
  -1.7571830e-03
  -1.8208160e-03
  -1.8429137e-03
  -1.7660388e-03
  -1.7507628e-03
  -1.7242437e-03
  -1.5089595e-03
  -1.4591639e-03
  -1.6127921e-03
  -1.5841330e-03
  -1.5292902e-03
  -1.6326827e-03
  -1.6640585e-03
  -1.7421996e-03
  -1.7988294e-03
  -2.0171938e-03
  -2.2432878e-03
  -2.2298901e-03
  -2.2006035e-03
  -2.4076971e-03
  -2.3747541e-03
  -2.2401846e-03
  -2.3789367e-03
  -2.2768344e-03
  -2.0899930e-03
  -2.0372968e-03
  -2.1027373e-03
  -2.0422898e-03
  -2.1438093e-03
  -2.0183828e-03
  -1.9792929e-03
  -2.0611244e-03
  -1.9481937e-03
  -1.8860013e-03
  -1.8618365e-03
  -1.9479499e-03
  -1.9042538e-03
  -1.7570632e-03
  -1.8401563e-03
  -1.8906121e-03
  -1.8439662e-03
  -1.8902613e-03
  -1.9613040e-03
  -1.9653456e-03
  -1.9977283e-03
  -2.0292157e-03
  -2.0532508e-03
  -2.0687337e-03
  -2.0171391e-03
  -2.0222117e-03
  -2.1161322e-03
  -2.0433976e-03
  -2.0609959e-03
  -2.1348092e-03
  -2.0608745e-03
  -2.0203334e-03
  -2.0552804e-03
  -2.0199821e-03
  -2.0366657e-03
  -2.0751524e-03
  -2.0207291e-03
  -2.0521233e-03
  -2.1164739e-03
  -2.1570507e-03
  -2.1634075e-03
  -2.1500234e-03
  -2.1611824e-03
  -2.3034224e-03
  -2.3822164e-03
  -2.2196070e-03
  -2.2997195e-03
  -2.4303012e-03
  -2.4520481e-03
  -2.7529644e-03
  -2.7550486e-03
  -2.4500893e-03
  -2.7642081e-03
  -2.7737990e-03
  -2.7819897e-03
  -2.7844419e-03
  -1.2792770e-03
  -1.9882124e-03
  -1.9901484e-03
  -3.8692317e-04
  -2.0444510e-03
  -1.3027518e-03
   1.8635828e-03
   1.0031361e-03
  -6.4643915e-04
  -7.6475565e-04
  -1.5598468e-03
  -1.2489232e-03
  -5.5873217e-04
  -1.5273664e-03
  -2.3514385e-03
  -2.7453497e-03
  -2.7444016e-03
  -2.4696069e-03
  -2.5194794e-03
  -2.3962033e-03
  -2.4576773e-03
  -2.4763653e-03
  -2.3161233e-03
  -2.5823113e-03
  -2.4354259e-03
  -2.4654234e-03
  -2.6170398e-03
  -2.5102607e-03
  -2.4410594e-03
  -2.2394953e-03
  -2.3824588e-03
  -2.4224760e-03
  -2.3296226e-03
  -2.2451457e-03
  -2.3319940e-03
  -2.3559179e-03
  -2.3248360e-03
  -2.4293751e-03
  -2.3969256e-03
  -2.3651905e-03
  -2.3307167e-03
  -2.3310727e-03
  -2.2974736e-03
  -2.3060477e-03
  -2.3476680e-03
  -2.3885783e-03
  -2.3870843e-03
  -2.3084972e-03
  -2.2709054e-03
  -2.2654651e-03
  -2.3352953e-03
  -2.3648096e-03
  -2.2293650e-03
  -2.2221401e-03
  -2.3513722e-03
  -2.4385097e-03
  -2.4386144e-03
  -2.3536974e-03
  -2.3087745e-03
  -2.3476433e-03
  -2.2529528e-03
  -2.2009998e-03
  -2.2891428e-03
  -2.2903219e-03
  -2.3343423e-03
  -2.3348606e-03
  -2.4227679e-03
  -2.3332432e-03
  -2.3279825e-03
  -2.4568606e-03
  -2.4025342e-03
  -2.2527532e-03
  -2.2502251e-03
  -2.2918108e-03
  -2.2335418e-03
  -2.3364085e-03
  -2.4343845e-03
  -2.3786053e-03
  -2.4734551e-03
  -2.5204321e-03
  -2.5181656e-03
  -2.3523080e-03
  -2.1844229e-03
  -2.2918211e-03
  -2.3980150e-03
  -2.3376278e-03
  -2.2771128e-03
  -2.2132573e-03
  -2.4353187e-03
  -2.3070070e-03
  -2.2963387e-03
  -2.4775906e-03
  -2.3472365e-03
  -2.3338173e-03
  -2.3178940e-03
  -2.3063280e-03
  -2.2904701e-03
  -2.3485537e-03
  -2.4195700e-03
  -2.4126076e-03
  -2.4049451e-03
  -2.6470482e-03
  -2.5638007e-03
  -2.4739624e-03
  -2.4640607e-03
  -2.5389650e-03
  -2.6293306e-03
  -2.3292138e-03
  -2.2994447e-03
  -2.4943830e-03
  -2.7248606e-03
  -2.7226825e-03
  -2.7234277e-03
  -2.5542229e-03
  -2.7178250e-03
  -1.7551248e-03
  -1.2026238e-03
  -2.3396180e-03
  -2.7249336e-03
  -2.7310764e-03
  -2.7274512e-03
  -3.6769594e-03
  -2.7478672e-03
  -1.3504894e-03
  -2.7343777e-03
  -2.7178188e-03
  -2.7239402e-03
  -2.7294655e-03
  -2.7699529e-03
  -9.6267523e-05
   5.5346286e-03
   1.5966743e-04
  -2.7071847e-03
  -2.7099027e-03
  -2.7106275e-03
  -2.7116803e-03
  -6.0816812e-03
  -6.2270329e-03
  -6.3709643e-03
  -6.2731117e-03
  -2.6160793e-03
  -2.6661412e-03
  -1.0057285e-02
  -1.3704563e-02
  -2.6661412e-03
   4.1628822e-03
  -2.8062055e-03
  -1.7036363e-02
