   8.2898246e-04
   8.9578559e-04
   1.0564920e-03
   1.4126222e-03
   1.1599344e-03
   1.1758663e-03
   6.1408977e-04
   6.2724055e-04
   9.6345236e-04
   1.4770827e-03
   9.3270350e-04
   1.2789980e-03
   1.7514453e-03
   1.9552943e-03
   2.5255097e-03
   2.9728937e-03
   3.3949676e-03
   4.0090663e-03
   4.3195300e-03
   4.7593297e-03
   5.8789435e-03
   5.0378598e-03
   6.0037332e-03
   6.4675287e-03
   7.2097614e-03
   6.9335942e-03
   7.2686687e-03
   7.7632500e-03
   7.8627695e-03
   8.1338185e-03
   7.6965212e-03
   8.3124797e-03
   8.4474602e-03
   8.5856313e-03
   8.6588476e-03
   8.7588075e-03
   8.5021631e-03
   8.8608739e-03
   9.0350946e-03
   9.0132769e-03
   8.7178831e-03
   9.4036016e-03
   9.6356799e-03
   9.7996422e-03
   9.6670557e-03
   9.9067617e-03
   8.4849163e-03
   8.4101286e-03
   8.6929307e-03
   8.7833843e-03
   8.9563345e-03
   8.9208936e-03
   9.2674289e-03
   9.2146881e-03
   9.3315077e-03
   9.4371739e-03
   9.2047412e-03
   9.3872217e-03
   9.3386391e-03
   9.2680749e-03
   9.3127723e-03
   9.3614575e-03
   9.3718094e-03
   9.4069488e-03
   9.4490292e-03
   9.4104075e-03
   9.4485876e-03
   9.4892578e-03
   9.4511888e-03
   9.4091179e-03
   9.4235848e-03
   9.4723118e-03
   9.3969939e-03
   9.3941343e-03
   9.3350809e-03
   9.3479855e-03
   9.1122733e-03
   9.0826815e-03
   8.9951724e-03
   9.0013595e-03
   8.8775874e-03
   8.8023300e-03
   8.6662531e-03
   8.4489910e-03
   8.3435829e-03
   8.2619915e-03
   8.2189885e-03
   8.1406044e-03
   8.0527356e-03
   7.9573891e-03
   7.8824432e-03
   7.8380174e-03
   7.7550606e-03
   7.6905423e-03
   7.6106354e-03
   7.6201715e-03
   7.5295762e-03
   7.4481335e-03
   7.3097271e-03
   7.2482923e-03
   7.2190842e-03
   7.1470695e-03
   7.1146451e-03
   7.0178234e-03
   6.9900178e-03
   6.9858695e-03
   6.9696677e-03
   6.9510217e-03
   6.9344348e-03
   6.9113665e-03
   6.8967230e-03
   6.8430123e-03
   6.7946287e-03
   6.7330472e-03
   6.6848853e-03
   6.6096515e-03
   6.5773662e-03
   6.5300125e-03
   6.4956177e-03
   6.4566129e-03
   6.4036356e-03
   6.3971082e-03
   6.3710685e-03
   6.3547976e-03
   6.3386079e-03
   6.3438407e-03
   6.3368769e-03
   6.3519154e-03
   6.3713458e-03
   6.3874567e-03
   6.4205986e-03
   6.4818134e-03
   6.4813042e-03
   6.4240478e-03
   6.3974001e-03
   6.4046360e-03
   6.4145836e-03
   6.4159283e-03
   6.4160954e-03
   6.4218143e-03
   6.4646959e-03
   6.4820754e-03
   6.5128340e-03
   6.5428895e-03
   6.6111828e-03
   6.6748330e-03
   6.7594996e-03
   6.8550922e-03
   6.9548934e-03
   7.0463443e-03
   7.1637011e-03
   7.2834286e-03
   7.4055836e-03
   7.5236805e-03
   7.6387412e-03
   7.7657458e-03
   7.8967861e-03
   8.0366910e-03
   8.2000608e-03
   8.3583124e-03
   8.4979969e-03
   8.6584317e-03
   8.8372441e-03
   9.0381600e-03
   9.2194974e-03
   9.4352952e-03
   9.6617865e-03
   9.8739552e-03
   1.0111419e-02
   1.0328314e-02
   1.0571218e-02
   1.0818040e-02
   1.1058614e-02
   1.1322717e-02
   1.1579323e-02
   1.1834051e-02
   1.2090609e-02
   1.2325044e-02
   1.2553935e-02
   1.2776504e-02
   1.2967176e-02
   1.3127533e-02
   1.3273508e-02
   1.3369377e-02
   1.3429755e-02
   1.3441002e-02
   1.3374675e-02
   1.3297565e-02
   1.3186567e-02
   1.3018079e-02
   1.2844517e-02
   1.2655301e-02
   1.2417096e-02
   1.2179266e-02
   1.1909540e-02
   1.1642356e-02
   1.1356656e-02
   1.1043417e-02
   1.0750988e-02
   1.0474989e-02
   1.0251118e-02
   1.0061370e-02
   9.9078845e-03
   9.7375682e-03
   9.5637174e-03
   9.3509007e-03
   9.1482591e-03
   8.9658436e-03
   8.8132128e-03
   8.6866140e-03
   8.5657150e-03
   8.4713536e-03
   8.3693633e-03
   8.2353884e-03
   8.0766620e-03
   7.9353689e-03
   7.7887587e-03
   7.6357552e-03
   7.5089596e-03
   7.3941118e-03
   7.3264534e-03
   7.2774484e-03
   7.2277352e-03
   7.1584156e-03
   7.0577226e-03
   6.9719031e-03
   6.8692959e-03
   6.7768872e-03
   6.6896508e-03
   6.5972196e-03
   6.5063002e-03
   6.4355317e-03
   6.3887883e-03
   6.3614059e-03
   6.3587302e-03
   6.3887086e-03
   6.4049422e-03
   6.4113686e-03
   6.3928663e-03
   6.3688402e-03
   6.3266743e-03
   6.2457506e-03
   6.1095890e-03
   5.9351836e-03
   5.6994092e-03
   5.4028159e-03
   5.1111348e-03
   4.8360695e-03
   4.5642428e-03
   4.3018531e-03
   4.0044655e-03
   3.7053288e-03
   3.5307111e-03
   3.4292446e-03
   3.3679292e-03
   3.3487957e-03
   3.3893633e-03
   3.4663204e-03
   3.5738791e-03
   3.7137889e-03
   3.8926568e-03
   4.0843269e-03
   4.3033403e-03
   4.5529588e-03
   4.8664504e-03
   5.1955791e-03
   5.4781779e-03
   5.6967130e-03
   5.8998352e-03
   6.0509104e-03
   6.1420282e-03
   6.1815369e-03
   6.1357951e-03
   6.0387847e-03
   5.8945399e-03
   5.7190016e-03
   5.5341509e-03
   5.3330104e-03
   5.1106607e-03
   4.8649677e-03
   4.6019616e-03
   4.3272496e-03
   4.0473658e-03
   3.7415262e-03
   3.4293635e-03
   3.0920491e-03
   2.7613506e-03
   2.4833510e-03
   2.2796345e-03
   2.0886904e-03
   1.8662940e-03
   1.6362030e-03
   1.4375076e-03
   1.2431298e-03
   1.0632074e-03
   9.1470043e-04
   8.1775037e-04
   7.3176617e-04
   6.5240389e-04
   5.9749960e-04
   5.7467295e-04
   5.6929267e-04
   5.6506061e-04
   5.5900452e-04
   5.4492228e-04
   5.3025230e-04
   5.0765727e-04
   5.0879665e-04
   4.8523995e-04
   4.6703066e-04
   4.3648082e-04
   4.1010749e-04
   3.5500469e-04
   2.8779770e-04
   2.2883216e-04
   7.6900615e-05
  -5.1861967e-05
  -2.4027065e-05
   3.7566597e-05
   1.2540639e-04
   1.9784056e-04
   2.3523450e-04
   2.6467562e-04
   2.6612481e-04
   2.6553113e-04
   2.6905473e-04
   2.7086178e-04
   2.7173857e-04
   2.5339082e-04
   2.6508355e-04
   2.6847833e-04
   2.7239473e-04
   2.7506960e-04
   2.6837710e-04
   2.6030952e-04
   2.6364136e-04
   2.8245898e-04
   3.1577039e-04
   3.2335560e-04
   3.2652563e-04
   3.3588278e-04
   3.3283326e-04
   3.5725974e-04
   3.7105034e-04
   3.7018684e-04
   3.7831061e-04
   3.7746704e-04
   3.7810654e-04
   3.4735923e-04
   2.9088447e-04
   2.3784738e-04
   1.5970331e-04
   9.7251250e-05
   1.9676118e-05
   7.9492854e-07
  -1.7819587e-05
  -6.2213227e-05
  -1.0218672e-04
  -1.4854930e-04
  -2.1847347e-04
  -2.9615436e-04
  -3.6447423e-04
  -4.3235239e-04
  -4.9939359e-04
  -5.7203783e-04
  -5.9673210e-04
  -6.2971310e-04
  -6.4673960e-04
  -6.5718152e-04
  -6.6199347e-04
  -6.6395172e-04
  -6.8787912e-04
  -7.0036667e-04
  -6.8874907e-04
  -7.1109141e-04
  -7.1015445e-04
  -7.2695953e-04
  -7.4311261e-04
  -7.6673005e-04
  -7.7361753e-04
  -7.8935154e-04
  -8.0820747e-04
  -8.3100538e-04
  -8.2047469e-04
  -8.3001622e-04
  -8.6310520e-04
  -9.0009801e-04
  -8.8947748e-04
  -8.9265321e-04
  -8.9308976e-04
  -9.2551974e-04
  -9.2547389e-04
  -9.6387676e-04
  -9.7732498e-04
  -9.7035002e-04
  -9.7130556e-04
  -1.0136841e-03
  -1.0189699e-03
  -1.0363560e-03
  -1.0781714e-03
  -1.0613125e-03
  -1.0864983e-03
  -1.1279364e-03
  -1.1353259e-03
  -1.1298116e-03
  -1.1791522e-03
  -1.1963550e-03
  -1.2662954e-03
  -1.3345620e-03
  -1.3995225e-03
  -1.4591250e-03
  -1.4747913e-03
  -1.4811525e-03
  -1.4779843e-03
  -1.4937058e-03
  -1.4709289e-03
  -1.4807418e-03
  -1.5211224e-03
  -1.5381877e-03
  -1.5853727e-03
  -1.6296293e-03
  -1.6602808e-03
  -1.7124400e-03
  -1.7378739e-03
  -1.6850912e-03
  -1.7066014e-03
  -1.6945251e-03
  -1.6780541e-03
  -1.6682223e-03
  -1.7054288e-03
  -1.7369637e-03
  -1.7847614e-03
  -1.8259432e-03
  -1.8310395e-03
  -1.9653819e-03
  -2.0590812e-03
  -2.1355212e-03
  -2.0034654e-03
  -2.1585304e-03
  -2.2244724e-03
  -2.1546176e-03
  -2.1763488e-03
  -2.2534627e-03
  -2.2549148e-03
  -2.2466139e-03
  -2.1851205e-03
  -2.1465525e-03
  -2.2089659e-03
  -2.1877679e-03
  -2.1856951e-03
  -2.2419789e-03
  -2.2143160e-03
  -2.2885987e-03
  -2.1560066e-03
  -2.2341562e-03
  -2.1275603e-03
  -2.1184607e-03
  -2.3246941e-03
  -2.0454101e-03
  -2.1822168e-03
  -2.0354563e-03
  -2.0685373e-03
  -2.0443897e-03
  -2.0233265e-03
  -2.0233265e-03
  -2.0592388e-03
  -1.9066406e-03
  -1.9693495e-03
  -1.9746681e-03
  -1.9149556e-03
  -1.9623995e-03
  -1.8850014e-03
  -1.8711078e-03
  -1.9741697e-03
  -1.8950381e-03
  -1.9436628e-03
  -1.9522506e-03
  -1.9077761e-03
  -1.9053114e-03
  -1.8586016e-03
  -1.8448547e-03
  -1.8270852e-03
  -1.8213197e-03
  -1.6543467e-03
  -1.5802734e-03
  -1.8011453e-03
  -1.6487627e-03
  -1.6120917e-03
  -1.5957628e-03
  -1.6735001e-03
  -1.7834923e-03
  -1.5115260e-03
  -1.3885283e-03
  -1.6852070e-03
  -1.8524178e-03
  -1.9546665e-03
  -1.9848658e-03
  -1.9272321e-03
  -1.9064719e-03
  -1.9360921e-03
  -1.9705600e-03
  -1.9890573e-03
  -1.9775496e-03
  -1.9705199e-03
  -1.9738222e-03
  -1.9823545e-03
  -1.9908104e-03
  -1.9959765e-03
  -2.0007519e-03
  -2.0110685e-03
  -2.0213435e-03
  -2.0268594e-03
  -2.0330239e-03
  -2.0463635e-03
  -2.0596804e-03
  -2.0668415e-03
  -2.0673965e-03
  -2.0685979e-03
  -2.0697997e-03
  -2.0704466e-03
  -2.0693318e-03
  -2.0672579e-03
  -2.0651791e-03
  -2.0640576e-03
  -2.0624864e-03
  -2.0590736e-03
  -2.0556502e-03
  -2.0538026e-03
  -2.0477800e-03
  -2.0145316e-03
  -1.9631164e-03
  -1.9777958e-03
  -1.9879198e-03
  -2.0154005e-03
  -2.0110952e-03
  -1.9699245e-03
  -1.9645772e-03
  -1.9547566e-03
  -1.9763224e-03
  -2.0009598e-03
  -2.0338402e-03
  -2.0368386e-03
  -2.0119851e-03
  -2.0094047e-03
  -1.9851051e-03
  -1.9520419e-03
  -1.8981539e-03
  -1.8555275e-03
  -1.9158762e-03
  -1.9584976e-03
  -1.9845272e-03
  -1.9851851e-03
  -2.1178145e-03
  -2.3143404e-03
  -2.3412841e-03
  -2.4204773e-03
  -2.4878867e-03
  -2.6007711e-03
  -2.6739305e-03
  -2.7067030e-03
  -2.7468495e-03
  -2.6845461e-03
  -2.6519105e-03
  -2.6158799e-03
  -2.4943729e-03
  -2.4591733e-03
  -2.4723267e-03
  -2.3891282e-03
  -2.3824492e-03
  -2.3726600e-03
  -2.3302163e-03
  -2.3258613e-03
  -2.2557956e-03
  -2.2248275e-03
  -2.2410751e-03
  -2.3164891e-03
  -2.2822477e-03
  -2.1831840e-03
  -2.1917604e-03
  -2.1926475e-03
  -2.1932132e-03
  -2.2399033e-03
  -2.2853928e-03
  -2.3214840e-03
  -2.3403040e-03
  -2.3369835e-03
  -2.3664834e-03
  -2.4119646e-03
  -2.4277571e-03
  -2.4298509e-03
  -2.4581138e-03
  -2.4128973e-03
  -2.4244735e-03
  -2.4673100e-03
  -2.4396838e-03
  -2.4003030e-03
  -2.3736422e-03
  -2.3348435e-03
  -2.3590584e-03
  -2.4087941e-03
  -2.4495335e-03
  -2.4846452e-03
  -2.5436657e-03
  -2.5799894e-03
  -2.6186409e-03
  -2.6621139e-03
  -2.7153733e-03
  -2.7302789e-03
  -2.7251977e-03
  -2.6956487e-03
  -2.8062989e-03
  -2.9614028e-03
  -2.9038861e-03
  -2.9167620e-03
  -2.7751818e-03
  -2.9259730e-03
  -2.8093455e-03
  -2.3257048e-03
  -2.3491881e-03
  -2.4890007e-03
  -1.6310806e-03
  -6.7237570e-04
  -6.4648296e-04
  -5.1142761e-04
  -1.0021505e-03
  -2.7887413e-04
   1.1339516e-03
  -4.8663463e-04
  -1.7175541e-03
  -6.3252680e-04
  -1.2122025e-03
  -2.7041628e-03
  -2.5893363e-03
  -2.9592297e-03
  -3.1712594e-03
  -3.0976568e-03
  -3.0605733e-03
  -3.0488397e-03
  -3.0685022e-03
  -2.8981881e-03
  -2.9228208e-03
  -2.7873356e-03
  -2.8201670e-03
  -3.1422902e-03
  -2.9554561e-03
  -3.1071367e-03
  -3.1362032e-03
  -3.0803700e-03
  -3.0316587e-03
  -2.8913360e-03
  -2.8835464e-03
  -2.8065254e-03
  -2.7956570e-03
  -2.7807501e-03
  -2.8167107e-03
  -2.7955287e-03
  -2.7299326e-03
  -2.7338209e-03
  -2.7586988e-03
  -2.7569295e-03
  -2.7097110e-03
  -2.7226476e-03
  -2.6823618e-03
  -2.6879365e-03
  -2.7039222e-03
  -2.6702806e-03
  -2.6862121e-03
  -2.7234991e-03
  -2.7238187e-03
  -2.6868492e-03
  -2.7114367e-03
  -2.7304321e-03
  -2.7135535e-03
  -2.7465256e-03
  -2.7519604e-03
  -2.7703279e-03
  -2.8299319e-03
  -2.7753524e-03
  -2.7815386e-03
  -2.7957982e-03
  -2.7079197e-03
  -2.6849838e-03
  -2.7284616e-03
  -2.7409378e-03
  -2.7387909e-03
  -2.7624895e-03
  -2.7867618e-03
  -2.7279432e-03
  -2.7280238e-03
  -2.7917010e-03
  -2.7543070e-03
  -2.7065134e-03
  -2.7009589e-03
  -2.6772322e-03
  -2.7002278e-03
  -2.7659476e-03
  -2.7904231e-03
  -2.7795805e-03
  -2.7540866e-03
  -2.8474297e-03
  -2.8909462e-03
  -2.8139001e-03
  -2.7500685e-03
  -2.7047926e-03
  -2.7546429e-03
  -2.7472122e-03
  -2.7108774e-03
  -2.7993190e-03
  -2.8168345e-03
  -2.7547801e-03
  -2.7817285e-03
  -2.7891092e-03
  -2.7313407e-03
  -2.7373476e-03
  -2.7444009e-03
  -2.6900323e-03
  -2.7715881e-03
  -2.8025716e-03
  -2.8673474e-03
  -2.9719522e-03
  -2.9413767e-03
  -2.9366363e-03
  -2.8478519e-03
  -2.8737534e-03
  -2.9606264e-03
  -2.9349559e-03
  -2.9393269e-03
  -2.8944055e-03
  -2.8799321e-03
  -3.0053540e-03
  -3.0292977e-03
  -2.9211280e-03
  -2.9518307e-03
  -3.0975737e-03
  -3.2872210e-03
  -2.9574320e-03
  -2.6811351e-03
  -2.9586181e-03
  -3.4341052e-03
  -3.4317837e-03
  -3.4387578e-03
  -3.4537498e-03
  -3.4709238e-03
  -4.1748634e-03
  -4.2814593e-03
  -3.9039249e-03
  -2.3546223e-03
  -1.1033657e-03
  -2.1771693e-03
  -2.7516519e-03
  -6.8880694e-04
   1.5691830e-04
  -1.9113353e-03
  -3.4288731e-03
  -3.4184762e-03
  -2.5845867e-03
  -1.7122818e-03
  -3.4336810e-03
  -3.3977447e-03
  -3.3601724e-03
  -6.5741240e-04
  -1.6409972e-03
  -5.2836500e-03
  -6.1825291e-03
  -3.4352697e-03
  -1.7016285e-03
  -2.6110765e-03
  -8.7922579e-03
