   4.2140940e-03
   4.2808971e-03
   4.4416035e-03
   4.7977338e-03
   4.5450459e-03
   4.5609778e-03
   3.9992013e-03
   4.0123521e-03
   4.3485639e-03
   4.8621942e-03
   4.3178150e-03
   4.6641095e-03
   5.1365569e-03
   5.3404058e-03
   5.9106213e-03
   6.3580052e-03
   6.7800792e-03
   7.3941779e-03
   7.7046415e-03
   8.1444412e-03
   9.2640551e-03
   8.4229713e-03
   9.3888448e-03
   9.8526402e-03
   1.0594873e-02
   1.0318706e-02
   1.0653780e-02
   1.1148362e-02
   1.1247881e-02
   1.1518930e-02
   1.1081633e-02
   1.1697591e-02
   1.1832572e-02
   1.1970743e-02
   1.2043959e-02
   1.2143919e-02
   1.1887275e-02
   1.2245985e-02
   1.2420206e-02
   1.2398388e-02
   1.2102995e-02
   1.2788713e-02
   1.3020791e-02
   1.3184754e-02
   1.3052167e-02
   1.3291873e-02
   1.1870028e-02
   1.1795240e-02
   1.2078042e-02
   1.2168496e-02
   1.2341446e-02
   1.2306005e-02
   1.2652540e-02
   1.2599800e-02
   1.2716619e-02
   1.2822285e-02
   1.2589853e-02
   1.2772333e-02
   1.2723751e-02
   1.2653186e-02
   1.2697884e-02
   1.2746569e-02
   1.2756921e-02
   1.2792060e-02
   1.2834141e-02
   1.2795519e-02
   1.2833699e-02
   1.2874369e-02
   1.2836300e-02
   1.2794229e-02
   1.2808696e-02
   1.2857423e-02
   1.2782105e-02
   1.2779246e-02
   1.2720192e-02
   1.2733097e-02
   1.2497385e-02
   1.2467793e-02
   1.2380284e-02
   1.2386471e-02
   1.2262699e-02
   1.2187442e-02
   1.2051365e-02
   1.1834103e-02
   1.1728694e-02
   1.1647103e-02
   1.1604100e-02
   1.1525716e-02
   1.1437847e-02
   1.1342501e-02
   1.1267555e-02
   1.1223129e-02
   1.1140172e-02
   1.1075654e-02
   1.0995747e-02
   1.1005283e-02
   1.0914688e-02
   1.0833245e-02
   1.0694839e-02
   1.0633404e-02
   1.0604196e-02
   1.0532181e-02
   1.0499757e-02
   1.0402935e-02
   1.0375129e-02
   1.0370981e-02
   1.0354779e-02
   1.0336133e-02
   1.0319546e-02
   1.0296478e-02
   1.0281835e-02
   1.0228124e-02
   1.0179740e-02
   1.0118159e-02
   1.0069997e-02
   9.9947631e-03
   9.9624777e-03
   9.9151240e-03
   9.8807292e-03
   9.8417245e-03
   9.7887472e-03
   9.7822197e-03
   9.7561801e-03
   9.7399091e-03
   9.7237194e-03
   9.7289522e-03
   9.7219884e-03
   9.7370269e-03
   9.7564573e-03
   9.7725683e-03
   9.8057101e-03
   9.8669249e-03
   9.8664158e-03
   9.8091594e-03
   9.7825116e-03
   9.7897475e-03
   9.7996951e-03
   9.8010398e-03
   9.8012069e-03
   9.8069258e-03
   9.8498074e-03
   9.8671869e-03
   9.8979455e-03
   9.9280010e-03
   9.9962944e-03
   1.0059945e-02
   1.0144611e-02
   1.0240204e-02
   1.0340005e-02
   1.0431456e-02
   1.0548813e-02
   1.0668540e-02
   1.0790695e-02
   1.0908792e-02
   1.1023853e-02
   1.1150857e-02
   1.1281898e-02
   1.1421803e-02
   1.1585172e-02
   1.1743424e-02
   1.1883108e-02
   1.2043543e-02
   1.2222356e-02
   1.2423272e-02
   1.2604609e-02
   1.2820407e-02
   1.3046898e-02
   1.3259067e-02
   1.3496531e-02
   1.3713425e-02
   1.3956330e-02
   1.4203152e-02
   1.4443725e-02
   1.4707829e-02
   1.4964435e-02
   1.5219162e-02
   1.5475721e-02
   1.5710155e-02
   1.5939047e-02
   1.6161616e-02
   1.6352288e-02
   1.6512645e-02
   1.6658620e-02
   1.6754488e-02
   1.6814866e-02
   1.6826113e-02
   1.6759787e-02
   1.6682676e-02
   1.6571679e-02
   1.6403190e-02
   1.6229628e-02
   1.6040413e-02
   1.5802208e-02
   1.5564377e-02
   1.5294651e-02
   1.5027468e-02
   1.4741768e-02
   1.4428528e-02
   1.4136099e-02
   1.3860101e-02
   1.3636229e-02
   1.3446481e-02
   1.3292996e-02
   1.3122680e-02
   1.2948829e-02
   1.2736012e-02
   1.2533371e-02
   1.2350955e-02
   1.2198324e-02
   1.2071726e-02
   1.1950827e-02
   1.1856465e-02
   1.1754475e-02
   1.1620500e-02
   1.1461774e-02
   1.1320480e-02
   1.1173870e-02
   1.1020867e-02
   1.0894071e-02
   1.0779223e-02
   1.0711565e-02
   1.0662560e-02
   1.0612847e-02
   1.0543527e-02
   1.0442834e-02
   1.0357015e-02
   1.0254407e-02
   1.0161999e-02
   1.0074762e-02
   9.9823311e-03
   9.8914118e-03
   9.8206432e-03
   9.7738998e-03
   9.7465174e-03
   9.7438418e-03
   9.7738202e-03
   9.7900537e-03
   9.7964801e-03
   9.7779778e-03
   9.7539518e-03
   9.7117858e-03
   9.6308622e-03
   9.4947005e-03
   9.3202951e-03
   9.0845208e-03
   8.7879274e-03
   8.4962464e-03
   8.2211810e-03
   7.9493543e-03
   7.6869646e-03
   7.3895770e-03
   7.0904404e-03
   6.9158226e-03
   6.8143561e-03
   6.7530408e-03
   6.7339073e-03
   6.7744749e-03
   6.8514320e-03
   6.9589906e-03
   7.0989004e-03
   7.2777683e-03
   7.4694384e-03
   7.6884518e-03
   7.9380703e-03
   8.2515620e-03
   8.5806907e-03
   8.8632894e-03
   9.0818246e-03
   9.2849467e-03
   9.4360220e-03
   9.5271397e-03
   9.5666484e-03
   9.5209066e-03
   9.4238962e-03
   9.2796514e-03
   9.1041132e-03
   8.9192624e-03
   8.7181219e-03
   8.4957723e-03
   8.2500792e-03
   7.9870731e-03
   7.7123611e-03
   7.4324774e-03
   7.1266378e-03
   6.8144750e-03
   6.4771606e-03
   6.1464621e-03
   5.8684625e-03
   5.6647460e-03
   5.4738019e-03
   5.2514055e-03
   5.0213145e-03
   4.8226192e-03
   4.6282413e-03
   4.4483189e-03
   4.2998120e-03
   4.2028619e-03
   4.1168777e-03
   4.0375154e-03
   3.9826111e-03
   3.9597845e-03
   3.9544042e-03
   3.9501721e-03
   3.9441161e-03
   3.9300338e-03
   3.9153638e-03
   3.8927688e-03
   3.8939082e-03
   3.8703515e-03
   3.8521422e-03
   3.8215924e-03
   3.7952190e-03
   3.7401162e-03
   3.6729092e-03
   3.6139437e-03
   3.4620122e-03
   3.3332496e-03
   3.3610845e-03
   3.4226781e-03
   3.5105179e-03
   3.5829521e-03
   3.6203460e-03
   3.6497872e-03
   3.6512364e-03
   3.6506427e-03
   3.6541663e-03
   3.6559733e-03
   3.6568501e-03
   3.6385024e-03
   3.6501951e-03
   3.6535899e-03
   3.6575063e-03
   3.6601811e-03
   3.6534886e-03
   3.6454211e-03
   3.6487529e-03
   3.6675705e-03
   3.7008819e-03
   3.7084671e-03
   3.7116372e-03
   3.7209943e-03
   3.7179448e-03
   3.7423713e-03
   3.7561619e-03
   3.7552984e-03
   3.7634221e-03
   3.7625786e-03
   3.7632181e-03
   3.7324708e-03
   3.6759960e-03
   3.6229589e-03
   3.5448148e-03
   3.4823628e-03
   3.4047877e-03
   3.3859065e-03
   3.3672919e-03
   3.3228983e-03
   3.2829248e-03
   3.2365622e-03
   3.1666381e-03
   3.0889572e-03
   3.0206373e-03
   2.9527591e-03
   2.8857179e-03
   2.8130737e-03
   2.7883794e-03
   2.7553984e-03
   2.7383719e-03
   2.7279300e-03
   2.7231181e-03
   2.7211598e-03
   2.6972324e-03
   2.6847449e-03
   2.6963625e-03
   2.6740201e-03
   2.6749571e-03
   2.6581520e-03
   2.6419989e-03
   2.6183815e-03
   2.6114940e-03
   2.5957600e-03
   2.5769041e-03
   2.5541062e-03
   2.5646368e-03
   2.5550953e-03
   2.5220063e-03
   2.4850135e-03
   2.4956341e-03
   2.4924583e-03
   2.4920218e-03
   2.4595918e-03
   2.4596376e-03
   2.4212348e-03
   2.4077866e-03
   2.4147615e-03
   2.4138060e-03
   2.3714275e-03
   2.3661416e-03
   2.3487555e-03
   2.3069401e-03
   2.3237990e-03
   2.2986132e-03
   2.2571751e-03
   2.2497856e-03
   2.2553000e-03
   2.2059593e-03
   2.1887565e-03
   2.1188161e-03
   2.0505495e-03
   1.9855890e-03
   1.9259866e-03
   1.9103202e-03
   1.9039590e-03
   1.9071272e-03
   1.8914057e-03
   1.9141826e-03
   1.9043697e-03
   1.8639892e-03
   1.8469239e-03
   1.7997388e-03
   1.7554822e-03
   1.7248307e-03
   1.6726716e-03
   1.6472377e-03
   1.7000203e-03
   1.6785101e-03
   1.6905864e-03
   1.7070575e-03
   1.7168892e-03
   1.6796827e-03
   1.6481478e-03
   1.6003501e-03
   1.5591683e-03
   1.5540721e-03
   1.4197296e-03
   1.3260303e-03
   1.2495903e-03
   1.3816462e-03
   1.2265812e-03
   1.1606392e-03
   1.2304940e-03
   1.2087628e-03
   1.1316488e-03
   1.1301967e-03
   1.1384976e-03
   1.1999910e-03
   1.2385591e-03
   1.1761456e-03
   1.1973437e-03
   1.1994164e-03
   1.1431326e-03
   1.1707955e-03
   1.0965128e-03
   1.2291049e-03
   1.1509554e-03
   1.2575512e-03
   1.2666508e-03
   1.0604175e-03
   1.3397014e-03
   1.2028948e-03
   1.3496552e-03
   1.3165743e-03
   1.3407218e-03
   1.3617850e-03
   1.3617850e-03
   1.3258727e-03
   1.4784709e-03
   1.4157620e-03
   1.4104434e-03
   1.4701559e-03
   1.4227120e-03
   1.5001101e-03
   1.5140038e-03
   1.4109418e-03
   1.4900734e-03
   1.4414488e-03
   1.4328609e-03
   1.4773355e-03
   1.4798002e-03
   1.5265100e-03
   1.5402568e-03
   1.5580263e-03
   1.5637919e-03
   1.7307648e-03
   1.8048382e-03
   1.5839662e-03
   1.7363488e-03
   1.7730199e-03
   1.7893488e-03
   1.7116114e-03
   1.6016193e-03
   1.8735855e-03
   1.9965832e-03
   1.6999046e-03
   1.5326938e-03
   1.4304450e-03
   1.4002458e-03
   1.4578794e-03
   1.4786396e-03
   1.4490195e-03
   1.4145516e-03
   1.3960543e-03
   1.4075619e-03
   1.4145917e-03
   1.4112894e-03
   1.4027570e-03
   1.3943011e-03
   1.3891350e-03
   1.3843596e-03
   1.3740430e-03
   1.3637680e-03
   1.3582522e-03
   1.3520876e-03
   1.3387481e-03
   1.3254312e-03
   1.3182700e-03
   1.3177150e-03
   1.3165136e-03
   1.3153119e-03
   1.3146650e-03
   1.3157798e-03
   1.3178537e-03
   1.3199325e-03
   1.3210540e-03
   1.3226252e-03
   1.3260379e-03
   1.3294613e-03
   1.3313090e-03
   1.3373316e-03
   1.3705799e-03
   1.4219951e-03
   1.4073157e-03
   1.3971918e-03
   1.3697110e-03
   1.3740164e-03
   1.4151870e-03
   1.4205343e-03
   1.4303550e-03
   1.4087892e-03
   1.3841518e-03
   1.3512714e-03
   1.3482730e-03
   1.3731264e-03
   1.3757068e-03
   1.4000064e-03
   1.4330696e-03
   1.4869576e-03
   1.5295840e-03
   1.4692354e-03
   1.4266140e-03
   1.4005843e-03
   1.3999265e-03
   1.2672970e-03
   1.0707711e-03
   1.0438274e-03
   9.6463419e-04
   8.9722484e-04
   7.8434043e-04
   7.1118105e-04
   6.7840849e-04
   6.3826208e-04
   7.0056541e-04
   7.3320108e-04
   7.6923162e-04
   8.9073867e-04
   9.2593822e-04
   9.1278482e-04
   9.9598332e-04
   1.0026623e-03
   1.0124515e-03
   1.0548952e-03
   1.0592503e-03
   1.1293159e-03
   1.1602841e-03
   1.1440365e-03
   1.0686224e-03
   1.1028638e-03
   1.2019275e-03
   1.1933512e-03
   1.1924640e-03
   1.1918984e-03
   1.1452082e-03
   1.0997188e-03
   1.0636275e-03
   1.0448075e-03
   1.0481280e-03
   1.0186282e-03
   9.7314698e-04
   9.5735444e-04
   9.5526060e-04
   9.2699778e-04
   9.7221428e-04
   9.6063800e-04
   9.1780157e-04
   9.4542777e-04
   9.8480854e-04
   1.0114693e-03
   1.0502680e-03
   1.0260531e-03
   9.7631739e-04
   9.3557803e-04
   9.0046634e-04
   8.4144583e-04
   8.0512218e-04
   7.6647064e-04
   7.2299762e-04
   6.6973826e-04
   6.5483262e-04
   6.5991384e-04
   6.8946286e-04
   5.7881260e-04
   4.2370872e-04
   4.8122548e-04
   4.6834951e-04
   6.0992972e-04
   4.5913855e-04
   5.7576601e-04
   1.0594067e-03
   1.0359234e-03
   8.9611087e-04
   1.7540309e-03
   2.7127358e-03
   2.7386286e-03
   2.8736839e-03
   2.3829610e-03
   3.1062374e-03
   4.5190631e-03
   2.8984769e-03
   1.6675574e-03
   2.7525847e-03
   2.1729090e-03
   6.8094872e-04
   7.9577525e-04
   4.2588182e-04
   2.1385213e-04
   2.8745477e-04
   3.2453819e-04
   3.3627183e-04
   3.1660935e-04
   4.8692340e-04
   4.6229078e-04
   5.9777596e-04
   5.6494456e-04
   2.4282130e-04
   4.2965547e-04
   2.7797482e-04
   2.4890837e-04
   3.0474152e-04
   3.5345288e-04
   4.9377554e-04
   5.0156512e-04
   5.7858617e-04
   5.8945455e-04
   6.0436145e-04
   5.6840085e-04
   5.8958283e-04
   6.5517890e-04
   6.5129065e-04
   6.2641272e-04
   6.2818207e-04
   6.7540055e-04
   6.6246394e-04
   7.0274971e-04
   6.9717504e-04
   6.8118933e-04
   7.1483091e-04
   6.9889942e-04
   6.6161247e-04
   6.6129279e-04
   6.9826237e-04
   6.7367484e-04
   6.5467943e-04
   6.7155803e-04
   6.3858589e-04
   6.3315115e-04
   6.1478366e-04
   5.5517968e-04
   6.0975916e-04
   6.0357291e-04
   5.8931336e-04
   6.7719185e-04
   7.0012776e-04
   6.5664993e-04
   6.4417375e-04
   6.4632061e-04
   6.2262208e-04
   5.9834978e-04
   6.5716838e-04
   6.5708775e-04
   5.9341054e-04
   6.3080450e-04
   6.7859814e-04
   6.8415265e-04
   7.0787937e-04
   6.8488371e-04
   6.1916399e-04
   5.9468840e-04
   6.0553099e-04
   6.3102490e-04
   5.3768188e-04
   4.9416535e-04
   5.7121142e-04
   6.3504306e-04
   6.8031896e-04
   6.3046861e-04
   6.3789935e-04
   6.7423412e-04
   5.8579249e-04
   5.6827699e-04
   6.3033146e-04
   6.0338309e-04
   5.9600237e-04
   6.5377089e-04
   6.4776391e-04
   6.4071066e-04
   6.9507920e-04
   6.1352342e-04
   5.8253998e-04
   5.1776414e-04
   4.1315933e-04
   4.4373487e-04
   4.4847519e-04
   5.3725961e-04
   5.1135814e-04
   4.2448511e-04
   4.5015561e-04
   4.4578468e-04
   4.9070605e-04
   5.0517940e-04
   3.7975750e-04
   3.5581382e-04
   4.6398349e-04
   4.3328080e-04
   2.8753784e-04
   9.7890574e-05
   4.2767956e-04
   7.0397641e-04
   4.2649345e-04
  -4.8993678e-05
  -4.6672134e-05
  -5.3646265e-05
  -6.8638258e-05
  -8.5812301e-05
  -7.8975186e-04
  -8.9634774e-04
  -5.1881337e-04
   1.0304892e-03
   2.2817459e-03
   1.2079422e-03
   6.3345959e-04
   2.6963046e-03
   3.5420298e-03
   1.4737762e-03
  -4.3761523e-05
  -3.3364690e-05
   8.0052489e-04
   1.6728298e-03
  -4.8569482e-05
  -1.2633166e-05
   2.4939154e-05
   2.7276991e-03
   1.7441143e-03
  -1.8985385e-03
  -2.7974176e-03
  -5.0158148e-05
   1.6834830e-03
   7.7403504e-04
  -5.4071464e-03
