   1.1330607e-03
   1.2918724e-03
   1.2442179e-03
   1.5639434e-03
   1.8435127e-03
   2.1340531e-03
   1.1695869e-03
   3.9284203e-04
   1.6972588e-03
   1.8516517e-03
   1.1241889e-03
   1.6998501e-03
   2.0804621e-03
   2.9271443e-03
   3.7137433e-03
   3.7939042e-03
   4.7017057e-03
   5.5023185e-03
   5.8142955e-03
   6.3836003e-03
   8.0420465e-03
   6.9490498e-03
   8.2242163e-03
   8.9032162e-03
   9.9668514e-03
   9.5782736e-03
   1.0031045e-02
   1.0785471e-02
   1.0876601e-02
   1.1291350e-02
   1.0705563e-02
   1.1546928e-02
   1.1783813e-02
   1.1987223e-02
   1.2092858e-02
   1.2276285e-02
   1.1909628e-02
   1.2406444e-02
   1.2667409e-02
   1.2616093e-02
   1.2230262e-02
   1.3180569e-02
   1.3526238e-02
   1.3767634e-02
   1.3589268e-02
   1.3898639e-02
   1.1941010e-02
   1.1829767e-02
   1.2245544e-02
   1.2379601e-02
   1.2603401e-02
   1.2559712e-02
   1.3029925e-02
   1.2960084e-02
   1.3128335e-02
   1.3265285e-02
   1.2956070e-02
   1.3185825e-02
   1.3135567e-02
   1.2997762e-02
   1.3085548e-02
   1.3133979e-02
   1.3149904e-02
   1.3171275e-02
   1.3213177e-02
   1.3138928e-02
   1.3205347e-02
   1.3266365e-02
   1.3193117e-02
   1.3158269e-02
   1.3137338e-02
   1.3190048e-02
   1.3085290e-02
   1.3078211e-02
   1.2991238e-02
   1.2990786e-02
   1.2659145e-02
   1.2615671e-02
   1.2485358e-02
   1.2492634e-02
   1.2323458e-02
   1.2218001e-02
   1.2023049e-02
   1.1727150e-02
   1.1584104e-02
   1.1456460e-02
   1.1388213e-02
   1.1277360e-02
   1.1134983e-02
   1.1002911e-02
   1.0888250e-02
   1.0811715e-02
   1.0684219e-02
   1.0593856e-02
   1.0469796e-02
   1.0486468e-02
   1.0357242e-02
   1.0227807e-02
   1.0025939e-02
   9.9225892e-03
   9.8805483e-03
   9.7525595e-03
   9.6987567e-03
   9.5363010e-03
   9.4720689e-03
   9.4499776e-03
   9.4003430e-03
   9.3576390e-03
   9.3135978e-03
   9.2638731e-03
   9.2266657e-03
   9.1450330e-03
   9.0626520e-03
   8.9681218e-03
   8.8977919e-03
   8.7810474e-03
   8.7225122e-03
   8.6427006e-03
   8.5753111e-03
   8.5050923e-03
   8.4220110e-03
   8.3896935e-03
   8.3358267e-03
   8.2824019e-03
   8.2323843e-03
   8.2149187e-03
   8.1732426e-03
   8.1657082e-03
   8.1762630e-03
   8.1720284e-03
   8.2141201e-03
   8.2774064e-03
   8.2382198e-03
   8.1352331e-03
   8.0763094e-03
   8.0623671e-03
   8.0546502e-03
   8.0297279e-03
   8.0031183e-03
   7.9802585e-03
   8.0040707e-03
   7.9924004e-03
   7.9919113e-03
   7.9863238e-03
   8.0369098e-03
   8.0778761e-03
   8.1616070e-03
   8.2397083e-03
   8.3332018e-03
   8.4071095e-03
   8.5133700e-03
   8.6135123e-03
   8.7172689e-03
   8.8174631e-03
   8.8995282e-03
   9.0067069e-03
   9.1164518e-03
   9.2308584e-03
   9.3839897e-03
   9.5245835e-03
   9.6330787e-03
   9.7847804e-03
   9.9463551e-03
   1.0137370e-02
   1.0303816e-02
   1.0510014e-02
   1.0725581e-02
   1.0917636e-02
   1.1142654e-02
   1.1340986e-02
   1.1572984e-02
   1.1811480e-02
   1.2049880e-02
   1.2311293e-02
   1.2564456e-02
   1.2800946e-02
   1.3033276e-02
   1.3263216e-02
   1.3477602e-02
   1.3687449e-02
   1.3859638e-02
   1.4008183e-02
   1.4137276e-02
   1.4213692e-02
   1.4249749e-02
   1.4228733e-02
   1.4139190e-02
   1.4042545e-02
   1.3910333e-02
   1.3718192e-02
   1.3532206e-02
   1.3335309e-02
   1.3091603e-02
   1.2866300e-02
   1.2597245e-02
   1.2327832e-02
   1.2024272e-02
   1.1679546e-02
   1.1343565e-02
   1.1027568e-02
   1.0790372e-02
   1.0587022e-02
   1.0436500e-02
   1.0283564e-02
   1.0126966e-02
   9.9377906e-03
   9.7491881e-03
   9.5882923e-03
   9.4375165e-03
   9.3094524e-03
   9.1836315e-03
   9.0792109e-03
   8.9677872e-03
   8.8203220e-03
   8.6315503e-03
   8.4682204e-03
   8.2997845e-03
   8.1147619e-03
   7.9727032e-03
   7.8485798e-03
   7.7931328e-03
   7.7702709e-03
   7.7232567e-03
   7.6623685e-03
   7.5488754e-03
   7.4532602e-03
   7.3170078e-03
   7.2141320e-03
   7.1233273e-03
   7.0280644e-03
   6.9295538e-03
   6.8505220e-03
   6.7875737e-03
   6.7534923e-03
   6.7560651e-03
   6.7811958e-03
   6.7764525e-03
   6.7668604e-03
   6.7127696e-03
   6.6701436e-03
   6.6289458e-03
   6.5569809e-03
   6.4189913e-03
   6.2464190e-03
   6.0148534e-03
   5.7045477e-03
   5.4220794e-03
   5.1526978e-03
   4.8767571e-03
   4.6066910e-03
   4.2898736e-03
   3.9715323e-03
   3.7860017e-03
   3.6716380e-03
   3.6094136e-03
   3.5817973e-03
   3.6239054e-03
   3.6941400e-03
   3.7995860e-03
   3.9336580e-03
   4.1110357e-03
   4.3017801e-03
   4.5144477e-03
   4.7460483e-03
   5.0225156e-03
   5.3268991e-03
   5.5932832e-03
   5.8332338e-03
   6.0426139e-03
   6.2064740e-03
   6.3129415e-03
   6.3774604e-03
   6.3455960e-03
   6.2444463e-03
   6.1025434e-03
   5.9228618e-03
   5.7478784e-03
   5.5593158e-03
   5.3273235e-03
   5.0994466e-03
   4.8368116e-03
   4.5588115e-03
   4.2665997e-03
   3.9338697e-03
   3.5537349e-03
   3.1330471e-03
   2.7275170e-03
   2.4438654e-03
   2.2562757e-03
   2.0707014e-03
   1.8246973e-03
   1.5826594e-03
   1.3803500e-03
   1.1876763e-03
   1.0199660e-03
   9.1439506e-04
   8.8282010e-04
   8.1459644e-04
   7.4620147e-04
   7.0618626e-04
   7.2303841e-04
   7.4524466e-04
   7.5518294e-04
   7.6337128e-04
   7.4158089e-04
   7.4997718e-04
   7.0972343e-04
   7.2457665e-04
   7.1332188e-04
   6.6979377e-04
   6.5222119e-04
   5.7556958e-04
   4.9620191e-04
   3.8806801e-04
   2.4364524e-04
  -6.1276064e-05
  -2.4685694e-04
  -1.8608703e-04
  -2.9484759e-05
   1.7479019e-04
   2.9050633e-04
   3.6870189e-04
   4.1794202e-04
   4.2682779e-04
   4.2389994e-04
   4.3223149e-04
   4.4249376e-04
   4.2327066e-04
   3.9225398e-04
   4.0730009e-04
   4.0617971e-04
   4.0240524e-04
   3.8502792e-04
   3.6248764e-04
   3.2223484e-04
   3.0726485e-04
   3.4917167e-04
   3.7405650e-04
   3.8778553e-04
   3.7261835e-04
   3.9231313e-04
   3.5710859e-04
   3.6036688e-04
   4.1769729e-04
   3.9050974e-04
   4.0585351e-04
   4.3243545e-04
   4.0233232e-04
   3.4140866e-04
   2.6995495e-04
   1.6204469e-04
  -1.0418112e-05
  -9.9409782e-05
  -1.8636377e-04
  -1.9825126e-04
  -1.9243102e-04
  -1.9765650e-04
  -2.5352860e-04
  -2.8972126e-04
  -3.6625224e-04
  -4.5162296e-04
  -5.0622154e-04
  -5.7973251e-04
  -6.7406831e-04
  -6.6968310e-04
  -7.1157566e-04
  -7.1336075e-04
  -7.2669441e-04
  -7.0413231e-04
  -7.2446049e-04
  -7.2077164e-04
  -6.9841476e-04
  -7.4708763e-04
  -7.3649550e-04
  -7.4591476e-04
  -7.5992034e-04
  -7.9055663e-04
  -7.6741810e-04
  -7.9442838e-04
  -7.7928881e-04
  -8.3709199e-04
  -8.3666170e-04
  -8.5651869e-04
  -8.5387009e-04
  -8.5551065e-04
  -9.0795222e-04
  -9.9101476e-04
  -9.2995975e-04
  -9.5226469e-04
  -9.3369729e-04
  -9.8465224e-04
  -9.4581000e-04
  -1.0304792e-03
  -1.0344439e-03
  -1.0370543e-03
  -1.0439062e-03
  -1.0898801e-03
  -1.1055488e-03
  -1.1342547e-03
  -1.1567753e-03
  -1.1793411e-03
  -1.2127668e-03
  -1.2334012e-03
  -1.2756141e-03
  -1.2550607e-03
  -1.3764318e-03
  -1.3836827e-03
  -1.4818762e-03
  -1.5770677e-03
  -1.6852065e-03
  -1.8220951e-03
  -1.8827973e-03
  -1.8382404e-03
  -1.8634900e-03
  -1.8987209e-03
  -1.8596068e-03
  -1.8957929e-03
  -1.8704255e-03
  -1.9583021e-03
  -2.0052867e-03
  -2.0248706e-03
  -2.0450218e-03
  -2.1014631e-03
  -2.1433190e-03
  -2.0447628e-03
  -2.1218125e-03
  -1.9643150e-03
  -2.0470466e-03
  -1.9989704e-03
  -2.1216514e-03
  -2.1038367e-03
  -2.1730847e-03
  -2.2247001e-03
  -2.2881495e-03
  -2.4580518e-03
  -2.6167915e-03
  -2.8350674e-03
  -2.8137011e-03
  -2.7772457e-03
  -2.9919718e-03
  -2.9369059e-03
  -2.8651540e-03
  -2.8949791e-03
  -2.9724575e-03
  -2.9072864e-03
  -2.7861651e-03
  -3.1796205e-03
  -2.9544310e-03
  -2.9191547e-03
  -2.9354180e-03
  -2.9942030e-03
  -3.1114445e-03
  -3.0497296e-03
  -2.9464940e-03
  -2.9814130e-03
  -2.6346129e-03
  -2.6956116e-03
  -2.9696963e-03
  -2.4436468e-03
  -2.5922729e-03
  -2.6149723e-03
  -2.6612476e-03
  -2.6979598e-03
  -2.3859929e-03
  -2.3859929e-03
  -2.4310477e-03
  -2.1169899e-03
  -2.4791990e-03
  -2.5099188e-03
  -2.4468418e-03
  -2.1749304e-03
  -2.3108852e-03
  -2.3352888e-03
  -2.3334600e-03
  -2.3212757e-03
  -2.3686733e-03
  -2.3770445e-03
  -2.2135502e-03
  -2.1434712e-03
  -2.2467097e-03
  -2.2770930e-03
  -2.1789782e-03
  -2.2438785e-03
  -1.9936792e-03
  -1.8826849e-03
  -2.2936239e-03
  -1.7316223e-03
  -1.9440909e-03
  -2.0386958e-03
  -1.8217682e-03
  -2.1195068e-03
  -2.0872994e-03
  -2.0782734e-03
  -2.2709493e-03
  -1.8344971e-03
  -2.1014881e-03
  -2.2229036e-03
  -1.9703548e-03
  -2.1940093e-03
  -2.2104046e-03
  -2.2341043e-03
  -2.2515282e-03
  -2.2189899e-03
  -2.1991126e-03
  -2.2143017e-03
  -2.2535461e-03
  -2.2924389e-03
  -2.3162000e-03
  -2.3302739e-03
  -2.3606789e-03
  -2.3909616e-03
  -2.4072179e-03
  -2.3795377e-03
  -2.3196401e-03
  -2.2598449e-03
  -2.2276889e-03
  -2.2321484e-03
  -2.2418070e-03
  -2.2514642e-03
  -2.2566631e-03
  -2.2707546e-03
  -2.2969717e-03
  -2.3232508e-03
  -2.3374268e-03
  -2.3310857e-03
  -2.3173143e-03
  -2.3034994e-03
  -2.2960423e-03
  -2.2783833e-03
  -2.1808942e-03
  -2.2463040e-03
  -2.3191565e-03
  -2.2777086e-03
  -2.3070313e-03
  -2.2919324e-03
  -2.3084534e-03
  -2.3271762e-03
  -2.3052964e-03
  -2.3138077e-03
  -2.3256346e-03
  -2.3369563e-03
  -2.3624474e-03
  -2.3731064e-03
  -2.4250470e-03
  -2.3879670e-03
  -2.3601673e-03
  -2.3319295e-03
  -2.2821417e-03
  -2.4090645e-03
  -2.4252442e-03
  -2.5465702e-03
  -2.5863274e-03
  -2.7079859e-03
  -3.1869947e-03
  -3.4225371e-03
  -3.4545225e-03
  -3.2620133e-03
  -3.3227086e-03
  -3.4476155e-03
  -3.4956028e-03
  -3.4774389e-03
  -3.3941502e-03
  -3.4078708e-03
  -3.3000455e-03
  -3.1335963e-03
  -3.1247199e-03
  -3.0899385e-03
  -2.9276762e-03
  -2.8980946e-03
  -2.9692884e-03
  -2.8950973e-03
  -2.8076431e-03
  -2.7968274e-03
  -2.7090637e-03
  -2.7341808e-03
  -2.8388747e-03
  -2.7871098e-03
  -2.6597914e-03
  -2.6307063e-03
  -2.6991238e-03
  -2.6110831e-03
  -2.5887980e-03
  -2.7349100e-03
  -2.7746775e-03
  -2.8117295e-03
  -2.7596468e-03
  -2.7475682e-03
  -2.8625999e-03
  -2.9686102e-03
  -3.0063022e-03
  -2.9684391e-03
  -2.9258659e-03
  -2.9384454e-03
  -2.9714792e-03
  -2.9503640e-03
  -2.9043782e-03
  -2.8044648e-03
  -2.7876317e-03
  -2.8731065e-03
  -2.9723489e-03
  -3.0721651e-03
  -3.0380435e-03
  -3.0606412e-03
  -3.1676813e-03
  -3.3208261e-03
  -3.3285287e-03
  -3.3911930e-03
  -3.5768041e-03
  -3.6228071e-03
  -3.4493228e-03
  -3.4456345e-03
  -3.6208668e-03
  -3.5274136e-03
  -3.5818047e-03
  -3.5701437e-03
  -4.2732542e-03
  -4.2070594e-03
  -2.7292152e-03
  -2.8762632e-03
  -3.9306529e-03
  -2.3714164e-03
   1.0548939e-03
   2.8672628e-04
  -6.2230560e-04
   3.1976022e-05
  -8.2105735e-04
   8.0294271e-04
  -1.6018515e-03
  -3.9062171e-03
  -1.9135441e-03
  -2.1454445e-03
  -3.5390845e-03
  -3.2597307e-03
  -4.1768311e-03
  -4.5759909e-03
  -4.2139847e-03
  -3.9384658e-03
  -4.0272466e-03
  -3.6773455e-03
  -3.7074945e-03
  -3.8574512e-03
  -3.6303690e-03
  -4.0008974e-03
  -4.4075000e-03
  -3.9466216e-03
  -3.8695701e-03
  -4.0533465e-03
  -4.2177506e-03
  -3.9716072e-03
  -3.8162189e-03
  -3.7792517e-03
  -3.6158292e-03
  -3.6260489e-03
  -3.7375165e-03
  -3.6954206e-03
  -3.4620080e-03
  -3.3692021e-03
  -3.4556104e-03
  -3.4089510e-03
  -3.3575383e-03
  -3.3008454e-03
  -3.3060608e-03
  -3.2821911e-03
  -3.3085391e-03
  -3.3184100e-03
  -3.2505604e-03
  -3.2849056e-03
  -3.2820478e-03
  -3.2808068e-03
  -3.3467054e-03
  -3.3648326e-03
  -3.3293173e-03
  -3.3417506e-03
  -3.4531885e-03
  -3.4198766e-03
  -3.3921081e-03
  -3.4697049e-03
  -3.4653817e-03
  -3.4581000e-03
  -3.3614945e-03
  -3.2111421e-03
  -3.2775813e-03
  -3.4084328e-03
  -3.3666295e-03
  -3.3180880e-03
  -3.4088790e-03
  -3.4122977e-03
  -3.3172632e-03
  -3.2986087e-03
  -3.4084366e-03
  -3.4319548e-03
  -3.2692429e-03
  -3.2097288e-03
  -3.2869991e-03
  -3.3634838e-03
  -3.3694870e-03
  -3.4192800e-03
  -3.4522029e-03
  -3.3807689e-03
  -3.4666070e-03
  -3.4484155e-03
  -3.4275371e-03
  -3.4660194e-03
  -3.3506070e-03
  -3.3996381e-03
  -3.4426596e-03
  -3.4274239e-03
  -3.5797294e-03
  -3.5058285e-03
  -3.4192069e-03
  -3.5092334e-03
  -3.4333495e-03
  -3.4151378e-03
  -3.5686205e-03
  -3.5318936e-03
  -3.4332491e-03
  -3.3205920e-03
  -3.4273684e-03
  -3.7103350e-03
  -3.7687887e-03
  -3.6719072e-03
  -3.5816536e-03
  -3.4049550e-03
  -3.5447811e-03
  -3.7678204e-03
  -3.7258429e-03
  -3.6932237e-03
  -3.6591985e-03
  -3.6977305e-03
  -3.9703017e-03
  -3.6666608e-03
  -3.4450715e-03
  -3.7988777e-03
  -4.3765427e-03
  -4.3499779e-03
  -4.0700471e-03
  -3.9436004e-03
  -3.7870419e-03
  -4.5434540e-03
  -4.5301942e-03
  -4.5488183e-03
  -4.5630964e-03
  -5.7778077e-03
  -7.4417436e-03
  -9.5687489e-03
  -8.3123293e-03
  -4.5266261e-03
  -2.2713895e-03
   4.7245769e-04
  -4.5337619e-03
  -4.5350119e-03
  -4.5368028e-03
  -1.5296525e-03
  -4.6290112e-03
  -4.5866991e-03
  -4.5888048e-03
  -4.6374874e-03
  -1.1813788e-02
  -8.2530824e-03
  -4.4977266e-03
  -4.5978504e-03
  -4.6990226e-03
  -4.6499844e-03
  -4.5985589e-03
  -4.5478848e-03
  -4.5452723e-03
  -4.5911028e-03
  -1.1707255e-02
