52301-1-1	
250	0.1060
251	0.1055
252	0.1053
253	0.1051
254	0.1049
255	0.1046
256	0.1048
257	0.1043
258	0.1042
259	0.1040
260	0.1040
261	0.1038
262	0.1034
263	0.1035
264	0.1032
265	0.1031
266	0.1030
267	0.1026
268	0.1027
269	0.1026
270	0.1024
271	0.1023
272	0.1022
273	0.1022
274	0.1020
275	0.1019
276	0.1017
277	0.1019
278	0.1017
279	0.1014
280	0.1013
281	0.1011
282	0.1011
283	0.1011
284	0.1009
285	0.1010
286	0.1007
287	0.1004
288	0.1004
289	0.1003
290	0.1004
291	0.1002
292	0.1001
293	0.1002
294	0.1002
295	0.0999
296	0.0998
297	0.0997
298	0.0997
299	0.0997
300	0.0996
301	0.0996
302	0.0994
303	0.0993
304	0.0992
305	0.0992
306	0.0994
307	0.0992
308	0.0990
309	0.0990
310	0.0989
311	0.0990
312	0.0991
313	0.0990
314	0.0988
315	0.0988
316	0.0988
317	0.0987
318	0.0988
319	0.0993
320	0.0992
321	0.0993
322	0.0993
323	0.0994
324	0.0993
325	0.0992
326	0.0993
327	0.0992
328	0.0992
329	0.0991
330	0.0989
331	0.0991
332	0.0990
333	0.0990
334	0.0989
335	0.0989
336	0.0990
337	0.0990
338	0.0990
339	0.0989
340	0.0989
341	0.0989
342	0.0988
343	0.0986
344	0.0987
345	0.0988
346	0.0988
347	0.0987
348	0.0987
349	0.0987
350	0.0986
351	0.0984
352	0.0984
353	0.0985
354	0.0984
355	0.0984
356	0.0985
357	0.0985
358	0.0983
359	0.0983
360	0.0984
361	0.0984
362	0.0984
363	0.0984
364	0.0984
365	0.0984
366	0.0984
367	0.0986
368	0.0985
369	0.0986
370	0.0986
371	0.0984
372	0.0986
373	0.0988
374	0.0987
375	0.0986
376	0.0986
377	0.0986
378	0.0982
379	0.0977
380	0.0976
381	0.0976
382	0.0979
383	0.0982
384	0.0981
385	0.0983
386	0.0983
387	0.0982
388	0.0983
389	0.0983
390	0.0983
391	0.0983
392	0.0982
393	0.0982
394	0.0983
395	0.0984
396	0.0984
397	0.0984
398	0.0984
399	0.0984
400	0.0984
401	0.0983
402	0.0984
403	0.0983
404	0.0983
405	0.0984
406	0.0984
407	0.0983
408	0.0983
409	0.0984
410	0.0983
411	0.0984
412	0.0985
413	0.0985
414	0.0984
415	0.0985
416	0.0984
417	0.0985
418	0.0984
419	0.0986
420	0.0987
421	0.0986
422	0.0986
423	0.0986
424	0.0987
425	0.0986
426	0.0985
427	0.0986
428	0.0987
429	0.0986
430	0.0986
431	0.0987
432	0.0987
433	0.0988
434	0.0988
435	0.0987
436	0.0987
437	0.0987
438	0.0988
439	0.0988
440	0.0988
441	0.0988
442	0.0988
443	0.0987
444	0.0988
445	0.0988
446	0.0988
447	0.0988
448	0.0988
449	0.0989
450	0.0989
451	0.0989
452	0.0989
453	0.0990
454	0.0989
455	0.0990
456	0.0991
457	0.0990
458	0.0989
459	0.0990
460	0.0991
461	0.0991
462	0.0992
463	0.0991
464	0.0992
465	0.0993
466	0.0993
467	0.0993
468	0.0993
469	0.0994
470	0.0993
471	0.0993
472	0.0994
473	0.0995
474	0.0996
475	0.0996
476	0.0996
477	0.0997
478	0.0996
479	0.0997
480	0.0998
481	0.0998
482	0.0997
483	0.0997
484	0.0997
485	0.0996
486	0.0996
487	0.0996
488	0.0996
489	0.0997
490	0.0997
491	0.0998
492	0.0998
493	0.0999
494	0.0999
495	0.0999
496	0.1000
497	0.0999
498	0.0999
499	0.1000
500	0.0997
501	0.1000
502	0.1000
503	0.1001
504	0.1001
505	0.1002
506	0.1002
507	0.1004
508	0.1003
509	0.1003
510	0.1004
511	0.1004
512	0.1005
513	0.1005
514	0.1004
515	0.1006
516	0.1005
517	0.1005
518	0.1006
519	0.1006
520	0.1007
521	0.1007
522	0.1006
523	0.1007
524	0.1007
525	0.1007
526	0.1009
527	0.1009
528	0.1007
529	0.1008
530	0.1009
531	0.1010
532	0.1010
533	0.1010
534	0.1011
535	0.1009
536	0.1010
537	0.1010
538	0.1012
539	0.1011
540	0.1012
541	0.1011
542	0.1011
543	0.1012
544	0.1011
545	0.1012
546	0.1014
547	0.1012
548	0.1012
549	0.1014
550	0.1015
551	0.1014
552	0.1014
553	0.1014
554	0.1015
555	0.1016
556	0.1016
557	0.1016
558	0.1018
559	0.1016
560	0.1017
561	0.1017
562	0.1017
563	0.1015
564	0.1017
565	0.1016
566	0.1018
567	0.1018
568	0.1018
569	0.1019
570	0.1019
571	0.1020
572	0.1019
573	0.1019
574	0.1020
575	0.1021
576	0.1022
577	0.1022
578	0.1021
579	0.1020
580	0.1021
581	0.1021
582	0.1023
583	0.1023
584	0.1022
585	0.1022
586	0.1023
587	0.1023
588	0.1023
589	0.1023
590	0.1024
591	0.1025
592	0.1026
593	0.1026
594	0.1025
595	0.1025
596	0.1025
597	0.1027
598	0.1027
599	0.1028
600	0.1027
601	0.1027
602	0.1028
603	0.1028
604	0.1028
605	0.1029
606	0.1030
607	0.1029
608	0.1029
609	0.1030
610	0.1030
611	0.1030
612	0.1030
613	0.1030
614	0.1031
615	0.1032
616	0.1033
617	0.1032
618	0.1033
619	0.1032
620	0.1033
621	0.1033
622	0.1032
623	0.1034
624	0.1034
625	0.1033
626	0.1034
627	0.1035
628	0.1034
629	0.1036
630	0.1036
631	0.1036
632	0.1035
633	0.1036
634	0.1036
635	0.1036
636	0.1038
637	0.1038
638	0.1037
639	0.1038
640	0.1039
641	0.1039
642	0.1039
643	0.1039
644	0.1040
645	0.1040
646	0.1040
647	0.1040
648	0.1041
649	0.1041
650	0.1040
651	0.1040
652	0.1040
653	0.1042
654	0.1043
655	0.1043
656	0.1043
657	0.1043
658	0.1043
659	0.1043
660	0.1044
661	0.1043
662	0.1045
663	0.1046
664	0.1045
665	0.1045
666	0.1045
667	0.1046
668	0.1046
669	0.1047
670	0.1047
671	0.1048
672	0.1048
673	0.1047
674	0.1048
675	0.1049
676	0.1049
677	0.1048
678	0.1048
679	0.1049
680	0.1050
681	0.1050
682	0.1050
683	0.1049
684	0.1050
685	0.1052
686	0.1051
687	0.1051
688	0.1052
689	0.1052
690	0.1053
691	0.1053
692	0.1054
693	0.1053
694	0.1054
695	0.1055
696	0.1055
697	0.1056
698	0.1057
699	0.1056
700	0.1056
701	0.1056
702	0.1056
703	0.1056
704	0.1056
705	0.1058
706	0.1058
707	0.1058
708	0.1058
709	0.1059
710	0.1060
711	0.1060
712	0.1059
713	0.1059
714	0.1059
715	0.1060
716	0.1060
717	0.1060
718	0.1061
719	0.1060
720	0.1061
721	0.1062
722	0.1061
723	0.1062
724	0.1063
725	0.1062
726	0.1062
727	0.1063
728	0.1063
729	0.1063
730	0.1063
731	0.1064
732	0.1065
733	0.1065
734	0.1065
735	0.1066
736	0.1067
737	0.1066
738	0.1066
739	0.1067
740	0.1068
741	0.1068
742	0.1067
743	0.1067
744	0.1068
745	0.1069
746	0.1068
747	0.1069
748	0.1069
749	0.1069
750	0.1070
751	0.1070
752	0.1069
753	0.1071
754	0.1071
755	0.1072
756	0.1071
757	0.1071
758	0.1071
759	0.1071
760	0.1073
761	0.1073
762	0.1073
763	0.1075
764	0.1074
765	0.1074
766	0.1073
767	0.1073
768	0.1075
769	0.1075
770	0.1075
771	0.1077
772	0.1077
773	0.1076
774	0.1077
775	0.1076
776	0.1078
777	0.1077
778	0.1077
779	0.1077
780	0.1078
781	0.1079
782	0.1079
783	0.1080
784	0.1078
785	0.1080
786	0.1079
787	0.1079
788	0.1081
789	0.1081
790	0.1080
791	0.1082
792	0.1082
793	0.1083
794	0.1082
795	0.1081
796	0.1081
797	0.1083
798	0.1084
799	0.1084
800	0.1084
801	0.1084
802	0.1085
803	0.1085
804	0.1085
805	0.1085
806	0.1086
807	0.1085
808	0.1085
809	0.1086
810	0.1086
811	0.1087
812	0.1085
813	0.1088
814	0.1088
815	0.1089
816	0.1088
817	0.1089
818	0.1091
819	0.1090
820	0.1091
821	0.1089
822	0.1092
823	0.1094
824	0.1093
825	0.1093
826	0.1092
827	0.1095
828	0.1093
829	0.1093
830	0.1095
831	0.1097
832	0.1095
833	0.1092
834	0.1095
835	0.1099
836	0.1097
837	0.1098
838	0.1094
839	0.1097
840	0.1095
841	0.1095
842	0.1092
843	0.1100
844	0.1097
845	0.1096
846	0.1098
847	0.1102
848	0.1100
849	0.1101
850	0.1100
851	0.1101
852	0.1100
853	0.1106
854	0.1105
855	0.1103
856	0.1106
857	0.1105
858	0.1099
859	0.1109
860	0.1243
861	0.1264
862	0.1194
863	0.1242
864	0.1315
865	0.1195
866	0.1165
867	0.1211
868	0.1151
869	0.1158
870	0.1268
871	0.1172
872	0.1209
873	0.1149
874	0.1159
875	0.1203
876	0.1210
877	0.1208
878	0.1194
879	0.1217
880	0.1186
881	0.1154
882	0.1211
883	0.1181
884	0.1138
885	0.1163
886	0.1083
887	0.1155
888	0.1186
889	0.1158
890	0.1184
891	0.1169
892	0.1197
893	0.1168
894	0.1168
895	0.1211
896	0.1154
897	0.1160
898	0.1142
899	0.1165
900	0.1168
901	0.1140
902	0.1135
903	0.1161
904	0.1149
905	0.1132
906	0.1137
907	0.1152
908	0.1145
909	0.1138
910	0.1165
911	0.1158
912	0.1167
913	0.1141
914	0.1141
915	0.1119
916	0.1119
917	0.1140
918	0.1183
919	0.1159
920	0.1145
921	0.1145
922	0.1151
923	0.1154
924	0.1149
925	0.1144
926	0.1147
927	0.1136
928	0.1145
929	0.1166
930	0.1158
931	0.1151
932	0.1146
933	0.1140
934	0.1142
935	0.1134
936	0.1142
937	0.1146
938	0.1150
939	0.1157
940	0.1152
941	0.1157
942	0.1148
943	0.1165
944	0.1169
945	0.1153
946	0.1147
947	0.1157
948	0.1146
949	0.1148
950	0.1144
951	0.1135
952	0.1151
953	0.1161
954	0.1155
955	0.1152
956	0.1148
957	0.1145
958	0.1149
959	0.1154
960	0.1148
961	0.1154
962	0.1157
963	0.1156
964	0.1158
965	0.1154
966	0.1155
967	0.1161
968	0.1153
969	0.1153
970	0.1156
971	0.1159
972	0.1159
973	0.1156
974	0.1155
975	0.1154
976	0.1156
977	0.1159
978	0.1160
979	0.1158
980	0.1158
981	0.1156
982	0.1149
983	0.1148
984	0.1151
985	0.1152
986	0.1153
987	0.1159
988	0.1158
989	0.1155
990	0.1161
991	0.1158
992	0.1154
993	0.1156
994	0.1157
995	0.1157
996	0.1161
997	0.1162
998	0.1158
999	0.1163
1000	0.1161
1001	0.1154
1002	0.1160
1003	0.1166
1004	0.1162
1005	0.1159
1006	0.1161
1007	0.1160
1008	0.1167
1009	0.1167
1010	0.1167
1011	0.1166
1012	0.1163
1013	0.1167
1014	0.1167
1015	0.1167
1016	0.1168
1017	0.1166
1018	0.1163
1019	0.1166
1020	0.1165
1021	0.1163
1022	0.1163
1023	0.1162
1024	0.1158
1025	0.1161
1026	0.1166
1027	0.1168
1028	0.1168
1029	0.1165
1030	0.1169
1031	0.1176
1032	0.1172
1033	0.1170
1034	0.1167
1035	0.1170
1036	0.1174
1037	0.1178
1038	0.1176
1039	0.1173
1040	0.1172
1041	0.1172
1042	0.1175
1043	0.1176
1044	0.1173
1045	0.1172
1046	0.1175
1047	0.1170
1048	0.1169
1049	0.1176
1050	0.1177
1051	0.1172
1052	0.1172
1053	0.1175
1054	0.1175
1055	0.1173
1056	0.1177
1057	0.1177
1058	0.1175
1059	0.1174
1060	0.1175
1061	0.1175
1062	0.1180
1063	0.1183
1064	0.1175
1065	0.1179
1066	0.1178
1067	0.1181
1068	0.1182
1069	0.1180
1070	0.1179
1071	0.1181
1072	0.1184
1073	0.1182
1074	0.1183
1075	0.1184
1076	0.1184
1077	0.1185
1078	0.1186
1079	0.1188
1080	0.1186
1081	0.1182
1082	0.1184
1083	0.1183
1084	0.1182
1085	0.1185
1086	0.1182
1087	0.1187
1088	0.1188
1089	0.1183
1090	0.1187
1091	0.1188
1092	0.1186
1093	0.1182
1094	0.1184
1095	0.1186
1096	0.1188
1097	0.1190
1098	0.1191
1099	0.1187
1100	0.1184
1101	0.1189
1102	0.1188
1103	0.1188
1104	0.1187
1105	0.1189
1106	0.1184
1107	0.1186
1108	0.1189
1109	0.1192
1110	0.1193
1111	0.1191
1112	0.1187
1113	0.1192
1114	0.1193
1115	0.1196
1116	0.1194
1117	0.1198
1118	0.1198
1119	0.1190
1120	0.1194
1121	0.1196
1122	0.1199
1123	0.1195
1124	0.1195
1125	0.1196
1126	0.1196
1127	0.1192
1128	0.1196
1129	0.1199
1130	0.1192
1131	0.1192
1132	0.1196
1133	0.1196
1134	0.1197
1135	0.1198
1136	0.1199
1137	0.1196
1138	0.1200
1139	0.1206
1140	0.1200
1141	0.1203
1142	0.1201
1143	0.1201
1144	0.1201
1145	0.1204
1146	0.1204
1147	0.1206
1148	0.1198
1149	0.1201
1150	0.1206
1151	0.1206
1152	0.1202
1153	0.1205
1154	0.1199
1155	0.1203
1156	0.1200
1157	0.1206
1158	0.1205
1159	0.1203
1160	0.1201
1161	0.1206
1162	0.1208
1163	0.1212
1164	0.1208
1165	0.1211
1166	0.1207
1167	0.1208
1168	0.1206
1169	0.1208
1170	0.1211
1171	0.1213
1172	0.1211
1173	0.1213
1174	0.1212
1175	0.1208
1176	0.1208
1177	0.1209
1178	0.1210
1179	0.1205
1180	0.1205
1181	0.1208
1182	0.1210
1183	0.1208
1184	0.1207
1185	0.1208
1186	0.1208
1187	0.1211
1188	0.1215
1189	0.1222
1190	0.1219
1191	0.1221
1192	0.1217
1193	0.1224
1194	0.1222
1195	0.1221
1196	0.1215
1197	0.1217
1198	0.1221
1199	0.1216
1200	0.1220
1201	0.1225
1202	0.1217
1203	0.1223
1204	0.1225
1205	0.1223
1206	0.1230
1207	0.1226
1208	0.1224
1209	0.1223
1210	0.1226
1211	0.1227
1212	0.1225
1213	0.1224
1214	0.1227
1215	0.1227
1216	0.1229
1217	0.1231
1218	0.1230
1219	0.1231
1220	0.1232
1221	0.1232
1222	0.1228
1223	0.1234
1224	0.1232
1225	0.1230
1226	0.1233
1227	0.1230
1228	0.1230
1229	0.1232
1230	0.1231
1231	0.1228
1232	0.1231
1233	0.1233
1234	0.1232
1235	0.1234
1236	0.1231
1237	0.1233
1238	0.1234
1239	0.1236
1240	0.1232
1241	0.1235
1242	0.1236
1243	0.1236
1244	0.1232
1245	0.1232
1246	0.1232
1247	0.1234
1248	0.1234
1249	0.1239
1250	0.1237
1251	0.1235
1252	0.1231
1253	0.1233
1254	0.1235
1255	0.1235
1256	0.1239
1257	0.1238
1258	0.1237
1259	0.1237
1260	0.1237
1261	0.1239
1262	0.1239
1263	0.1242
1264	0.1239
1265	0.1239
1266	0.1239
1267	0.1239
1268	0.1242
1269	0.1243
1270	0.1241
1271	0.1243
1272	0.1243
1273	0.1242
1274	0.1242
1275	0.1241
1276	0.1241
1277	0.1243
1278	0.1244
1279	0.1243
1280	0.1242
1281	0.1246
1282	0.1245
1283	0.1243
1284	0.1243
1285	0.1245
1286	0.1246
1287	0.1242
1288	0.1244
1289	0.1246
1290	0.1246
1291	0.1249
1292	0.1249
1293	0.1246
1294	0.1243
1295	0.1246
1296	0.1247
1297	0.1246
1298	0.1250
1299	0.1249
1300	0.1249
1301	0.1249
1302	0.1250
1303	0.1253
1304	0.1251
1305	0.1249
1306	0.1249
1307	0.1254
1308	0.1255
1309	0.1255
1310	0.1254
1311	0.1254
1312	0.1253
1313	0.1251
1314	0.1250
1315	0.1252
1316	0.1253
1317	0.1251
1318	0.1249
1319	0.1251
1320	0.1252
1321	0.1249
1322	0.1251
1323	0.1252
1324	0.1253
1325	0.1254
1326	0.1250
1327	0.1248
1328	0.1249
1329	0.1249
1330	0.1247
1331	0.1246
1332	0.1247
1333	0.1250
1334	0.1251
1335	0.1250
1336	0.1246
1337	0.1244
1338	0.1247
1339	0.1247
1340	0.1246
1341	0.1243
1342	0.1244
1343	0.1244
1344	0.1244
1345	0.1248
1346	0.1247
1347	0.1246
1348	0.1247
1349	0.1247
1350	0.1250
1351	0.1250
1352	0.1251
1353	0.1254
1354	0.1255
1355	0.1259
1356	0.1263
1357	0.1263
1358	0.1264
1359	0.1263
1360	0.1266
1361	0.1271
1362	0.1270
1363	0.1272
1364	0.1270
1365	0.1268
1366	0.1272
1367	0.1271
1368	0.1270
1369	0.1269
1370	0.1264
1371	0.1261
1372	0.1263
1373	0.1266
1374	0.1265
1375	0.1262
1376	0.1260
1377	0.1260
1378	0.1266
1379	0.1263
1380	0.1261
1381	0.1265
1382	0.1265
1383	0.1262
1384	0.1267
1385	0.1263
1386	0.1264
1387	0.1270
1388	0.1273
1389	0.1271
1390	0.1273
1391	0.1276
1392	0.1275
1393	0.1270
1394	0.1271
1395	0.1269
1396	0.1269
1397	0.1272
1398	0.1271
1399	0.1270
1400	0.1271
1401	0.1267
1402	0.1271
1403	0.1273
1404	0.1273
1405	0.1274
1406	0.1272
1407	0.1268
1408	0.1271
1409	0.1275
1410	0.1278
1411	0.1274
1412	0.1269
1413	0.1271
1414	0.1272
1415	0.1277
1416	0.1277
1417	0.1270
1418	0.1272
1419	0.1274
1420	0.1270
1421	0.1269
1422	0.1276
1423	0.1273
1424	0.1273
1425	0.1276
1426	0.1275
1427	0.1276
1428	0.1272
1429	0.1273
1430	0.1278
1431	0.1275
1432	0.1280
1433	0.1281
1434	0.1277
1435	0.1278
1436	0.1278
1437	0.1277
1438	0.1271
1439	0.1278
1440	0.1281
1441	0.1283
1442	0.1288
1443	0.1274
1444	0.1279
1445	0.1285
1446	0.1282
1447	0.1284
1448	0.1280
1449	0.1283
1450	0.1283
1451	0.1284
1452	0.1283
1453	0.1280
1454	0.1284
1455	0.1284
1456	0.1283
1457	0.1285
1458	0.1279
1459	0.1284
1460	0.1285
1461	0.1285
1462	0.1288
1463	0.1285
1464	0.1281
1465	0.1289
1466	0.1286
1467	0.1285
1468	0.1288
1469	0.1288
1470	0.1289
1471	0.1285
1472	0.1292
1473	0.1285
1474	0.1285
1475	0.1291
1476	0.1295
1477	0.1284
1478	0.1291
1479	0.1293
1480	0.1288
1481	0.1295
1482	0.1294
1483	0.1295
1484	0.1295
1485	0.1291
1486	0.1295
1487	0.1290
1488	0.1291
1489	0.1295
1490	0.1286
1491	0.1281
1492	0.1292
1493	0.1295
1494	0.1292
1495	0.1288
1496	0.1296
1497	0.1295
1498	0.1289
1499	0.1308
1500	0.1294
1501	0.1298
1502	0.1295
1503	0.1291
1504	0.1292
1505	0.1298
1506	0.1296
1507	0.1301
1508	0.1294
1509	0.1303
1510	0.1297
1511	0.1301
1512	0.1293
1513	0.1300
1514	0.1296
1515	0.1303
1516	0.1298
1517	0.1297
1518	0.1308
1519	0.1305
1520	0.1299
1521	0.1303
1522	0.1299
1523	0.1305
1524	0.1302
1525	0.1299
1526	0.1298
1527	0.1293
1528	0.1298
1529	0.1305
1530	0.1302
1531	0.1306
1532	0.1306
1533	0.1305
1534	0.1306
1535	0.1301
1536	0.1300
1537	0.1308
1538	0.1309
1539	0.1303
1540	0.1314
1541	0.1310
1542	0.1302
1543	0.1302
1544	0.1312
1545	0.1303
1546	0.1309
1547	0.1296
1548	0.1297
1549	0.1308
1550	0.1299
1551	0.1303
1552	0.1306
1553	0.1308
1554	0.1310
1555	0.1307
1556	0.1311
1557	0.1306
1558	0.1304
1559	0.1303
1560	0.1309
1561	0.1311
1562	0.1312
1563	0.1308
1564	0.1312
1565	0.1309
1566	0.1308
1567	0.1309
1568	0.1309
1569	0.1309
1570	0.1309
1571	0.1310
1572	0.1311
1573	0.1305
1574	0.1312
1575	0.1305
1576	0.1311
1577	0.1316
1578	0.1309
1579	0.1307
1580	0.1314
1581	0.1311
1582	0.1313
1583	0.1313
1584	0.1311
1585	0.1313
1586	0.1317
1587	0.1316
1588	0.1317
1589	0.1310
1590	0.1310
1591	0.1313
1592	0.1312
1593	0.1316
1594	0.1314
1595	0.1317
1596	0.1324
1597	0.1317
1598	0.1314
1599	0.1320
1600	0.1324
1601	0.1321
1602	0.1317
1603	0.1315
1604	0.1313
1605	0.1311
1606	0.1311
1607	0.1317
1608	0.1321
1609	0.1323
1610	0.1320
1611	0.1320
1612	0.1323
1613	0.1326
1614	0.1321
1615	0.1324
1616	0.1328
1617	0.1328
1618	0.1327
1619	0.1328
1620	0.1326
1621	0.1322
1622	0.1318
1623	0.1324
1624	0.1324
1625	0.1326
1626	0.1322
1627	0.1321
1628	0.1321
1629	0.1320
1630	0.1325
1631	0.1325
1632	0.1330
1633	0.1333
1634	0.1330
1635	0.1331
1636	0.1331
1637	0.1324
1638	0.1324
1639	0.1322
1640	0.1324
1641	0.1323
1642	0.1325
1643	0.1331
1644	0.1324
1645	0.1321
1646	0.1319
1647	0.1325
1648	0.1335
1649	0.1334
1650	0.1334
1651	0.1329
1652	0.1325
1653	0.1330
1654	0.1330
1655	0.1324
1656	0.1325
1657	0.1329
1658	0.1328
1659	0.1327
1660	0.1328
1661	0.1323
1662	0.1318
1663	0.1318
1664	0.1320
1665	0.1327
1666	0.1333
1667	0.1341
1668	0.1348
1669	0.1357
1670	0.1363
1671	0.1357
1672	0.1351
1673	0.1345
1674	0.1337
1675	0.1339
1676	0.1340
1677	0.1339
1678	0.1343
1679	0.1340
1680	0.1337
1681	0.1338
1682	0.1336
1683	0.1335
1684	0.1335
1685	0.1335
1686	0.1334
1687	0.1339
1688	0.1345
1689	0.1347
1690	0.1345
1691	0.1345
1692	0.1345
1693	0.1346
1694	0.1352
1695	0.1354
1696	0.1351
1697	0.1341
1698	0.1339
1699	0.1339
1700	0.1340
1701	0.1342
1702	0.1343
1703	0.1341
1704	0.1341
1705	0.1342
1706	0.1336
1707	0.1341
1708	0.1341
1709	0.1348
1710	0.1352
1711	0.1347
1712	0.1343
1713	0.1350
1714	0.1350
1715	0.1352
1716	0.1346
1717	0.1339
1718	0.1347
1719	0.1349
1720	0.1346
1721	0.1351
1722	0.1349
1723	0.1347
1724	0.1352
1725	0.1348
1726	0.1347
1727	0.1349
1728	0.1353
1729	0.1347
1730	0.1355
1731	0.1352
1732	0.1347
1733	0.1344
1734	0.1346
1735	0.1358
1736	0.1356
1737	0.1359
1738	0.1357
1739	0.1340
1740	0.1344
1741	0.1351
1742	0.1355
1743	0.1368
1744	0.1358
1745	0.1343
1746	0.1344
1747	0.1367
1748	0.1360
1749	0.1360
1750	0.1360
1751	0.1364
1752	0.1363
1753	0.1363
1754	0.1345
1755	0.1357
1756	0.1344
1757	0.1352
1758	0.1351
1759	0.1351
1760	0.1343
1761	0.1362
1762	0.1365
1763	0.1360
1764	0.1369
1765	0.1369
1766	0.1373
1767	0.1357
1768	0.1360
1769	0.1356
1770	0.1353
1771	0.1348
1772	0.1359
1773	0.1368
1774	0.1351
1775	0.1360
1776	0.1366
1777	0.1364
1778	0.1359
1779	0.1357
1780	0.1356
1781	0.1362
1782	0.1356
1783	0.1352
1784	0.1370
1785	0.1355
1786	0.1362
1787	0.1343
1788	0.1354
1789	0.1347
1790	0.1353
1791	0.1352
1792	0.1347
1793	0.1348
1794	0.1353
1795	0.1354
1796	0.1363
1797	0.1366
1798	0.1358
1799	0.1354
1800	0.1353
1801	0.1366
1802	0.1363
1803	0.1372
1804	0.1362
1805	0.1361
1806	0.1366
1807	0.1338
1808	0.1351
1809	0.1345
1810	0.1364
1811	0.1369
1812	0.1357
1813	0.1373
1814	0.1369
1815	0.1374
1816	0.1365
1817	0.1372
1818	0.1365
1819	0.1359
1820	0.1360
1821	0.1381
1822	0.1371
1823	0.1360
1824	0.1354
1825	0.1364
1826	0.1373
1827	0.1351
1828	0.1350
1829	0.1358
1830	0.1373
1831	0.1400
1832	0.1369
1833	0.1392
1834	0.1386
1835	0.1403
1836	0.1371
1837	0.1370
1838	0.1364
1839	0.1350
1840	0.1388
1841	0.1384
1842	0.1375
1843	0.1385
1844	0.1371
1845	0.1382
1846	0.1394
1847	0.1363
1848	0.1375
1849	0.1386
1850	0.1362
1851	0.1406
1852	0.1376
1853	0.1384
1854	0.1367
1855	0.1355
1856	0.1364
1857	0.1376
1858	0.1367
1859	0.1347
1860	0.1360
1861	0.1375
1862	0.1390
1863	0.1378
1864	0.1363
1865	0.1391
1866	0.1373
1867	0.1385
1868	0.1406
1869	0.1392
1870	0.1386
1871	0.1420
1872	0.1407
1873	0.1411
1874	0.1428
1875	0.1407
1876	0.1404
1877	0.1398
1878	0.1381
1879	0.1388
1880	0.1380
1881	0.1380
1882	0.1366
1883	0.1373
1884	0.1376
1885	0.1370
1886	0.1383
1887	0.1392
1888	0.1346
1889	0.1353
1890	0.1359
1891	0.1388
1892	0.1400
1893	0.1390
1894	0.1353
1895	0.1375
1896	0.1379
1897	0.1398
1898	0.1386
1899	0.1404
1900	0.1378
1901	0.1390
1902	0.1368
1903	0.1364
1904	0.1356
1905	0.1383
1906	0.1377
1907	0.1397
1908	0.1395
1909	0.1411
1910	0.1395
1911	0.1410
1912	0.1379
1913	0.1369
1914	0.1389
1915	0.1403
1916	0.1409
1917	0.1394
1918	0.1430
1919	0.1433
1920	0.1406
1921	0.1395
1922	0.1430
1923	0.1437
1924	0.1422
1925	0.1427
1926	0.1423
1927	0.1410
1928	0.1451
1929	0.1445
1930	0.1403
1931	0.1410
1932	0.1363
1933	0.1370
1934	0.1413
1935	0.1443
1936	0.1425
1937	0.1394
1938	0.1378
1939	0.1393
1940	0.1393
1941	0.1359
1942	0.1407
1943	0.1420
1944	0.1381
1945	0.1389
1946	0.1392
1947	0.1388
1948	0.1390
1949	0.1402
1950	0.1386
1951	0.1380
1952	0.1397
1953	0.1402
1954	0.1383
1955	0.1386
1956	0.1392
1957	0.1391
1958	0.1385
1959	0.1381
1960	0.1373
1961	0.1391
1962	0.1385
1963	0.1394
1964	0.1384
1965	0.1397
1966	0.1393
1967	0.1390
1968	0.1395
1969	0.1390
1970	0.1403
1971	0.1398
1972	0.1393
1973	0.1412
1974	0.1400
1975	0.1381
1976	0.1389
1977	0.1394
1978	0.1405
1979	0.1406
1980	0.1406
1981	0.1389
1982	0.1385
1983	0.1406
1984	0.1397
1985	0.1385
1986	0.1393
1987	0.1406
1988	0.1413
1989	0.1427
1990	0.1419
1991	0.1392
1992	0.1382
1993	0.1391
1994	0.1391
1995	0.1400
1996	0.1409
1997	0.1408
1998	0.1405
1999	0.1418
2000	0.1415
2001	0.1394
2002	0.1384
2003	0.1397
2004	0.1414
2005	0.1409
2006	0.1398
2007	0.1406
2008	0.1399
2009	0.1387
2010	0.1405
2011	0.1402
2012	0.1401
2013	0.1396
2014	0.1401
2015	0.1410
2016	0.1393
2017	0.1395
2018	0.1417
2019	0.1428
2020	0.1400
2021	0.1405
2022	0.1423
2023	0.1424
2024	0.1435
2025	0.1436
2026	0.1418
2027	0.1416
2028	0.1413
2029	0.1411
2030	0.1423
2031	0.1429
2032	0.1435
2033	0.1432
2034	0.1426
2035	0.1448
2036	0.1438
2037	0.1427
2038	0.1433
2039	0.1435
2040	0.1430
2041	0.1420
2042	0.1423
2043	0.1413
2044	0.1420
2045	0.1424
2046	0.1409
2047	0.1415
2048	0.1392
2049	0.1404
2050	0.1420
2051	0.1415
2052	0.1422
2053	0.1428
2054	0.1434
2055	0.1439
2056	0.1416
2057	0.1411
2058	0.1410
2059	0.1419
2060	0.1435
2061	0.1423
2062	0.1396
2063	0.1417
2064	0.1414
2065	0.1433
2066	0.1447
2067	0.1454
2068	0.1423
2069	0.1432
2070	0.1450
2071	0.1445
2072	0.1467
2073	0.1434
2074	0.1402
2075	0.1393
2076	0.1386
2077	0.1425
2078	0.1449
2079	0.1432
2080	0.1424
2081	0.1420
2082	0.1428
2083	0.1432
2084	0.1437
2085	0.1431
2086	0.1439
2087	0.1419
2088	0.1434
2089	0.1456
2090	0.1449
2091	0.1473
2092	0.1479
2093	0.1451
2094	0.1465
2095	0.1456
2096	0.1442
2097	0.1415
2098	0.1445
2099	0.1445
2100	0.1448
2101	0.1446
2102	0.1441
2103	0.1461
2104	0.1437
2105	0.1415
2106	0.1441
2107	0.1435
2108	0.1445
2109	0.1443
2110	0.1472
2111	0.1457
2112	0.1471
2113	0.1451
2114	0.1484
2115	0.1430
2116	0.1395
2117	0.1453
2118	0.1467
2119	0.1491
2120	0.1496
2121	0.1461
2122	0.1504
2123	0.1485
2124	0.1441
2125	0.1458
2126	0.1505
2127	0.1465
2128	0.1428
2129	0.1459
2130	0.1448
2131	0.1448
2132	0.1485
2133	0.1458
2134	0.1469
2135	0.1483
2136	0.1465
2137	0.1488
2138	0.1510
2139	0.1461
2140	0.1452
2141	0.1416
2142	0.1452
2143	0.1502
2144	0.1522
2145	0.1494
2146	0.1487
2147	0.1488
2148	0.1469
2149	0.1514
2150	0.1540
2151	0.1458
2152	0.1487
2153	0.1495
2154	0.1483
2155	0.1440
2156	0.1488
2157	0.1460
2158	0.1431
2159	0.1474
2160	0.1468
2161	0.1427
2162	0.1414
2163	0.1479
2164	0.1487
2165	0.1419
2166	0.1546
2167	0.1444
2168	0.1523
2169	0.1513
2170	0.1442
2171	0.1503
2172	0.1456
2173	0.1475
2174	0.1440
2175	0.1467
2176	0.1482
2177	0.1417
2178	0.1492
2179	0.1471
2180	0.1434
2181	0.1474
2182	0.1476
2183	0.1449
2184	0.1476
2185	0.1446
2186	0.1476
2187	0.1482
2188	0.1456
2189	0.1390
2190	0.1437
2191	0.1458
2192	0.1490
2193	0.1475
2194	0.1471
2195	0.1439
2196	0.1455
2197	0.1517
2198	0.1483
2199	0.1456
2200	0.1534
2201	0.149
2202	0.146
2203	0.140
2204	0.141
2205	0.148
2206	0.152
2207	0.149
2208	0.149
2209	0.144
2210	0.148
2211	0.147
2212	0.145
2213	0.141
2214	0.140
2215	0.140
2216	0.152
2217	0.149
2218	0.148
2219	0.141
2220	0.147
2221	0.148
2222	0.149
2223	0.153
2224	0.146
2225	0.144
2226	0.146
2227	0.144
2228	0.146
2229	0.145
2230	0.143
2231	0.145
2232	0.146
2233	0.147
2234	0.152
2235	0.148
2236	0.149
2237	0.150
2238	0.145
2239	0.146
2240	0.147
2241	0.145
2242	0.146
2243	0.144
2244	0.145
2245	0.145
2246	0.147
2247	0.147
2248	0.144
2249	0.147
2250	0.150
2251	0.145
2252	0.147
2253	0.150
2254	0.146
2255	0.150
2256	0.155
2257	0.148
2258	0.155
2259	0.150
2260	0.142
2261	0.145
2262	0.144
2263	0.147
2264	0.147
2265	0.141
2266	0.140
2267	0.146
2268	0.155
2269	0.152
2270	0.147
2271	0.145
2272	0.148
2273	0.152
2274	0.149
2275	0.153
2276	0.154
2277	0.150
2278	0.145
2279	0.150
2280	0.153
2281	0.153
2282	0.147
2283	0.146
2284	0.146
2285	0.150
2286	0.151
2287	0.148
2288	0.152
2289	0.153
2290	0.152
2291	0.154
2292	0.156
2293	0.153
2294	0.151
2295	0.149
2296	0.154
2297	0.154
2298	0.151
2299	0.149
2300	0.153
2301	0.152
2302	0.150
2303	0.154
2304	0.151
2305	0.149
2306	0.146
2307	0.139
2308	0.139
2309	0.151
2310	0.154
2311	0.155
2312	0.152
2313	0.149
2314	0.147
2315	0.150
2316	0.157
2317	0.160
2318	0.163
2319	0.151
2320	0.142
2321	0.143
2322	0.148
2323	0.157
2324	0.152
2325	0.149
2326	0.150
2327	0.144
2328	0.146
2329	0.158
2330	0.161
2331	0.160
2332	0.161
2333	0.160
2334	0.153
2335	0.153
2336	0.159
2337	0.160
2338	0.159
2339	0.154
2340	0.152
2341	0.156
2342	0.155
2343	0.148
2344	0.144
2345	0.147
2346	0.155
2347	0.159
2348	0.151
2349	0.150
2350	0.150
2351	0.147
2352	0.153
2353	0.155
2354	0.157
2355	0.157
2356	0.155
2357	0.153
2358	0.149
2359	0.157
2360	0.164
2361	0.155
2362	0.144
2363	0.148
2364	0.161
2365	0.159
2366	0.158
2367	0.156
2368	0.160
2369	0.167
2370	0.163
2371	0.158
2372	0.157
2373	0.151
2374	0.150
2375	0.157
2376	0.149
2377	0.155
2378	0.162
2379	0.157
2380	0.146
2381	0.153
2382	0.149
2383	0.149
2384	0.157
2385	0.161
2386	0.153
2387	0.153
2388	0.159
2389	0.168
2390	0.160
2391	0.164
2392	0.171
2393	0.167
2394	0.169
2395	0.165
2396	0.161
2397	0.156
2398	0.162
2399	0.158
2400	0.150
2401	0.156
2402	0.157
2403	0.153
2404	0.160
2405	0.159
2406	0.152
2407	0.165
2408	0.172
2409	0.164
2410	0.166
2411	0.155
2412	0.145
2413	0.154
2414	0.154
2415	0.155
2416	0.154
2417	0.159
2418	0.164
2419	0.157
2420	0.152
2421	0.164
2422	0.167
2423	0.163
2424	0.163
2425	0.172
2426	0.166
2427	0.160
2428	0.163
2429	0.147
2430	0.156
2431	0.162
2432	0.165
2433	0.161
2434	0.165
2435	0.161
2436	0.152
2437	0.162
2438	0.159
2439	0.167
2440	0.165
2441	0.154
2442	0.153
2443	0.154
2444	0.153
2445	0.163
2446	0.150
2447	0.152
2448	0.159
2449	0.168
2450	0.163
2451	0.164
2452	0.155
2453	0.166
2454	0.161
2455	0.155
2456	0.148
2457	0.149
2458	0.161
2459	0.159
2460	0.169
2461	0.177
2462	0.164
2463	0.177
2464	0.160
2465	0.163
2466	0.162
2467	0.162
2468	0.161
2469	0.159
2470	0.158
2471	0.153
2472	0.166
2473	0.160
2474	0.163
2475	0.169
2476	0.156
2477	0.166
2478	0.157
2479	0.149
2480	0.162
2481	0.164
2482	0.164
2483	0.182
2484	0.154
2485	0.175
2486	0.160
2487	0.178
2488	0.179
2489	0.152
2490	0.174
2491	0.154
2492	0.160
2493	0.178
2494	0.162
2495	0.166
2496	0.146
2497	0.154
2498	0.122
2499	0.127
2500	0.129
