99AA03-0817-8375	
This data is for reference only	
250	0.9556
251	0.9576
252	0.9598
253	0.9603
254	0.9619
255	0.9627
256	0.9642
257	0.9648
258	0.9652
259	0.9687
260	0.9702
261	0.9713
262	0.9722
263	0.9739
264	0.9752
265	0.9767
266	0.9775
267	0.9787
268	0.9780
269	0.9798
270	0.9803
271	0.9805
272	0.9796
273	0.9793
274	0.9809
275	0.9807
276	0.9817
277	0.9820
278	0.9819
279	0.9823
280	0.9829
281	0.9824
282	0.9834
283	0.9837
284	0.9839
285	0.9832
286	0.9844
287	0.9854
288	0.9848
289	0.9844
290	0.9857
291	0.9873
292	0.9866
293	0.9866
294	0.9860
295	0.9855
296	0.9856
297	0.9874
298	0.9871
299	0.9874
300	0.9884
301	0.9886
302	0.9874
303	0.9875
304	0.9884
305	0.9889
306	0.9888
307	0.9884
308	0.9892
309	0.9880
310	0.9880
311	0.9885
312	0.9883
313	0.9882
314	0.9883
315	0.9887
316	0.9887
317	0.9885
318	0.9869
319	0.9819
320	0.9798
321	0.9811
322	0.9841
323	0.9834
324	0.9824
325	0.9818
326	0.9817
327	0.9822
328	0.9833
329	0.9819
330	0.9821
331	0.9830
332	0.9832
333	0.9829
334	0.9833
335	0.9833
336	0.9834
337	0.9831
338	0.9832
339	0.9837
340	0.9838
341	0.9840
342	0.9838
343	0.9834
344	0.9831
345	0.9834
346	0.9840
347	0.9832
348	0.9839
349	0.9839
350	0.9835
351	0.9842
352	0.9851
353	0.9848
354	0.9845
355	0.9851
356	0.9851
357	0.9849
358	0.9842
359	0.9839
360	0.9837
361	0.9829
362	0.9833
363	0.9844
364	0.9844
365	0.9847
366	0.9843
367	0.9835
368	0.9838
369	0.9843
370	0.9846
371	0.9846
372	0.9836
373	0.9846
374	0.9846
375	0.9843
376	0.9843
377	0.9857
378	0.9858
379	0.9844
380	0.9847
381	0.9850
382	0.9846
383	0.9844
384	0.9843
385	0.9839
386	0.9849
387	0.9855
388	0.9856
389	0.9858
390	0.9863
391	0.9861
392	0.9860
393	0.9859
394	0.9857
395	0.9860
396	0.9867
397	0.9867
398	0.9865
399	0.9858
400	0.9864
401	0.9872
402	0.9867
403	0.9861
404	0.9863
405	0.9871
406	0.9865
407	0.9860
408	0.9863
409	0.9869
410	0.9864
411	0.9863
412	0.9859
413	0.9863
414	0.9868
415	0.9869
416	0.9870
417	0.9869
418	0.9870
419	0.9872
420	0.9870
421	0.9863
422	0.9865
423	0.9866
424	0.9862
425	0.9865
426	0.9863
427	0.9865
428	0.9867
429	0.9872
430	0.9869
431	0.9864
432	0.9861
433	0.9865
434	0.9868
435	0.9870
436	0.9876
437	0.9871
438	0.9870
439	0.9873
440	0.9870
441	0.9865
442	0.9867
443	0.9867
444	0.9863
445	0.9865
446	0.9871
447	0.9865
448	0.9862
449	0.9873
450	0.9869
451	0.9870
452	0.9865
453	0.9866
454	0.9869
455	0.9867
456	0.9871
457	0.9867
458	0.9870
459	0.9867
460	0.9868
461	0.9870
462	0.9872
463	0.9869
464	0.9865
465	0.9867
466	0.9865
467	0.9866
468	0.9870
469	0.9871
470	0.9873
471	0.9871
472	0.9869
473	0.9873
474	0.9872
475	0.9872
476	0.9872
477	0.9874
478	0.9875
479	0.9877
480	0.9876
481	0.9876
482	0.9873
483	0.9879
484	0.9881
485	0.9877
486	0.9869
487	0.9870
488	0.9871
489	0.9876
490	0.9878
491	0.9876
492	0.9875
493	0.9875
494	0.9868
495	0.9879
496	0.9875
497	0.9879
498	0.9877
499	0.9874
500	0.9872
501	0.9871
502	0.9877
503	0.9882
504	0.9879
505	0.9874
506	0.9870
507	0.9878
508	0.9878
509	0.9882
510	0.9877
511	0.9883
512	0.9879
513	0.9881
514	0.9878
515	0.9879
516	0.9880
517	0.9870
518	0.9876
519	0.9883
520	0.9884
521	0.9872
522	0.9879
523	0.9875
524	0.9877
525	0.9879
526	0.9886
527	0.9879
528	0.9880
529	0.9884
530	0.9886
531	0.9881
532	0.9877
533	0.9877
534	0.9883
535	0.9877
536	0.9884
537	0.9884
538	0.9882
539	0.9880
540	0.9878
541	0.9885
542	0.9878
543	0.9884
544	0.9881
545	0.9877
546	0.9877
547	0.9881
548	0.9879
549	0.9884
550	0.9879
551	0.9882
552	0.9884
553	0.9879
554	0.9878
555	0.9885
556	0.9884
557	0.9877
558	0.9881
559	0.9880
560	0.9879
561	0.9880
562	0.9881
563	0.9879
564	0.9882
565	0.9882
566	0.9878
567	0.9877
568	0.9875
569	0.9881
570	0.9877
571	0.9880
572	0.9882
573	0.9878
574	0.9881
575	0.9879
576	0.9880
577	0.9883
578	0.9884
579	0.9885
580	0.9879
581	0.9880
582	0.9883
583	0.9879
584	0.9877
585	0.9881
586	0.9882
587	0.9877
588	0.9878
589	0.9883
590	0.9881
591	0.9882
592	0.9878
593	0.9880
594	0.9875
595	0.9879
596	0.9879
597	0.9886
598	0.9881
599	0.9884
600	0.9879
601	0.9882
602	0.9885
603	0.9886
604	0.9881
605	0.9881
606	0.9883
607	0.9881
608	0.9878
609	0.9884
610	0.9881
611	0.9878
612	0.9876
613	0.9877
614	0.9880
615	0.9880
616	0.9879
617	0.9879
618	0.9878
619	0.9882
620	0.9877
621	0.9882
622	0.9884
623	0.9883
624	0.9885
625	0.9882
626	0.9878
627	0.9881
628	0.9882
629	0.9883
630	0.9885
631	0.9884
632	0.9883
633	0.9882
634	0.9884
635	0.9884
636	0.9878
637	0.9877
638	0.9877
639	0.9876
640	0.9881
641	0.9884
642	0.9880
643	0.9874
644	0.9875
645	0.9881
646	0.9879
647	0.9878
648	0.9878
649	0.9873
650	0.9871
651	0.9875
652	0.9877
653	0.9876
654	0.9874
655	0.9875
656	0.9877
657	0.9875
658	0.9878
659	0.9876
660	0.9874
661	0.9875
662	0.9876
663	0.9879
664	0.9879
665	0.9877
666	0.9881
667	0.9881
668	0.9881
669	0.9881
670	0.9877
671	0.9878
672	0.9880
673	0.9880
674	0.9879
675	0.9875
676	0.9874
677	0.9876
678	0.9882
679	0.9880
680	0.9872
681	0.9875
682	0.9876
683	0.9877
684	0.9879
685	0.9880
686	0.9876
687	0.9875
688	0.9876
689	0.9875
690	0.9877
691	0.9880
692	0.9877
693	0.9873
694	0.9878
695	0.9877
696	0.9870
697	0.9874
698	0.9877
699	0.9874
700	0.9872
701	0.9879
702	0.9879
703	0.9872
704	0.9876
705	0.9875
706	0.9870
707	0.9872
708	0.9869
709	0.9875
710	0.9878
711	0.9876
712	0.9875
713	0.9872
714	0.9870
715	0.9870
716	0.9874
717	0.9874
718	0.9870
719	0.9875
720	0.9875
721	0.9878
722	0.9870
723	0.9865
724	0.9874
725	0.9870
726	0.9858
727	0.9866
728	0.9873
729	0.9874
730	0.9879
731	0.9879
732	0.9873
733	0.9875
734	0.9879
735	0.9872
736	0.9866
737	0.9867
738	0.9885
739	0.9876
740	0.9873
741	0.9873
742	0.9877
743	0.9876
744	0.9867
745	0.9869
746	0.9877
747	0.9879
748	0.9876
749	0.9868
750	0.9873
751	0.9875
752	0.9872
753	0.9874
754	0.9871
755	0.9872
756	0.9879
757	0.9877
758	0.9883
759	0.9876
760	0.9864
761	0.9873
762	0.9874
763	0.9870
764	0.9873
765	0.9883
766	0.9872
767	0.9869
768	0.9872
769	0.9862
770	0.9865
771	0.9876
772	0.9875
773	0.9877
774	0.9867
775	0.9859
776	0.9881
777	0.9866
778	0.9879
779	0.9871
780	0.9869
781	0.9868
782	0.9873
783	0.9863
784	0.9872
785	0.9877
786	0.9866
787	0.9870
788	0.9868
789	0.9881
790	0.9880
791	0.9868
792	0.9877
793	0.9875
794	0.9863
795	0.9876
796	0.9863
797	0.9856
798	0.9851
799	0.9873
800	0.9879
801	0.9881
802	0.9874
803	0.9881
804	0.9886
805	0.9859
806	0.9872
807	0.9883
808	0.9875
809	0.9858
810	0.9887
811	0.9879
812	0.9853
813	0.9881
814	0.9860
815	0.9871
816	0.9888
817	0.9887
818	0.9863
819	0.9883
820	0.9863
821	0.9872
822	0.9879
823	0.9878
824	0.9876
825	0.9883
826	0.9862
827	0.9883
828	0.9871
829	0.9858
830	0.9880
831	0.9876
832	0.9865
833	0.9899
834	0.9894
835	0.9878
836	0.9906
837	0.9881
838	0.9867
839	0.9867
840	0.9902
841	0.9877
842	0.9884
843	0.9895
844	0.9862
845	0.9877
846	0.9912
847	0.9875
848	0.9857
849	0.9901
850	0.9859
851	0.9894
852	0.9863
853	0.9919
854	0.9861
855	0.9869
856	0.9855
857	0.9874
858	0.9895
859	0.9872
860	0.9805
861	0.9862
862	0.9944
863	0.9921
864	0.9849
865	0.9887
866	0.9823
867	0.9922
868	0.9835
869	0.9869
870	0.9852
871	0.9963
872	0.9898
873	0.9886
874	0.9919
875	0.9933
876	0.9874
877	0.9842
878	0.9889
879	0.9810
880	0.9910
881	0.9906
882	0.9843
883	0.9881
884	0.9864
885	0.9843
886	0.9823
887	0.9879
888	0.9914
889	0.9914
890	0.9885
891	0.9904
892	0.9932
893	0.9886
894	0.9850
895	0.9837
896	0.9858
897	0.9902
898	0.9882
899	0.9868
900	0.9874
901	0.9878
902	0.9872
903	0.9881
904	0.9891
905	0.9868
906	0.9850
907	0.9826
908	0.9835
909	0.9839
910	0.9865
911	0.9860
912	0.9855
913	0.9877
914	0.9882
915	0.9886
916	0.9892
917	0.9906
918	0.9896
919	0.9879
920	0.9886
921	0.9886
922	0.9874
923	0.9844
924	0.9870
925	0.9868
926	0.9894
927	0.9887
928	0.9835
929	0.9859
930	0.9863
931	0.9867
932	0.9849
933	0.9858
934	0.9867
935	0.9870
936	0.9875
937	0.9879
938	0.9866
939	0.9883
940	0.9870
941	0.9859
942	0.9869
943	0.9870
944	0.9872
945	0.9879
946	0.9877
947	0.9877
948	0.9874
949	0.9876
950	0.9872
951	0.9874
952	0.9876
953	0.9884
954	0.9876
955	0.9873
956	0.9873
957	0.9880
958	0.9881
959	0.9867
960	0.9870
961	0.9866
962	0.9874
963	0.9883
964	0.9879
965	0.9865
966	0.9864
967	0.9881
968	0.9882
969	0.9871
970	0.9873
971	0.9865
972	0.9860
973	0.9862
974	0.9866
975	0.9863
976	0.9867
977	0.9877
978	0.9876
979	0.9879
980	0.9881
981	0.9876
982	0.9867
983	0.9861
984	0.9872
985	0.9876
986	0.9868
987	0.9867
988	0.9867
989	0.9871
990	0.9862
991	0.9865
992	0.9875
993	0.9873
994	0.9871
995	0.9874
996	0.9881
997	0.9879
998	0.9865
999	0.9856
1000	0.9860
1001	0.9872
1002	0.9877
1003	0.9881
1004	0.9876
1005	0.9871
1006	0.9873
1007	0.9873
1008	0.9878
1009	0.9873
1010	0.9868
1011	0.9868
1012	0.9869
1013	0.9872
1014	0.9869
1015	0.9871
1016	0.9876
1017	0.9870
1018	0.9869
1019	0.9871
1020	0.9872
1021	0.9870
1022	0.9871
1023	0.9869
1024	0.9871
1025	0.9863
1026	0.9867
1027	0.9873
1028	0.9876
1029	0.9876
1030	0.9873
1031	0.9871
1032	0.9872
1033	0.9874
1034	0.9870
1035	0.9865
1036	0.9872
1037	0.9875
1038	0.9873
1039	0.9867
1040	0.9868
1041	0.9866
1042	0.9868
1043	0.9867
1044	0.9872
1045	0.9881
1046	0.9875
1047	0.9868
1048	0.9869
1049	0.9875
1050	0.9876
1051	0.9870
1052	0.9867
1053	0.9868
1054	0.9870
1055	0.9867
1056	0.9866
1057	0.9865
1058	0.9871
1059	0.9870
1060	0.9870
1061	0.9868
1062	0.9865
1063	0.9863
1064	0.9872
1065	0.9873
1066	0.9869
1067	0.9873
1068	0.9872
1069	0.9875
1070	0.9871
1071	0.9864
1072	0.9865
1073	0.9867
1074	0.9872
1075	0.9867
1076	0.9869
1077	0.9870
1078	0.9868
1079	0.9868
1080	0.9868
1081	0.9866
1082	0.9869
1083	0.9866
1084	0.9869
1085	0.9870
1086	0.9865
1087	0.9865
1088	0.9874
1089	0.9870
1090	0.9864
1091	0.9869
1092	0.9867
1093	0.9867
1094	0.9869
1095	0.9867
1096	0.9869
1097	0.9869
1098	0.9865
1099	0.9867
1100	0.9874
1101	0.9868
1102	0.9866
1103	0.9867
1104	0.9866
1105	0.9871
1106	0.9872
1107	0.9870
1108	0.9871
1109	0.9869
1110	0.9872
1111	0.9868
1112	0.9872
1113	0.9873
1114	0.9873
1115	0.9875
1116	0.9868
1117	0.9876
1118	0.9869
1119	0.9867
1120	0.9864
1121	0.9869
1122	0.9868
1123	0.9869
1124	0.9876
1125	0.9868
1126	0.9866
1127	0.9865
1128	0.9870
1129	0.9870
1130	0.9865
1131	0.9871
1132	0.9867
1133	0.9869
1134	0.9868
1135	0.9867
1136	0.9871
1137	0.9864
1138	0.9865
1139	0.9866
1140	0.9862
1141	0.9862
1142	0.9869
1143	0.9870
1144	0.9869
1145	0.9864
1146	0.9865
1147	0.9868
1148	0.9866
1149	0.9864
1150	0.9866
1151	0.9864
1152	0.9869
1153	0.9864
1154	0.9873
1155	0.9872
1156	0.9864
1157	0.9869
1158	0.9866
1159	0.9866
1160	0.9865
1161	0.9860
1162	0.9867
1163	0.9863
1164	0.9861
1165	0.9861
1166	0.9867
1167	0.9866
1168	0.9860
1169	0.9863
1170	0.9864
1171	0.9861
1172	0.9862
1173	0.9862
1174	0.9858
1175	0.9861
1176	0.9860
1177	0.9866
1178	0.9865
1179	0.9861
1180	0.9857
1181	0.9865
1182	0.9867
1183	0.9862
1184	0.9862
1185	0.9862
1186	0.9862
1187	0.9858
1188	0.9861
1189	0.9857
1190	0.9857
1191	0.9853
1192	0.9858
1193	0.9858
1194	0.9860
1195	0.9862
1196	0.9852
1197	0.9855
1198	0.9857
1199	0.9854
1200	0.9857
1201	0.9857
1202	0.9855
1203	0.9854
1204	0.9857
1205	0.9860
1206	0.9853
1207	0.9856
1208	0.9856
1209	0.9852
1210	0.9852
1211	0.9854
1212	0.9851
1213	0.9851
1214	0.9849
1215	0.9847
1216	0.9845
1217	0.9851
1218	0.9854
1219	0.9850
1220	0.9851
1221	0.9855
1222	0.9849
1223	0.9848
1224	0.9849
1225	0.9852
1226	0.9851
1227	0.9849
1228	0.9852
1229	0.9852
1230	0.9852
1231	0.9854
1232	0.9847
1233	0.9848
1234	0.9854
1235	0.9852
1236	0.9851
1237	0.9853
1238	0.9859
1239	0.9856
1240	0.9848
1241	0.9852
1242	0.9855
1243	0.9854
1244	0.9851
1245	0.9857
1246	0.9853
1247	0.9847
1248	0.9846
1249	0.9853
1250	0.9853
1251	0.9854
1252	0.9852
1253	0.9850
1254	0.9852
1255	0.9853
1256	0.9850
1257	0.9844
1258	0.9843
1259	0.9845
1260	0.9847
1261	0.9845
1262	0.9845
1263	0.9850
1264	0.9849
1265	0.9842
1266	0.9844
1267	0.9843
1268	0.9843
1269	0.9845
1270	0.9850
1271	0.9847
1272	0.9845
1273	0.9839
1274	0.9841
1275	0.9844
1276	0.9847
1277	0.9853
1278	0.9851
1279	0.9850
1280	0.9845
1281	0.9843
1282	0.9845
1283	0.9844
1284	0.9846
1285	0.9847
1286	0.9845
1287	0.9845
1288	0.9847
1289	0.9845
1290	0.9845
1291	0.9846
1292	0.9846
1293	0.9844
1294	0.9842
1295	0.9842
1296	0.9843
1297	0.9844
1298	0.9844
1299	0.9845
1300	0.9848
1301	0.9845
1302	0.9842
1303	0.9843
1304	0.9844
1305	0.9847
1306	0.9849
1307	0.9844
1308	0.9839
1309	0.9839
1310	0.9841
1311	0.9842
1312	0.9842
1313	0.9842
1314	0.9840
1315	0.9841
1316	0.9846
1317	0.9845
1318	0.9841
1319	0.9841
1320	0.9840
1321	0.9842
1322	0.9843
1323	0.9843
1324	0.9844
1325	0.9842
1326	0.9839
1327	0.9837
1328	0.9840
1329	0.9841
1330	0.9843
1331	0.9838
1332	0.9833
1333	0.9835
1334	0.9842
1335	0.9844
1336	0.9839
1337	0.9833
1338	0.9834
1339	0.9838
1340	0.9835
1341	0.9834
1342	0.9835
1343	0.9838
1344	0.9838
1345	0.9836
1346	0.9834
1347	0.9833
1348	0.9834
1349	0.9835
1350	0.9836
1351	0.9836
1352	0.9832
1353	0.9830
1354	0.9835
1355	0.9839
1356	0.9837
1357	0.9833
1358	0.9832
1359	0.9829
1360	0.9831
1361	0.9828
1362	0.9827
1363	0.9827
1364	0.9836
1365	0.9835
1366	0.9837
1367	0.9839
1368	0.9833
1369	0.9833
1370	0.9833
1371	0.9836
1372	0.9837
1373	0.9842
1374	0.9841
1375	0.9843
1376	0.9848
1377	0.9848
1378	0.9847
1379	0.9843
1380	0.9840
1381	0.9840
1382	0.9836
1383	0.9834
1384	0.9834
1385	0.9828
1386	0.9823
1387	0.9823
1388	0.9828
1389	0.9822
1390	0.9822
1391	0.9825
1392	0.9829
1393	0.9831
1394	0.9826
1395	0.9828
1396	0.9829
1397	0.9827
1398	0.9827
1399	0.9828
1400	0.9825
1401	0.9826
1402	0.9828
1403	0.9826
1404	0.9826
1405	0.9830
1406	0.9825
1407	0.9828
1408	0.9832
1409	0.9832
1410	0.9841
1411	0.9842
1412	0.9839
1413	0.9847
1414	0.9852
1415	0.9850
1416	0.9840
1417	0.9836
1418	0.9839
1419	0.9837
1420	0.9840
1421	0.9841
1422	0.9838
1423	0.9834
1424	0.9834
1425	0.9838
1426	0.9836
1427	0.9829
1428	0.9835
1429	0.9839
1430	0.9842
1431	0.9840
1432	0.9841
1433	0.9845
1434	0.9842
1435	0.9843
1436	0.9844
1437	0.9854
1438	0.9856
1439	0.9857
1440	0.9845
1441	0.9842
1442	0.9846
1443	0.9846
1444	0.9850
1445	0.9843
1446	0.9842
1447	0.9836
1448	0.9835
1449	0.9844
1450	0.9843
1451	0.9838
1452	0.9843
1453	0.9840
1454	0.9833
1455	0.9836
1456	0.9841
1457	0.9834
1458	0.9838
1459	0.9842
1460	0.9841
1461	0.9836
1462	0.9830
1463	0.9840
1464	0.9844
1465	0.9842
1466	0.9845
1467	0.9839
1468	0.9841
1469	0.9845
1470	0.9848
1471	0.9842
1472	0.9845
1473	0.9845
1474	0.9849
1475	0.9846
1476	0.9848
1477	0.9847
1478	0.9848
1479	0.9839
1480	0.9845
1481	0.9835
1482	0.9838
1483	0.9839
1484	0.9842
1485	0.9837
1486	0.9845
1487	0.9843
1488	0.9844
1489	0.9832
1490	0.9841
1491	0.9832
1492	0.9842
1493	0.9839
1494	0.9838
1495	0.9855
1496	0.9845
1497	0.9841
1498	0.9842
1499	0.9843
1500	0.9847
1501	0.9839
1502	0.9847
1503	0.9842
1504	0.9840
1505	0.9841
1506	0.9839
1507	0.9845
1508	0.9848
1509	0.9840
1510	0.9839
1511	0.9846
1512	0.9842
1513	0.9842
1514	0.9835
1515	0.9837
1516	0.9832
1517	0.9842
1518	0.9838
1519	0.9843
1520	0.9845
1521	0.9838
1522	0.9829
1523	0.9839
1524	0.9843
1525	0.9844
1526	0.9842
1527	0.9831
1528	0.9839
1529	0.9846
1530	0.9833
1531	0.9840
1532	0.9845
1533	0.9841
1534	0.9843
1535	0.9843
1536	0.9842
1537	0.9833
1538	0.9839
1539	0.9844
1540	0.9847
1541	0.9845
1542	0.9845
1543	0.9842
1544	0.9843
1545	0.9838
1546	0.9835
1547	0.9831
1548	0.9836
1549	0.9836
1550	0.9831
1551	0.9839
1552	0.9844
1553	0.9831
1554	0.9834
1555	0.9837
1556	0.9837
1557	0.9835
1558	0.9841
1559	0.9853
1560	0.9839
1561	0.9833
1562	0.9842
1563	0.9833
1564	0.9833
1565	0.9839
1566	0.9841
1567	0.9840
1568	0.9841
1569	0.9835
1570	0.9841
1571	0.9841
1572	0.9837
1573	0.9838
1574	0.9837
1575	0.9836
1576	0.9842
1577	0.9841
1578	0.9838
1579	0.9837
1580	0.9837
1581	0.9836
1582	0.9837
1583	0.9835
1584	0.9832
1585	0.9838
1586	0.9838
1587	0.9846
1588	0.9847
1589	0.9844
1590	0.9848
1591	0.9847
1592	0.9843
1593	0.9844
1594	0.9842
1595	0.9843
1596	0.9841
1597	0.9846
1598	0.9844
1599	0.9843
1600	0.9840
1601	0.9843
1602	0.9845
1603	0.9837
1604	0.9842
1605	0.9837
1606	0.9833
1607	0.9829
1608	0.9826
1609	0.9834
1610	0.9839
1611	0.9834
1612	0.9827
1613	0.9830
1614	0.9836
1615	0.9839
1616	0.9838
1617	0.9828
1618	0.9838
1619	0.9841
1620	0.9837
1621	0.9832
1622	0.9834
1623	0.9831
1624	0.9824
1625	0.9828
1626	0.9832
1627	0.9828
1628	0.9823
1629	0.9833
1630	0.9834
1631	0.9825
1632	0.9829
1633	0.9827
1634	0.9822
1635	0.9827
1636	0.9828
1637	0.9827
1638	0.9824
1639	0.9820
1640	0.9817
1641	0.9814
1642	0.9820
1643	0.9824
1644	0.9823
1645	0.9824
1646	0.9829
1647	0.9827
1648	0.9826
1649	0.9819
1650	0.9821
1651	0.9825
1652	0.9823
1653	0.9816
1654	0.9816
1655	0.9825
1656	0.9826
1657	0.9818
1658	0.9818
1659	0.9828
1660	0.9829
1661	0.9831
1662	0.9822
1663	0.9810
1664	0.9818
1665	0.9818
1666	0.9817
1667	0.9816
1668	0.9820
1669	0.9819
1670	0.9815
1671	0.9816
1672	0.9814
1673	0.9819
1674	0.9818
1675	0.9820
1676	0.9818
1677	0.9823
1678	0.9822
1679	0.9810
1680	0.9816
1681	0.9809
1682	0.9806
1683	0.9808
1684	0.9810
1685	0.9810
1686	0.9804
1687	0.9812
1688	0.9821
1689	0.9817
1690	0.9805
1691	0.9808
1692	0.9807
1693	0.9807
1694	0.9812
1695	0.9823
1696	0.9822
1697	0.9817
1698	0.9804
1699	0.9798
1700	0.9805
1701	0.9809
1702	0.9799
1703	0.9799
1704	0.9797
1705	0.9804
1706	0.9803
1707	0.9807
1708	0.9814
1709	0.9817
1710	0.9813
1711	0.9813
1712	0.9807
1713	0.9801
1714	0.9797
1715	0.9800
1716	0.9801
1717	0.9803
1718	0.9806
1719	0.9807
1720	0.9797
1721	0.9796
1722	0.9806
1723	0.9808
1724	0.9801
1725	0.9803
1726	0.9802
1727	0.9797
1728	0.9805
1729	0.9797
1730	0.9810
1731	0.9807
1732	0.9804
1733	0.9810
1734	0.9805
1735	0.9809
1736	0.9804
1737	0.9806
1738	0.9808
1739	0.9804
1740	0.9804
1741	0.9802
1742	0.9796
1743	0.9800
1744	0.9807
1745	0.9807
1746	0.9802
1747	0.9794
1748	0.9797
1749	0.9805
1750	0.9801
1751	0.9804
1752	0.9807
1753	0.9812
1754	0.9811
1755	0.9806
1756	0.9812
1757	0.9812
1758	0.9796
1759	0.9813
1760	0.9822
1761	0.9811
1762	0.9812
1763	0.9810
1764	0.9813
1765	0.9826
1766	0.9821
1767	0.9811
1768	0.9811
1769	0.9818
1770	0.9804
1771	0.9815
1772	0.9807
1773	0.9810
1774	0.9806
1775	0.9817
1776	0.9820
1777	0.9800
1778	0.9803
1779	0.9786
1780	0.9811
1781	0.9815
1782	0.9823
1783	0.9803
1784	0.9813
1785	0.9792
1786	0.9800
1787	0.9791
1788	0.9801
1789	0.9810
1790	0.9804
1791	0.9808
1792	0.9811
1793	0.9808
1794	0.9805
1795	0.9824
1796	0.9812
1797	0.9803
1798	0.9793
1799	0.9817
1800	0.9812
1801	0.9819
1802	0.9801
1803	0.9789
1804	0.9793
1805	0.9789
1806	0.9806
1807	0.9791
1808	0.9791
1809	0.9808
1810	0.9799
1811	0.9776
1812	0.9793
1813	0.9801
1814	0.9803
1815	0.9796
1816	0.9760
1817	0.9777
1818	0.9775
1819	0.9774
1820	0.9773
1821	0.9776
1822	0.9780
1823	0.9769
1824	0.9759
1825	0.9789
1826	0.9771
1827	0.9772
1828	0.9779
1829	0.9769
1830	0.9776
1831	0.9766
1832	0.9791
1833	0.9773
1834	0.9755
1835	0.9763
1836	0.9709
1837	0.9759
1838	0.9792
1839	0.9769
1840	0.9736
1841	0.9744
1842	0.9773
1843	0.9756
1844	0.9765
1845	0.9723
1846	0.9759
1847	0.9747
1848	0.9762
1849	0.9738
1850	0.9757
1851	0.9753
1852	0.9757
1853	0.9744
1854	0.9750
1855	0.9759
1856	0.9754
1857	0.9757
1858	0.9750
1859	0.9750
1860	0.9751
1861	0.9756
1862	0.9781
1863	0.9733
1864	0.9775
1865	0.9727
1866	0.9762
1867	0.9743
1868	0.9748
1869	0.9763
1870	0.9773
1871	0.9767
1872	0.9753
1873	0.9732
1874	0.9710
1875	0.9751
1876	0.9743
1877	0.9752
1878	0.9738
1879	0.9734
1880	0.9723
1881	0.9741
1882	0.9750
1883	0.9729
1884	0.9732
1885	0.9756
1886	0.9738
1887	0.9765
1888	0.9736
1889	0.9748
1890	0.9770
1891	0.9739
1892	0.9724
1893	0.9730
1894	0.9746
1895	0.9779
1896	0.9760
1897	0.9771
1898	0.9729
1899	0.9698
1900	0.9739
1901	0.9706
1902	0.9669
1903	0.9726
1904	0.9758
1905	0.9772
1906	0.9744
1907	0.9729
1908	0.9734
1909	0.9714
1910	0.9731
1911	0.9725
1912	0.9716
1913	0.9718
1914	0.9759
1915	0.9747
1916	0.9729
1917	0.9734
1918	0.9731
1919	0.9740
1920	0.9732
1921	0.9735
1922	0.9726
1923	0.9696
1924	0.9672
1925	0.9716
1926	0.9722
1927	0.9714
1928	0.9698
1929	0.9748
1930	0.9721
1931	0.9734
1932	0.9735
1933	0.9711
1934	0.9711
1935	0.9729
1936	0.9727
1937	0.9703
1938	0.9720
1939	0.9728
1940	0.9733
1941	0.9736
1942	0.9737
1943	0.9698
1944	0.9716
1945	0.9725
1946	0.9727
1947	0.9743
1948	0.9760
1949	0.9743
1950	0.9729
1951	0.9712
1952	0.9720
1953	0.9702
1954	0.9709
1955	0.9726
1956	0.9722
1957	0.9731
1958	0.9731
1959	0.9738
1960	0.9734
1961	0.9722
1962	0.9715
1963	0.9699
1964	0.9690
1965	0.9705
1966	0.9711
1967	0.9697
1968	0.9711
1969	0.9721
1970	0.9711
1971	0.9730
1972	0.9727
1973	0.9692
1974	0.9690
1975	0.9700
1976	0.9693
1977	0.9695
1978	0.9699
1979	0.9710
1980	0.9704
1981	0.9700
1982	0.9708
1983	0.9682
1984	0.9683
1985	0.9677
1986	0.9658
1987	0.9692
1988	0.9713
1989	0.9691
1990	0.9687
1991	0.9692
1992	0.9685
1993	0.9672
1994	0.9670
1995	0.9677
1996	0.9672
1997	0.9650
1998	0.9636
1999	0.9671
2000	0.9672
2001	0.9631
2002	0.9641
2003	0.9664
2004	0.9666
2005	0.9648
2006	0.9634
2007	0.9630
2008	0.9637
2009	0.9644
2010	0.9647
2011	0.9630
2012	0.9624
2013	0.9637
2014	0.9618
2015	0.9621
2016	0.9628
2017	0.9629
2018	0.9640
2019	0.9640
2020	0.9636
2021	0.9627
2022	0.9612
2023	0.9566
2024	0.9543
2025	0.9553
2026	0.9554
2027	0.9582
2028	0.9600
2029	0.9608
2030	0.9599
2031	0.9573
2032	0.9570
2033	0.9555
2034	0.9570
2035	0.9598
2036	0.9567
2037	0.9569
2038	0.9581
2039	0.9573
2040	0.9536
2041	0.9548
2042	0.9558
2043	0.9559
2044	0.9523
2045	0.9519
2046	0.9520
2047	0.9524
2048	0.9537
2049	0.9533
2050	0.9542
2051	0.9533
2052	0.9533
2053	0.9509
2054	0.9512
2055	0.9551
2056	0.9544
2057	0.9544
2058	0.9527
2059	0.9525
2060	0.9516
2061	0.9519
2062	0.9519
2063	0.9500
2064	0.9526
2065	0.9546
2066	0.9525
2067	0.9478
2068	0.9469
2069	0.9521
2070	0.9482
2071	0.9468
2072	0.9480
2073	0.9476
2074	0.9480
2075	0.9500
2076	0.9466
2077	0.9478
2078	0.9511
2079	0.9501
2080	0.9494
2081	0.9491
2082	0.9466
2083	0.9451
2084	0.9505
2085	0.9472
2086	0.9456
2087	0.9553
2088	0.9474
2089	0.9443
2090	0.9490
2091	0.9503
2092	0.9522
2093	0.9442
2094	0.9462
2095	0.9477
2096	0.9404
2097	0.9408
2098	0.9426
2099	0.9481
2100	0.9455
2101	0.9464
2102	0.9513
2103	0.9536
2104	0.9437
2105	0.9406
2106	0.9415
2107	0.9387
2108	0.9379
2109	0.9387
2110	0.9407
2111	0.9363
2112	0.9397
2113	0.9404
2114	0.9415
2115	0.9427
2116	0.9446
2117	0.9495
2118	0.9448
2119	0.9423
2120	0.9392
2121	0.9422
2122	0.9390
2123	0.9440
2124	0.9432
2125	0.9422
2126	0.9426
2127	0.9420
2128	0.9378
2129	0.9363
2130	0.9429
2131	0.9388
2132	0.9402
2133	0.9440
2134	0.9375
2135	0.9333
2136	0.9413
2137	0.9416
2138	0.9297
2139	0.9425
2140	0.9398
2141	0.9316
2142	0.9383
2143	0.9403
2144	0.9386
2145	0.9347
2146	0.9394
2147	0.9363
2148	0.9435
2149	0.9349
2150	0.9438
2151	0.9361
2152	0.9394
2153	0.9495
2154	0.9497
2155	0.9425
2156	0.9390
2157	0.9484
2158	0.9503
2159	0.9443
2160	0.9424
2161	0.9437
2162	0.9460
2163	0.9533
2164	0.9463
2165	0.9501
2166	0.9431
2167	0.9510
2168	0.9474
2169	0.9427
2170	0.9529
2171	0.9497
2172	0.9468
2173	0.9484
2174	0.9546
2175	0.9565
2176	0.9507
2177	0.9477
2178	0.9509
2179	0.9519
2180	0.9526
2181	0.9477
2182	0.9528
2183	0.9455
2184	0.9558
2185	0.9581
2186	0.9638
2187	0.9596
2188	0.9584
2189	0.9544
2190	0.9587
2191	0.9540
2192	0.9578
2193	0.9549
2194	0.9567
2195	0.9506
2196	0.9613
2197	0.9567
2198	0.9555
2199	0.9593
2200	0.9642
2201	0.9506
2202	0.9551
2203	0.9645
2204	0.9628
2205	0.9592
2206	0.9550
2207	0.9504
2208	0.9620
2209	0.9581
2210	0.9574
2211	0.9618
2212	0.9680
2213	0.9634
2214	0.9586
2215	0.9599
2216	0.9605
2217	0.9650
2218	0.9640
2219	0.9614
2220	0.9630
2221	0.9628
2222	0.9590
2223	0.9579
2224	0.9614
2225	0.9610
2226	0.9649
2227	0.9604
2228	0.9575
2229	0.9664
2230	0.9635
2231	0.9600
2232	0.9605
2233	0.9663
2234	0.9681
2235	0.9577
2236	0.9616
2237	0.9638
2238	0.9572
2239	0.9606
2240	0.9657
2241	0.9589
2242	0.9611
2243	0.9625
2244	0.9650
2245	0.9654
2246	0.9584
2247	0.9590
2248	0.9629
2249	0.9568
2250	0.9625
2251	0.9591
2252	0.9558
2253	0.9634
2254	0.9613
2255	0.9563
2256	0.9514
2257	0.9555
2258	0.9526
2259	0.9563
2260	0.9589
2261	0.9564
2262	0.9552
2263	0.9568
2264	0.9634
2265	0.9561
2266	0.9495
2267	0.9555
2268	0.9590
2269	0.9574
2270	0.9555
2271	0.9602
2272	0.9553
2273	0.9558
2274	0.9540
2275	0.9534
2276	0.9532
2277	0.9631
2278	0.9610
2279	0.9566
2280	0.9548
2281	0.9457
2282	0.9482
2283	0.9496
2284	0.9589
2285	0.9564
2286	0.9549
2287	0.9539
2288	0.9544
2289	0.9553
2290	0.9514
2291	0.9488
2292	0.9560
2293	0.9523
2294	0.9464
2295	0.9500
2296	0.9509
2297	0.9450
2298	0.9414
2299	0.9520
2300	0.9635
2301	0.9605
2302	0.9571
2303	0.9625
2304	0.9619
2305	0.9616
2306	0.9549
2307	0.9409
2308	0.9444
2309	0.9545
2310	0.9602
2311	0.9574
2312	0.9519
2313	0.9485
2314	0.9450
2315	0.9491
2316	0.9493
2317	0.9408
2318	0.9370
2319	0.9423
2320	0.9454
2321	0.9440
2322	0.9419
2323	0.9397
2324	0.9464
2325	0.9552
2326	0.9523
2327	0.9483
2328	0.9441
2329	0.9403
2330	0.9310
2331	0.9322
2332	0.9449
2333	0.9444
2334	0.9402
2335	0.9402
2336	0.9389
2337	0.9360
2338	0.9443
2339	0.9551
2340	0.9491
2341	0.9410
2342	0.9408
2343	0.9458
2344	0.9497
2345	0.9491
2346	0.9440
2347	0.9441
2348	0.9443
2349	0.9459
2350	0.9504
2351	0.9416
2352	0.9405
2353	0.9388
2354	0.9375
2355	0.9407
2356	0.9375
2357	0.9369
2358	0.9430
2359	0.9387
2360	0.9345
2361	0.9430
2362	0.9316
2363	0.9302
2364	0.9328
2365	0.9275
2366	0.9312
2367	0.9307
2368	0.9374
2369	0.9405
2370	0.9381
2371	0.9351
2372	0.9348
2373	0.9392
2374	0.9274
2375	0.9343
2376	0.9472
2377	0.9446
2378	0.9395
2379	0.9489
2380	0.9339
2381	0.9313
2382	0.9448
2383	0.9498
2384	0.9450
2385	0.9426
2386	0.9350
2387	0.9323
2388	0.9436
2389	0.9509
2390	0.9335
2391	0.9238
2392	0.9392
2393	0.9365
2394	0.9401
2395	0.9405
2396	0.9357
2397	0.9509
2398	0.9573
2399	0.9330
2400	0.9243
2401	0.9268
2402	0.9208
2403	0.9263
2404	0.9329
2405	0.9483
2406	0.9419
2407	0.9389
2408	0.9324
2409	0.9265
2410	0.9433
2411	0.9476
2412	0.9489
2413	0.9384
2414	0.9252
2415	0.9402
2416	0.9340
2417	0.9370
2418	0.9257
2419	0.9295
2420	0.9263
2421	0.9423
2422	0.9378
2423	0.9294
2424	0.9358
2425	0.9434
2426	0.9447
2427	0.9493
2428	0.9419
2429	0.9432
2430	0.9274
2431	0.9257
2432	0.9254
2433	0.9219
2434	0.9424
2435	0.9675
2436	0.9372
2437	0.9245
2438	0.9349
2439	0.9305
2440	0.9393
2441	0.9336
2442	0.9274
2443	0.9429
2444	0.9442
2445	0.9261
2446	0.9301
2447	0.9354
2448	0.9354
2449	0.9228
2450	0.9385
2451	0.9242
2452	0.9392
2453	0.9314
2454	0.9405
2455	0.9408
2456	0.9343
2457	0.9199
2458	0.9342
2459	0.9382
2460	0.9465
2461	0.9375
2462	0.9515
2463	0.9385
2464	0.9336
2465	0.9387
2466	0.9395
2467	0.9309
2468	0.9167
2469	0.9532
2470	0.9405
2471	0.9401
2472	0.9470
2473	0.9464
2474	0.9520
2475	0.9192
2476	0.9349
2477	0.9352
2478	0.9359
2479	0.9260
2480	0.9244
2481	0.9237
2482	0.9497
2483	0.9502
2484	0.9537
2485	0.9679
2486	0.9375
2487	0.9431
2488	0.9523
2489	0.9558
2490	0.9360
2491	0.9432
2492	0.9240
2493	0.9554
2494	0.9287
2495	0.9275
2496	0.9115
2497	0.9396
2498	0.9266
2499	0.9416
2500	0.9298
