   5.6442667e-03   3.4243200e-01   3.6026700e-01
   5.8519611e-03   3.9837200e-01   4.4499000e-01
   6.5968500e-03   3.9046190e-01   4.3978340e-01
   6.6510889e-03   4.1977500e-01   4.4496150e-01
   8.3900833e-03   4.4836250e-01   4.8871515e-01
   8.0312667e-03   4.4208965e-01   4.9222355e-01
   8.1364833e-03   4.9462400e-01   5.4218400e-01
   9.1078000e-03   5.0068300e-01   5.5415400e-01
   9.0573000e-03   4.9801705e-01   5.6984640e-01
   9.6411444e-03   4.9942440e-01   5.2691565e-01
   1.1499750e-02   5.3484600e-01   6.3770100e-01
   1.2196800e-02   5.8477575e-01   6.5326300e-01
   1.5340050e-02   6.4558990e-01   7.1069140e-01
   2.0551100e-02   7.5605515e-01   8.1290140e-01
   2.8793967e-02   9.1726250e-01   9.9469400e-01
   4.9153939e-02   1.1743805e+00   1.2598935e+00
   7.8440222e-02   1.5588220e+00   1.7158675e+00
   1.2091843e-01   2.1960460e+00   2.3460490e+00
   1.7456497e-01   2.9049530e+00   3.0938925e+00
   2.6127054e-01   4.0855530e+00   4.3335380e+00
   3.7942090e-01   5.2193960e+00   5.5383250e+00
   5.1602780e-01   7.2015240e+00   7.6263330e+00
   6.5271872e-01   8.2990285e+00   8.7941970e+00
   7.8973812e-01   9.7698265e+00   1.0266820e+01
   9.8204164e-01   1.1500065e+01   1.2243915e+01
   1.2183204e+00   1.3930805e+01   1.4721105e+01
   1.3659315e+00   1.5837250e+01   1.6789515e+01
   1.5435112e+00   1.6937470e+01   1.7967405e+01
   1.7243094e+00   1.8882590e+01   2.0021935e+01
   1.9974077e+00   2.1829735e+01   2.3213025e+01
   2.3912752e+00   2.5882605e+01   2.7491705e+01
   2.6325451e+00   2.8477005e+01   3.0253005e+01
   2.8672909e+00   2.9802170e+01   3.1759355e+01
   2.8400268e+00   3.0772300e+01   3.2790585e+01
   2.9027160e+00   3.0856405e+01   3.2886855e+01
   2.9337927e+00   3.0700890e+01   3.2781210e+01
   2.8207482e+00   3.0430900e+01   3.2499465e+01
   2.8535100e+00   3.0672125e+01   3.2791825e+01
   2.9490878e+00   3.2164995e+01   3.4339875e+01
   3.0714740e+00   3.3586735e+01   3.5997760e+01
   3.0896912e+00   3.4116580e+01   3.6570805e+01
   3.0801066e+00   3.3030380e+01   3.5395520e+01
   3.0916694e+00   3.2600060e+01   3.5011040e+01
   3.2036319e+00   3.3465200e+01   3.5955870e+01
   3.2773476e+00   3.4638270e+01   3.7263820e+01
   3.3322240e+00   3.5726325e+01   3.8470130e+01
   3.4569086e+00   4.1368890e+01   4.4554395e+01
   3.5451056e+00   4.2307290e+01   4.5639245e+01
   3.5147724e+00   4.1672295e+01   4.4953635e+01
   3.2568394e+00   3.9103235e+01   4.2250610e+01
   3.2409660e+00   3.8338735e+01   4.1401195e+01
   3.3210014e+00   3.8974400e+01   4.2166775e+01
   3.4581638e+00   4.0903485e+01   4.4305240e+01
   3.5700365e+00   4.2165820e+01   4.5695755e+01
   3.8085977e+00   4.4568275e+01   4.8346090e+01
   3.8947496e+00   4.6375910e+01   5.0317005e+01
   3.9615698e+00   4.8052645e+01   5.2176015e+01
   3.9277169e+00   4.7766765e+01   5.1855320e+01
   3.8058735e+00   4.6921840e+01   5.1017400e+01
   3.5833387e+00   4.5193245e+01   4.9172885e+01
   3.5751203e+00   4.4762150e+01   4.8732535e+01
   3.8028350e+00   4.8038210e+01   5.2304050e+01
   4.0607026e+00   5.1570695e+01   5.6176855e+01
   4.0899960e+00   5.1693630e+01   5.6384615e+01
   3.7503125e+00   4.8492245e+01   5.2907940e+01
   3.3338321e+00   4.3214440e+01   4.7232645e+01
   3.0602720e+00   4.0167245e+01   4.3879355e+01
   3.1659733e+00   4.1761185e+01   4.5620725e+01
   3.3683948e+00   4.5107920e+01   4.9334420e+01
   3.5870765e+00   4.8518535e+01   5.3085390e+01
   3.8442211e+00   5.2487665e+01   5.7458715e+01
   3.7289982e+00   5.0772425e+01   5.5653880e+01
   3.4401418e+00   4.7582325e+01   5.2123810e+01
   3.3386570e+00   4.6823660e+01   5.1340635e+01
   3.4958715e+00   4.9626125e+01   5.4396820e+01
   3.9089007e+00   5.5894030e+01   6.1282370e+01
   4.5748748e+00   6.6471255e+01   7.3001550e+01
   5.0380476e+00   7.3817175e+01   8.1058520e+01
   5.0136889e+00   7.4546250e+01   8.1946130e+01
   4.7792780e+00   7.2141040e+01   7.9332220e+01
   4.5978839e+00   7.0646955e+01   7.7763590e+01
   4.8265161e+00   7.5412380e+01   8.2967115e+01
   5.2739381e+00   8.4455165e+01   9.2932160e+01
   5.6906650e+00   9.2924705e+01   1.0226905e+02
   5.5964584e+00   9.2646695e+01   1.0200265e+02
   5.3753719e+00   8.9640075e+01   9.8752295e+01
   5.1939598e+00   8.7659795e+01   9.6668915e+01
   5.0446133e+00   8.6166425e+01   9.5042105e+01
   4.8853614e+00   8.4799130e+01   9.3571325e+01
   4.7990511e+00   8.4556170e+01   9.3335965e+01
   4.7120763e+00   8.4080525e+01   9.2902760e+01
   4.6267893e+00   8.3574220e+01   9.2366750e+01
   4.5036872e+00   8.2667015e+01   9.1365405e+01
   4.3811835e+00   8.1612430e+01   9.0237385e+01
   4.2022852e+00   7.9281580e+01   8.7775115e+01
   3.9186409e+00   7.4685055e+01   8.2664650e+01
   3.8534428e+00   7.4866525e+01   8.2818645e+01
   4.1221660e+00   8.1211575e+01   8.9857645e+01
   4.4687593e+00   8.9541055e+01   9.9149770e+01
   4.5655143e+00   9.2537935e+01   1.0250000e+02
   4.5234362e+00   9.2563100e+01   1.0256540e+02
   4.4811850e+00   9.2975555e+01   1.0304905e+02
   4.4761264e+00   9.3559155e+01   1.0375675e+02
   4.5209287e+00   9.6133100e+01   1.0664720e+02
   4.5576410e+00   9.7943170e+01   1.0868225e+02
   4.5042011e+00   9.7824000e+01   1.0858560e+02
   4.4823793e+00   9.8531955e+01   1.0941730e+02
   4.5179744e+00   1.0052532e+02   1.1168585e+02
   4.6194033e+00   1.0396030e+02   1.1551300e+02
   4.6521114e+00   1.0595535e+02   1.1777990e+02
   4.5918008e+00   1.0578105e+02   1.1761260e+02
   4.5077101e+00   1.0512495e+02   1.1689690e+02
   4.4744141e+00   1.0571665e+02   1.1764335e+02
   4.4216920e+00   1.0553815e+02   1.1742950e+02
   4.4008884e+00   1.0622250e+02   1.1823000e+02
   4.4894208e+00   1.0969540e+02   1.2211390e+02
   4.5995942e+00   1.1341130e+02   1.2628670e+02
   4.5617631e+00   1.1370700e+02   1.2663150e+02
   4.4190644e+00   1.1119095e+02   1.2386425e+02
   4.2446864e+00   1.0810105e+02   1.2046460e+02
   4.1361507e+00   1.0654380e+02   1.1876705e+02
   4.0614939e+00   1.0554250e+02   1.1766560e+02
   4.0203318e+00   1.0554700e+02   1.1771295e+02
   4.0083693e+00   1.0635980e+02   1.1866915e+02
   3.9938827e+00   1.0711765e+02   1.1955075e+02
   3.9704133e+00   1.0760110e+02   1.2010810e+02
   3.9487797e+00   1.0821520e+02   1.2081205e+02
   3.9408832e+00   1.0888935e+02   1.2157755e+02
   3.8793280e+00   1.0807770e+02   1.2073935e+02
   3.7172714e+00   1.0427335e+02   1.1653360e+02
   3.5379736e+00   1.0009445e+02   1.1189010e+02
   3.5614951e+00   1.0142897e+02   1.1334795e+02
   3.8542363e+00   1.1105895e+02   1.2403940e+02
   4.0073763e+00   1.1696985e+02   1.3065700e+02
   3.9082226e+00   1.1511370e+02   1.2864905e+02
   3.7205602e+00   1.1034360e+02   1.2339190e+02
   3.5893910e+00   1.0723770e+02   1.1992965e+02
   3.5566708e+00   1.0721110e+02   1.1994685e+02
   3.5506244e+00   1.0811090e+02   1.2096410e+02
   3.5001803e+00   1.0754605e+02   1.2038690e+02
   3.4096028e+00   1.0555475e+02   1.1817705e+02
   3.3018752e+00   1.0316925e+02   1.1550675e+02
   3.2291037e+00   1.0185618e+02   1.1407435e+02
   3.2048603e+00   1.0214754e+02   1.1440070e+02
   3.2334014e+00   1.0393840e+02   1.1645975e+02
   3.2303129e+00   1.0482205e+02   1.1744915e+02
   3.2149490e+00   1.0528465e+02   1.1801800e+02
   3.1984750e+00   1.0577820e+02   1.1856980e+02
   3.1729524e+00   1.0590900e+02   1.1872210e+02
   3.1155412e+00   1.0504505e+02   1.1777540e+02
   3.0370459e+00   1.0320460e+02   1.1572085e+02
   2.9172479e+00   9.9932565e+01   1.1208150e+02
   2.8280878e+00   9.7613515e+01   1.0950915e+02
   2.8220920e+00   9.8360015e+01   1.1032840e+02
   2.8762713e+00   1.0106133e+02   1.1338890e+02
   2.8989946e+00   1.0262725e+02   1.1514785e+02
   2.9100714e+00   1.0378455e+02   1.1648735e+02
   2.8738070e+00   1.0321825e+02   1.1587340e+02
   2.8247481e+00   1.0220282e+02   1.1476540e+02
   2.8140382e+00   1.0257740e+02   1.1518910e+02
   2.8462670e+00   1.0471595e+02   1.1757995e+02
   2.8188750e+00   1.0448595e+02   1.1737570e+02
   2.7688090e+00   1.0345465e+02   1.1624175e+02
   2.7405852e+00   1.0307110e+02   1.1581305e+02
   2.7262142e+00   1.0337055e+02   1.1618200e+02
   2.7021236e+00   1.0316010e+02   1.1593450e+02
   2.6482879e+00   1.0180535e+02   1.1444900e+02
   2.6021454e+00   1.0090081e+02   1.1344365e+02
   2.5811349e+00   1.0081817e+02   1.1336400e+02
   2.5699291e+00   1.0126899e+02   1.1386160e+02
   2.5405001e+00   1.0088876e+02   1.1346205e+02
   2.4823281e+00   9.9345445e+01   1.1177320e+02
   2.4434003e+00   9.8676640e+01   1.1103975e+02
   2.4819963e+00   1.0113741e+02   1.1377125e+02
   2.5740004e+00   1.0589195e+02   1.1913780e+02
   2.6304341e+00   1.0907655e+02   1.2268950e+02
   2.6032177e+00   1.0867595e+02   1.2227530e+02
   2.5213583e+00   1.0608750e+02   1.1938580e+02
   2.4277646e+00   1.0282160e+02   1.1575035e+02
   2.3641017e+00   1.0080510e+02   1.1350390e+02
   2.3266588e+00   1.0000595e+02   1.1259395e+02
   2.3061014e+00   1.0002806e+02   1.1263540e+02
   2.2787722e+00   9.9540915e+01   1.1209820e+02
   2.2417659e+00   9.8789300e+01   1.1126805e+02
   2.2054084e+00   9.7970870e+01   1.1036075e+02
   2.1669696e+00   9.7208300e+01   1.0953480e+02
   2.1193899e+00   9.6244055e+01   1.0844095e+02
   2.0910962e+00   9.6017905e+01   1.0821690e+02
   2.0755403e+00   9.6432655e+01   1.0868615e+02
   2.0543551e+00   9.6705105e+01   1.0901840e+02
   2.0239633e+00   9.6400500e+01   1.0864350e+02
   1.9911707e+00   9.5952290e+01   1.0816840e+02
   1.9706957e+00   9.6306970e+01   1.0858600e+02
   1.9653372e+00   9.7320235e+01   1.0971105e+02
   1.9651588e+00   9.8664455e+01   1.1125500e+02
   1.9509954e+00   9.9369590e+01   1.1207160e+02
   1.9126157e+00   9.8948320e+01   1.1161000e+02
   1.8575361e+00   9.7853005e+01   1.1036350e+02
   1.7753859e+00   9.5274425e+01   1.0748885e+02
   1.7089149e+00   9.3470470e+01   1.0547005e+02
   1.6741771e+00   9.3293205e+01   1.0527790e+02
   1.6639684e+00   9.4384370e+01   1.0651800e+02
   1.6474150e+00   9.5011900e+01   1.0719245e+02
   1.6270653e+00   9.5639235e+01   1.0791960e+02
   1.6046559e+00   9.6046605e+01   1.0842050e+02
   1.5751391e+00   9.6097400e+01   1.0845510e+02
   1.5383941e+00   9.5548900e+01   1.0785680e+02
   1.5076326e+00   9.5097200e+01   1.0732360e+02
   1.4847221e+00   9.4935895e+01   1.0717765e+02
   1.4669781e+00   9.4968220e+01   1.0722325e+02
   1.4453755e+00   9.4521065e+01   1.0672785e+02
   1.4185013e+00   9.3595465e+01   1.0568340e+02
   1.3937388e+00   9.2575645e+01   1.0455505e+02
   1.3714229e+00   9.1905150e+01   1.0379870e+02
   1.3570135e+00   9.1799225e+01   1.0372880e+02
   1.3513344e+00   9.2139105e+01   1.0406720e+02
   1.3431219e+00   9.2302080e+01   1.0426140e+02
   1.3352593e+00   9.2579380e+01   1.0460240e+02
   1.3284225e+00   9.2894470e+01   1.0494845e+02
   1.3283097e+00   9.3555265e+01   1.0570115e+02
   1.3253325e+00   9.3490510e+01   1.0561755e+02
   1.3126291e+00   9.2728790e+01   1.0474575e+02
   1.2893552e+00   9.1588445e+01   1.0348965e+02
   1.2652141e+00   9.0615815e+01   1.0236340e+02
   1.2413388e+00   8.9915910e+01   1.0158120e+02
   1.2149749e+00   8.9177345e+01   1.0074735e+02
   1.1934001e+00   8.8816630e+01   1.0041495e+02
   1.1788934e+00   8.8889795e+01   1.0044433e+02
   1.1705086e+00   8.9441625e+01   1.0107330e+02
   1.1684330e+00   9.0178960e+01   1.0192860e+02
   1.1640268e+00   9.0788760e+01   1.0264100e+02
   1.1583727e+00   9.1370380e+01   1.0327870e+02
   1.1489369e+00   9.1506765e+01   1.0343830e+02
   1.1321328e+00   9.1092360e+01   1.0299085e+02
   1.1167385e+00   9.0525735e+01   1.0235380e+02
   1.1046884e+00   9.0176540e+01   1.0199170e+02
   1.0888239e+00   8.9738020e+01   1.0149790e+02
   1.0660917e+00   8.8702515e+01   1.0032939e+02
   1.0420807e+00   8.7693250e+01   9.9141960e+01
   1.0278249e+00   8.7129310e+01   9.8517785e+01
   1.0267966e+00   8.7701685e+01   9.9209395e+01
   1.0322283e+00   8.8796730e+01   1.0042625e+02
   1.0265106e+00   8.8939215e+01   1.0057723e+02
   9.9155933e-01   8.6329790e+01   9.7675175e+01
   9.5547700e-01   8.3702125e+01   9.4699800e+01
   9.4679310e-01   8.3787885e+01   9.4812855e+01
   9.6647300e-01   8.6422200e+01   9.7768500e+01
   9.7732988e-01   8.8105010e+01   9.9688440e+01
   9.7547516e-01   8.8619745e+01   1.0027575e+02
   9.6630100e-01   8.8529345e+01   1.0016215e+02
   9.4937487e-01   8.8058730e+01   9.9648290e+01
   9.3188212e-01   8.7776425e+01   9.9352145e+01
   9.2375511e-01   8.7633345e+01   9.9166435e+01
   9.1591150e-01   8.7424175e+01   9.8966090e+01
   9.0697806e-01   8.7060090e+01   9.8539455e+01
   8.9886990e-01   8.6884905e+01   9.8361340e+01
   8.9397290e-01   8.6877565e+01   9.8375220e+01
   8.8927010e-01   8.6906375e+01   9.8383625e+01
   8.8305556e-01   8.6873875e+01   9.8366655e+01
   8.7662250e-01   8.6798930e+01   9.8283500e+01
   8.7072214e-01   8.6634755e+01   9.8130880e+01
   8.6114591e-01   8.6418225e+01   9.7874855e+01
   8.4895368e-01   8.5740920e+01   9.7105975e+01
   8.2125824e-01   8.3541575e+01   9.4629055e+01
   7.5388391e-01   7.7620170e+01   8.7926920e+01
   6.9179669e-01   7.2377380e+01   8.1976490e+01
   6.7365521e-01   7.1350380e+01   8.0812125e+01
   6.9156977e-01   7.4031150e+01   8.3846500e+01
   7.0947939e-01   7.6460400e+01   8.6620540e+01
   7.1590239e-01   7.7750635e+01   8.8060585e+01
   7.1722674e-01   7.8442380e+01   8.8850280e+01
   7.2032751e-01   7.9271295e+01   8.9809630e+01
   7.1914014e-01   7.9763710e+01   9.0374175e+01
   7.1077947e-01   7.9525670e+01   9.0083480e+01
   7.0377529e-01   7.9479045e+01   9.0048025e+01
   7.0410118e-01   8.0120800e+01   9.0786035e+01
   7.0744078e-01   8.0961460e+01   9.1701530e+01
   7.0589007e-01   8.1356265e+01   9.2158915e+01
   6.9899204e-01   8.1106390e+01   9.1907795e+01
   6.8997778e-01   8.0670210e+01   9.1422290e+01
   6.7905368e-01   8.0131210e+01   9.0854980e+01
   6.7008310e-01   7.9565860e+01   9.0188595e+01
   6.5775832e-01   7.8691365e+01   8.9216585e+01
   6.4133810e-01   7.7345390e+01   8.7659610e+01
   6.0639468e-01   7.4001570e+01   8.3887280e+01
   5.5520410e-01   6.8870100e+01   7.8105300e+01
   5.1435453e-01   6.4557610e+01   7.3143965e+01
   5.0933942e-01   6.4457780e+01   7.3075130e+01
   5.2320584e-01   6.6591075e+01   7.5526080e+01
   5.2739568e-01   6.7460090e+01   7.6459390e+01
   5.1525984e-01   6.6397130e+01   7.5261060e+01
   5.0520227e-01   6.5745360e+01   7.4523600e+01
   5.0294689e-01   6.5764195e+01   7.4614730e+01
   5.0066366e-01   6.6151865e+01   7.5024775e+01
   5.0661604e-01   6.7071630e+01   7.6081255e+01
   5.1944782e-01   6.8960065e+01   7.8253445e+01
   5.3239120e-01   7.0898930e+01   8.0436345e+01
   5.3873970e-01   7.1919635e+01   8.1564865e+01
   5.3807704e-01   7.2164420e+01   8.1847735e+01
   5.3614120e-01   7.2224485e+01   8.1959790e+01
   5.3709611e-01   7.2480340e+01   8.2258980e+01
   5.3987616e-01   7.2899125e+01   8.2703500e+01
   5.4401816e-01   7.3550730e+01   8.3453570e+01
   5.4419010e-01   7.4104115e+01   8.4055555e+01
   5.4378826e-01   7.4318555e+01   8.4307825e+01
   5.3944334e-01   7.4051550e+01   8.4066880e+01
   5.3352877e-01   7.3625200e+01   8.3578450e+01
   5.2553387e-01   7.2934410e+01   8.2776805e+01
   5.1756640e-01   7.2325450e+01   8.2094500e+01
   5.1525774e-01   7.1990320e+01   8.1732675e+01
   5.0996114e-01   7.1910575e+01   8.1601775e+01
   5.0155482e-01   7.1379855e+01   8.1033130e+01
   4.8235633e-01   6.9012800e+01   7.8351010e+01
   4.0570040e-01   5.8562640e+01   6.6572460e+01
   2.9425892e-01   4.3182555e+01   4.9123625e+01
   2.1339501e-01   3.2153520e+01   3.6528720e+01
   2.0742789e-01   3.1973410e+01   3.6277520e+01
   2.4679410e-01   3.8045200e+01   4.3167480e+01
   3.0933897e-01   4.7500240e+01   5.3910775e+01
   3.7805704e-01   5.7368950e+01   6.5095055e+01
   4.2760927e-01   6.4385755e+01   7.3077930e+01
   4.5341429e-01   6.7894205e+01   7.7049185e+01
   4.6271514e-01   6.9186805e+01   7.8604110e+01
   4.6354040e-01   6.9497740e+01   7.8899485e+01
   4.6115656e-01   6.9409445e+01   7.8833630e+01
   4.5683927e-01   6.9033000e+01   7.8386790e+01
   4.5475554e-01   6.8816755e+01   7.8130930e+01
   4.5051806e-01   6.8620305e+01   7.7930740e+01
   4.4669720e-01   6.8596555e+01   7.7890255e+01
   4.4232544e-01   6.8306130e+01   7.7586460e+01
   4.3878333e-01   6.7915495e+01   7.7139070e+01
   4.3302670e-01   6.7536040e+01   7.6678565e+01
   4.2695396e-01   6.7039765e+01   7.6084325e+01
   4.2222889e-01   6.6373205e+01   7.5345830e+01
   4.1504511e-01   6.5624760e+01   7.4546310e+01
   4.0757992e-01   6.4871320e+01   7.3655570e+01
   4.0067850e-01   6.4202090e+01   7.2930195e+01
   3.9717811e-01   6.3789370e+01   7.2458285e+01
   3.9471091e-01   6.3596060e+01   7.2238900e+01
   3.9304153e-01   6.3674225e+01   7.2321650e+01
   3.9266040e-01   6.3738000e+01   7.2451310e+01
   3.8718659e-01   6.3607035e+01   7.2255385e+01
   3.8353447e-01   6.3164630e+01   7.1767260e+01
   3.7895262e-01   6.2695455e+01   7.1237300e+01
   3.7567854e-01   6.2249675e+01   7.0651035e+01
   3.7360348e-01   6.1783040e+01   7.0190950e+01
   3.6986757e-01   6.1582240e+01   6.9906445e+01
   3.6827430e-01   6.1856180e+01   7.0307925e+01
   3.6859289e-01   6.2154110e+01   7.0650355e+01
   3.6136028e-01   6.1567995e+01   6.9920145e+01
   3.5091262e-01   5.9831655e+01   6.7961860e+01
   3.3278161e-01   5.7455395e+01   6.5297375e+01
   3.0988053e-01   5.4603075e+01   6.2032845e+01
   2.9597524e-01   5.2463615e+01   5.9509500e+01
   2.9313060e-01   5.1506460e+01   5.8489280e+01
   2.9439042e-01   5.2292825e+01   5.9330510e+01
   2.9736917e-01   5.3003540e+01   6.0215295e+01
   2.9486319e-01   5.2681445e+01   5.9879795e+01
   2.9424453e-01   5.2779160e+01   5.9924550e+01
   2.9889994e-01   5.3820680e+01   6.1166950e+01
   3.0394416e-01   5.5025065e+01   6.2474410e+01
   2.9779840e-01   5.4807655e+01   6.2220735e+01
   2.9649099e-01   5.4390510e+01   6.1809630e+01
   2.9274917e-01   5.4397135e+01   6.1882975e+01
   2.9589733e-01   5.4721905e+01   6.2180265e+01
   2.9712356e-01   5.5281410e+01   6.2773585e+01
   2.9993289e-01   5.6061935e+01   6.3650750e+01
   3.0438100e-01   5.7003850e+01   6.4787245e+01
   3.0958000e-01   5.7655615e+01   6.5515485e+01
   3.0829728e-01   5.8162060e+01   6.6106835e+01
   3.1133585e-01   5.8544665e+01   6.6483630e+01
   3.0826530e-01   5.8564415e+01   6.6514970e+01
   3.0740629e-01   5.8484210e+01   6.6484565e+01
   3.0614177e-01   5.8353110e+01   6.6275305e+01
   3.0223416e-01   5.8184955e+01   6.6150855e+01
   2.9881849e-01   5.7670835e+01   6.5541640e+01
   2.9070007e-01   5.6565280e+01   6.4347860e+01
   2.8759129e-01   5.5740480e+01   6.3296030e+01
   2.7971187e-01   5.4819875e+01   6.2332465e+01
   2.7643287e-01   5.3644370e+01   6.0957635e+01
   2.7197060e-01   5.3132245e+01   6.0347940e+01
   2.7217441e-01   5.3745875e+01   6.1043760e+01
   2.7728562e-01   5.5320160e+01   6.2879005e+01
   2.8174926e-01   5.5956610e+01   6.3538330e+01
   2.7880912e-01   5.5800895e+01   6.3456535e+01
   2.7705326e-01   5.5628740e+01   6.3230970e+01
   2.7332750e-01   5.5273925e+01   6.2770425e+01
   2.6409192e-01   5.3969885e+01   6.1300535e+01
   2.5990201e-01   5.2551780e+01   5.9715275e+01
   2.5485289e-01   5.1823600e+01   5.8899595e+01
   2.5775218e-01   5.2637915e+01   5.9670175e+01
   2.5863430e-01   5.3505250e+01   6.0697505e+01
   2.6068792e-01   5.4087760e+01   6.1332955e+01
   2.5849626e-01   5.4224630e+01   6.1519475e+01
   2.5899181e-01   5.4245900e+01   6.1662650e+01
   2.5960770e-01   5.4297910e+01   6.1665315e+01
   2.5576153e-01   5.4338705e+01   6.1664880e+01
   2.5798667e-01   5.4081880e+01   6.1403625e+01
   2.5141740e-01   5.3762815e+01   6.1082305e+01
   2.4950696e-01   5.3467020e+01   6.0796605e+01
   2.4878040e-01   5.3427165e+01   6.0710545e+01
   2.4962116e-01   5.3313325e+01   6.0589220e+01
   2.4813643e-01   5.2999425e+01   6.0230375e+01
   2.4730958e-01   5.2661165e+01   5.9811665e+01
   2.4324011e-01   5.2375335e+01   5.9540000e+01
   2.4141884e-01   5.2111965e+01   5.9276915e+01
   2.3505838e-01   5.1457455e+01   5.8445650e+01
   2.2933898e-01   5.0285905e+01   5.7144715e+01
   2.1978196e-01   4.8440060e+01   5.4927890e+01
   2.0422610e-01   4.5980295e+01   5.2185540e+01
   1.9193448e-01   4.3415000e+01   4.9371475e+01
   1.8020497e-01   4.1051610e+01   4.6715215e+01
   1.7659147e-01   3.9802670e+01   4.5138110e+01
   1.7186377e-01   3.9153125e+01   4.4435900e+01
   1.7388799e-01   4.0276725e+01   4.5702970e+01
   1.8107267e-01   4.1849650e+01   4.7471845e+01
   1.8197550e-01   4.2794805e+01   4.8595375e+01
   1.8424836e-01   4.2229230e+01   4.7961655e+01
   1.7587478e-01   4.0417375e+01   4.5884925e+01
   1.6738339e-01   3.9165560e+01   4.4462845e+01
   1.6681058e-01   3.9082140e+01   4.4416905e+01
   1.6512478e-01   3.9062380e+01   4.4236215e+01
   1.6328407e-01   3.9128765e+01   4.4260105e+01
   1.6031680e-01   3.8582510e+01   4.3713650e+01
   1.5834347e-01   3.8667910e+01   4.3740090e+01
   1.6130373e-01   3.9051105e+01   4.4122730e+01
   1.6284357e-01   4.0140530e+01   4.5445855e+01
   1.7310797e-01   4.1237310e+01   4.6593500e+01
   1.7415586e-01   4.1623200e+01   4.7066975e+01
   1.6996867e-01   4.1082740e+01   4.6556690e+01
   1.6236214e-01   4.0400975e+01   4.5623930e+01
   1.5701729e-01   3.9308350e+01   4.4516315e+01
   1.5081601e-01   3.7645950e+01   4.2417815e+01
   1.3238642e-01   3.4604410e+01   3.9026885e+01
   1.1513538e-01   3.0066270e+01   3.3997615e+01
   9.7467167e-02   2.5124990e+01   2.8488605e+01
   8.0136583e-02   2.0701845e+01   2.3403435e+01
   7.0737333e-02   1.7698910e+01   1.9973860e+01
   6.6765600e-02   1.6510985e+01   1.8589940e+01
   6.5455917e-02   1.6865940e+01   1.9086545e+01
   7.0898800e-02   1.8665470e+01   2.0993330e+01
   7.5756800e-02   2.0860605e+01   2.3515300e+01
   8.3453433e-02   2.2863895e+01   2.5695480e+01
   8.4758194e-02   2.2722605e+01   2.5633635e+01
   8.1372411e-02   2.1573605e+01   2.4321490e+01
   7.6147500e-02   2.0503045e+01   2.2981135e+01
   7.6426289e-02   2.0177150e+01   2.2714405e+01
   7.5677350e-02   2.0939760e+01   2.3557980e+01
   7.9013611e-02   2.1406250e+01   2.4144835e+01
   7.9926600e-02   2.2076530e+01   2.5011185e+01
   8.2479378e-02   2.2331545e+01   2.5133505e+01
   8.5421667e-02   2.3002890e+01   2.5872425e+01
   8.4352622e-02   2.3021890e+01   2.5922830e+01
   8.9148578e-02   2.3736155e+01   2.6698600e+01
   8.4088150e-02   2.4307885e+01   2.7347775e+01
   8.6867856e-02   2.4866710e+01   2.8013280e+01
   9.4629600e-02   2.5810780e+01   2.9069405e+01
   9.8494000e-02   2.6355325e+01   2.9604200e+01
   1.0221278e-01   2.7654495e+01   3.1358575e+01
   1.0703175e-01   2.8888995e+01   3.2481920e+01
   1.0371994e-01   2.9846710e+01   3.3565245e+01
   1.1025556e-01   3.1111885e+01   3.5104440e+01
   1.2492333e-01   3.2923705e+01   3.7139545e+01
   1.2573369e-01   3.4697340e+01   3.9152000e+01
   1.2573369e-01   3.4697340e+01   3.9152000e+01
   1.3434700e-01   3.6061540e+01   4.0623170e+01
   1.3553915e-01   3.6214210e+01   4.0889165e+01
   1.3239454e-01   3.5555355e+01   4.0193430e+01
   1.3213251e-01   3.5500455e+01   4.0135450e+01
   1.2912979e-01   3.4870300e+01   3.9239370e+01
   1.1993760e-01   3.4458875e+01   3.8675875e+01
   1.2609954e-01   3.4735455e+01   3.9023715e+01
   1.2721988e-01   3.4785745e+01   3.9086955e+01
   1.3162356e-01   3.5226260e+01   3.9755085e+01
   1.2765133e-01   3.5960560e+01   4.0376295e+01
   1.3997732e-01   3.6712845e+01   4.1181245e+01
   1.4221842e-01   3.6849625e+01   4.1327600e+01
   1.3440647e-01   3.7439945e+01   4.2096135e+01
   1.4044387e-01   3.8215530e+01   4.3333860e+01
   1.4137714e-01   3.8666430e+01   4.3456880e+01
   1.4165713e-01   3.8801700e+01   4.3493785e+01
   1.4900204e-01   3.9130645e+01   4.3941695e+01
   1.4990657e-01   3.9417555e+01   4.4539730e+01
   1.4885525e-01   3.9651125e+01   4.4546935e+01
   1.4838800e-01   3.9754930e+01   4.4550135e+01
   1.5424887e-01   3.9659835e+01   4.4429960e+01
   1.6259167e-01   3.9425820e+01   4.4545920e+01
   1.5317713e-01   3.9536950e+01   4.4574585e+01
   1.4899289e-01   3.9586345e+01   4.4587320e+01
   1.4408631e-01   3.9249835e+01   4.4131475e+01
   1.7596080e-01   3.9300255e+01   4.3951105e+01
   1.4815705e-01   3.8728205e+01   4.3639225e+01
   1.3383850e-01   3.8432790e+01   4.3468835e+01
   1.4102478e-01   3.8422270e+01   4.3197475e+01
   1.4284572e-01   3.8073470e+01   4.2733865e+01
   1.3869938e-01   3.7974420e+01   4.2878760e+01
   1.3577141e-01   3.7902760e+01   4.2935935e+01
   1.2761675e-01   3.7622470e+01   4.2604640e+01
   1.2633060e-01   3.7746395e+01   4.2548965e+01
   1.2037604e-01   3.7885665e+01   4.2835340e+01
   1.1583278e-01   3.8034200e+01   4.3045835e+01
   1.1043143e-01   3.8280130e+01   4.3292400e+01
   1.1103864e-01   3.8460890e+01   4.3519955e+01
   1.1141231e-01   3.8572125e+01   4.3659995e+01
   1.1162749e-01   3.8652565e+01   4.3739390e+01
   1.1218692e-01   3.8861700e+01   4.3945825e+01
   1.1274635e-01   3.9070840e+01   4.4152260e+01
   1.1309061e-01   3.9199540e+01   4.4279295e+01
   1.1349959e-01   3.9256490e+01   4.4336745e+01
   1.1438571e-01   3.9379880e+01   4.4461225e+01
   1.1527181e-01   3.9503265e+01   4.4585710e+01
   1.1574897e-01   3.9569710e+01   4.4652735e+01
   1.1580384e-01   3.9599315e+01   4.4687415e+01
   1.1592273e-01   3.9663465e+01   4.4762545e+01
   1.1604159e-01   3.9727610e+01   4.4837670e+01
   1.1610561e-01   3.9762145e+01   4.4878125e+01
   1.1604816e-01   3.9766920e+01   4.4881205e+01
   1.1592372e-01   3.9777270e+01   4.4887865e+01
   1.1579924e-01   3.9787620e+01   4.4894530e+01
   1.1573222e-01   3.9793190e+01   4.4898120e+01
   1.1558631e-01   3.9760715e+01   4.4866525e+01
   1.1531536e-01   3.9700400e+01   4.4807855e+01
   1.1504438e-01   3.9640085e+01   4.4749180e+01
   1.1489847e-01   3.9607610e+01   4.4717585e+01
   1.1451051e-01   3.9574065e+01   4.4675105e+01
   1.1366993e-01   3.9501395e+01   4.4583050e+01
   1.1282935e-01   3.9428725e+01   4.4491000e+01
   1.1237673e-01   3.9389590e+01   4.4441430e+01
   1.1245017e-01   3.9359100e+01   4.4406790e+01
   1.1285400e-01   3.9191390e+01   4.4216260e+01
   1.1383536e-01   3.8947270e+01   4.3941310e+01
   1.1301333e-01   3.8636410e+01   4.3597600e+01
   1.1273448e-01   3.8320430e+01   4.3231775e+01
   1.0983150e-01   3.7952930e+01   4.2820630e+01
   1.0825748e-01   3.7523400e+01   4.2349705e+01
   1.0667174e-01   3.7028190e+01   4.1780680e+01
   1.0412613e-01   3.6504110e+01   4.1201855e+01
   1.0074104e-01   3.5961050e+01   4.0591065e+01
   9.7655933e-02   3.5485545e+01   4.0034575e+01
   9.7359511e-02   3.5119305e+01   3.9621520e+01
   9.7392222e-02   3.4770195e+01   3.9239935e+01
   9.5242467e-02   3.4320655e+01   3.8717340e+01
   9.3346444e-02   3.3833295e+01   3.8153685e+01
   9.3954311e-02   3.3271685e+01   3.7533105e+01
   9.2653100e-02   3.2535470e+01   3.6711045e+01
   9.3926000e-02   3.1670180e+01   3.5722540e+01
   9.5274433e-02   3.0664325e+01   3.4595055e+01
   9.2749800e-02   2.9478250e+01   3.3263290e+01
   8.4964156e-02   2.7829705e+01   3.1381025e+01
   7.3128500e-02   2.4963120e+01   2.8137850e+01
   6.0697311e-02   2.0959420e+01   2.3631920e+01
   4.9746300e-02   1.7118535e+01   1.9280600e+01
   4.0787756e-02   1.4498965e+01   1.6302260e+01
   3.4006022e-02   1.3292845e+01   1.4959720e+01
   3.0261900e-02   1.2858280e+01   1.4479630e+01
   2.8474156e-02   1.3049765e+01   1.4691245e+01
   2.9962578e-02   1.3738730e+01   1.5467635e+01
   2.9976956e-02   1.3542200e+01   1.5252295e+01
   2.8796733e-02   1.2968970e+01   1.4607280e+01
   2.8287700e-02   1.3340225e+01   1.5005310e+01
   3.0568889e-02   1.4765020e+01   1.6612585e+01
   3.5311833e-02   1.6795975e+01   1.8939335e+01
   4.0176333e-02   1.8924140e+01   2.1344800e+01
   4.4445333e-02   2.0766635e+01   2.3389550e+01
   4.8307256e-02   2.2043235e+01   2.4843490e+01
   4.9694400e-02   2.2782640e+01   2.5705750e+01
   5.1200989e-02   2.3107195e+01   2.6080240e+01
   5.2892400e-02   2.3245175e+01   2.6224500e+01
   5.3551222e-02   2.3459925e+01   2.6465360e+01
   5.5038244e-02   2.4009870e+01   2.7075480e+01
   5.6426333e-02   2.4524975e+01   2.7648740e+01
   5.6339900e-02   2.4509300e+01   2.7635720e+01
   5.5447467e-02   2.4211825e+01   2.7314795e+01
   5.4990522e-02   2.4118655e+01   2.7229785e+01
   5.7702244e-02   2.4216620e+01   2.7347460e+01
   5.7588878e-02   2.4454385e+01   2.7603520e+01
   5.6929656e-02   2.4756960e+01   2.7917960e+01
   5.9673244e-02   2.4985530e+01   2.8165510e+01
   6.0799200e-02   2.5116070e+01   2.8350450e+01
   6.0194400e-02   2.5226665e+01   2.8473785e+01
   5.9905900e-02   2.5283760e+01   2.8523460e+01
   5.8070833e-02   2.5307520e+01   2.8556015e+01
   5.5784167e-02   2.5225395e+01   2.8460865e+01
   5.4416000e-02   2.5014735e+01   2.8238860e+01
   5.3905322e-02   2.4758875e+01   2.7959065e+01
   5.2073400e-02   2.4437510e+01   2.7596870e+01
   4.9388533e-02   2.3983025e+01   2.7086315e+01
   4.7020067e-02   2.3170455e+01   2.6155625e+01
   4.3509800e-02   2.2017950e+01   2.4854830e+01
   4.0973778e-02   2.0882445e+01   2.3593395e+01
   4.1078333e-02   2.0457245e+01   2.3102425e+01
   4.1966200e-02   2.0861275e+01   2.3544075e+01
   4.2400467e-02   2.1320705e+01   2.4068350e+01
   4.2969600e-02   2.1555040e+01   2.4323685e+01
   4.4150889e-02   2.1773815e+01   2.4572180e+01
   4.5251733e-02   2.1953020e+01   2.4775725e+01
   4.5209633e-02   2.1925715e+01   2.4734890e+01
   4.4483222e-02   2.1682015e+01   2.4456675e+01
   4.2759600e-02   2.1282510e+01   2.4008200e+01
   4.1192800e-02   2.0714680e+01   2.3371870e+01
   3.9618667e-02   1.9996625e+01   2.2552060e+01
   3.7698711e-02   1.9196400e+01   2.1647005e+01
   3.5737167e-02   1.8430890e+01   2.0794905e+01
   3.4195733e-02   1.7725010e+01   1.9996430e+01
   3.1691944e-02   1.7031785e+01   1.9203585e+01
   2.9474500e-02   1.5936630e+01   1.7958000e+01
   2.6475867e-02   1.4392570e+01   1.6232720e+01
   2.2932800e-02   1.3313920e+01   1.5009100e+01
   2.0946178e-02   1.2711455e+01   1.4336370e+01
   1.8756833e-02   1.1633240e+01   1.3113675e+01
   1.5235500e-02   9.5188100e+00   1.0708935e+01
   9.9293333e-03   6.9063600e+00   7.7715625e+00
   5.8916000e-03   4.8015615e+00   5.4083765e+00
   4.8099333e-03   3.4979725e+00   3.9456230e+00
   4.1560000e-03   2.7133135e+00   3.0662275e+00
   2.6575222e-03   2.1818545e+00   2.4747675e+00
   1.8629333e-03   1.7866075e+00   2.0171375e+00
   1.9922111e-03   1.4630865e+00   1.6485480e+00
   2.0043000e-03   1.2011475e+00   1.3609960e+00
   1.4322667e-03   1.0102687e+00   1.1348230e+00
   1.5662111e-03   8.7833200e-01   9.8696780e-01
   1.5793556e-03   8.2683085e-01   9.2586630e-01
   1.7076889e-03   8.3553525e-01   9.3681225e-01
   1.9495111e-03   8.6654840e-01   9.8408555e-01
   2.3076556e-03   9.1361610e-01   1.0332835e+00
   2.6490444e-03   9.5180690e-01   1.0724910e+00
   1.7911667e-03   9.6635980e-01   1.0882835e+00
   1.6661556e-03   1.0371670e+00   1.1628840e+00
   1.7783333e-03   1.2117055e+00   1.3564865e+00
   2.2221556e-03   1.3911895e+00   1.5511220e+00
   1.8519111e-03   1.6213130e+00   1.8050615e+00
   1.9682222e-03   1.9478690e+00   2.1789355e+00
   3.5832556e-03   2.2134925e+00   2.4766950e+00
   4.1432000e-03   2.3772360e+00   2.6631065e+00
   3.2140889e-03   2.4884815e+00   2.7882980e+00
   2.6317111e-03   2.6269325e+00   2.9489020e+00
   3.1848444e-03   2.9198255e+00   3.2670710e+00
   2.8355556e-03   3.3232650e+00   3.7265330e+00
   4.0884000e-03   3.8578820e+00   4.3332505e+00
   6.2455556e-03   4.7080790e+00   5.2947425e+00
   6.9133333e-03   5.5908800e+00   6.2855300e+00
   7.2419556e-03   5.9433765e+00   6.6881390e+00
   8.0466667e-03   5.6822215e+00   6.3983080e+00
   7.0314889e-03   5.1716445e+00   5.8202130e+00
   6.4410000e-03   5.1623385e+00   5.8126290e+00
   7.2312889e-03   5.5727290e+00   6.2674780e+00
   7.4748667e-03   6.0108430e+00   6.7650955e+00
   8.3726889e-03   6.5173135e+00   7.3466755e+00
   8.9103222e-03   7.2309170e+00   8.1454830e+00
   9.6931556e-03   8.2450195e+00   9.2837135e+00
   1.1074000e-02   9.3039400e+00   1.0495045e+01
   1.1999200e-02   1.0228030e+01   1.1543535e+01
   1.3476089e-02   1.0817430e+01   1.2209790e+01
   1.5517533e-02   1.1277630e+01   1.2729520e+01
   1.5613933e-02   1.1940470e+01   1.3469600e+01
   1.6276800e-02   1.2584825e+01   1.4192680e+01
   1.7650533e-02   1.2987975e+01   1.4650595e+01
   1.7789844e-02   1.3316170e+01   1.5038660e+01
   1.7975833e-02   1.3636325e+01   1.5405725e+01
   1.8366478e-02   1.3868965e+01   1.5663165e+01
   1.8752244e-02   1.4000460e+01   1.5810015e+01
   1.8234144e-02   1.4092890e+01   1.5906660e+01
   1.7839956e-02   1.4168980e+01   1.5983825e+01
   1.7712600e-02   1.4218255e+01   1.6056665e+01
   1.7659600e-02   1.4266730e+01   1.6124440e+01
   1.8208667e-02   1.4255955e+01   1.6114200e+01
   1.8219667e-02   1.4204720e+01   1.6049565e+01
   1.7962600e-02   1.4146690e+01   1.5979440e+01
   1.8076667e-02   1.4058325e+01   1.5879815e+01
   1.7537778e-02   1.3918275e+01   1.5723745e+01
   1.6338678e-02   1.3621465e+01   1.5402685e+01
   1.5039556e-02   1.3172025e+01   1.4891765e+01
   1.5588444e-02   1.2785840e+01   1.4447305e+01
   1.5313167e-02   1.2623775e+01   1.4269050e+01
   1.5169267e-02   1.2731425e+01   1.4391270e+01
   1.5400333e-02   1.2864010e+01   1.4529720e+01
   1.5534800e-02   1.2868160e+01   1.4534220e+01
   1.6421667e-02   1.2841415e+01   1.4519240e+01
   1.5312889e-02   1.2747365e+01   1.4418630e+01
   1.4775644e-02   1.2488715e+01   1.4120685e+01
   1.4241156e-02   1.2220790e+01   1.3814210e+01
   1.3465767e-02   1.2091695e+01   1.3660245e+01
   1.4122633e-02   1.2091695e+01   1.3656270e+01
   1.5502167e-02   1.2206825e+01   1.3784725e+01
   1.5940800e-02   1.2293385e+01   1.3889310e+01
   1.5502667e-02   1.2351320e+01   1.3950825e+01
   1.4964000e-02   1.2414005e+01   1.4016395e+01
   1.5112622e-02   1.2398170e+01   1.4008115e+01
   1.4194367e-02   1.2280675e+01   1.3881630e+01
   1.3952756e-02   1.2087720e+01   1.3660430e+01
   1.3545333e-02   1.1873280e+01   1.3402710e+01
   1.3767111e-02   1.1731035e+01   1.3240975e+01
   1.4277778e-02   1.1675565e+01   1.3185920e+01
   1.3587044e-02   1.1590200e+01   1.3084775e+01
   1.3057956e-02   1.1528330e+01   1.3014850e+01
   1.3109256e-02   1.1550780e+01   1.3038070e+01
   1.2984956e-02   1.1480150e+01   1.2954270e+01
   1.2631667e-02   1.1288530e+01   1.2728660e+01
   1.1923967e-02   1.1148920e+01   1.2575155e+01
   1.0994867e-02   1.1128230e+01   1.2565205e+01
   1.0234100e-02   1.1052320e+01   1.2480705e+01
   1.1733700e-02   1.0930945e+01   1.2342330e+01
   1.2085211e-02   1.0868215e+01   1.2275760e+01
   1.1580722e-02   1.0777830e+01   1.2193740e+01
   1.1275444e-02   1.0673690e+01   1.2064635e+01
   1.0536611e-02   1.0581630e+01   1.1959215e+01
   1.0530678e-02   1.0487225e+01   1.1850065e+01
   1.0604844e-02   1.0374230e+01   1.1720315e+01
   1.0427433e-02   1.0241339e+01   1.1577715e+01
   9.7650000e-03   1.0054191e+01   1.1368425e+01
   8.6501667e-03   9.9093990e+00   1.1197540e+01
   8.7085444e-03   9.8591795e+00   1.1143140e+01
   9.2500000e-03   9.7891795e+00   1.1062255e+01
   8.9416000e-03   9.5607850e+00   1.0802140e+01
   8.9365333e-03   9.3250735e+00   1.0552900e+01
   9.0619667e-03   9.1897035e+00   1.0399440e+01
   9.1313889e-03   9.0086420e+00   1.0191245e+01
   7.7666667e-03   8.8066945e+00   9.9512150e+00
   7.5226000e-03   8.6654930e+00   9.7813720e+00
   7.5438667e-03   8.5257130e+00   9.6375725e+00
   7.0188000e-03   8.3834580e+00   9.4882720e+00
   7.0356000e-03   8.3167760e+00   9.4051985e+00
   6.5283333e-03   8.2515455e+00   9.3333905e+00
   6.5483333e-03   8.1427360e+00   9.2026195e+00
   7.4368000e-03   7.9896230e+00   9.0314555e+00
   7.1096556e-03   7.7292275e+00   8.7376820e+00
   5.7524444e-03   7.4989660e+00   8.4594465e+00
   5.4830667e-03   7.3270335e+00   8.2773360e+00
   6.8861333e-03   7.0122360e+00   7.9229160e+00
   5.5536778e-03   6.5491965e+00   7.3889540e+00
   3.8129778e-03   6.1415100e+00   6.9315920e+00
   3.7170000e-03   5.7926540e+00   6.5318450e+00
   3.8867111e-03   5.4837880e+00   6.1832985e+00
   3.5094444e-03   5.0677765e+00   5.7283805e+00
   3.5361111e-03   4.5265695e+00   5.1215450e+00
   2.5612000e-03   3.9049895e+00   4.4123495e+00
   1.2889000e-03   3.2059630e+00   3.6109780e+00
   8.6400000e-04   2.6151395e+00   2.9447995e+00
   1.1568889e-03   2.1868390e+00   2.4639050e+00
   2.8833333e-04   1.8041220e+00   2.0364335e+00
  -5.7537778e-04   1.4433560e+00   1.6287185e+00
  -2.9095556e-04   1.1366125e+00   1.2815000e+00
   0.0000000e+00   9.2396700e-01   1.0426185e+00
   1.4666667e-04   7.7027835e-01   8.6813130e-01
   0.0000000e+00   6.1897665e-01   6.9852385e-01
  -7.2172222e-04   4.8829480e-01   5.6303380e-01
  -4.3406667e-04   4.1416650e-01   4.8444930e-01
   0.0000000e+00   3.7008080e-01   4.2838120e-01
  -1.4678889e-04   3.3266795e-01   3.8853585e-01
  -8.7106667e-04   3.0240320e-01   3.5738560e-01
  -1.4432222e-04   2.8206450e-01   3.2412675e-01
  -4.3456667e-04   2.6710560e-01   3.0915000e-01
  -5.8324444e-04   2.5022245e-01   2.9481655e-01
  -1.4660000e-03   2.4047270e-01   2.7765920e-01
  -1.3182000e-03   2.4196690e-01   2.7159550e-01
  -8.8740000e-04   2.4019680e-01   2.6521730e-01
  -2.9846667e-04   2.2930200e-01   2.6751900e-01
  -8.9846667e-04   2.2519640e-01   2.6102310e-01
  -1.1940444e-03   2.3497380e-01   2.5518660e-01
  -7.4172222e-04   2.3083995e-01   2.5069715e-01
  -5.9315556e-04   2.2259250e-01   2.5227150e-01
  -1.4750000e-04   2.3344430e-01   2.6572915e-01
  -1.0284556e-03   2.3903520e-01   2.7140455e-01
  -1.4591111e-03   2.4905000e-01   2.7644550e-01
  -7.2461111e-04   2.5735580e-01   2.7734460e-01
  -4.3616667e-04   2.4626845e-01   2.8181235e-01
  -1.4733333e-04   2.2973125e-01   2.6328750e-01
  -1.3304000e-03   2.2006925e-01   2.3301450e-01
