   8.7396318e-03
   7.4944128e-03
   9.5137832e-03
   8.1835662e-03
   1.1000838e-02
   1.0593012e-02
   8.9585302e-03
   1.0588921e-02
   1.0727561e-02
   1.1431439e-02
   1.3676934e-02
   1.3015991e-02
   1.5625674e-02
   1.8823682e-02
   2.2672106e-02
   3.2509563e-02
   3.9753819e-02
   4.4946014e-02
   4.9761138e-02
   5.3540639e-02
   6.1766833e-02
   6.0879234e-02
   6.7450689e-02
   6.9968892e-02
   7.3537936e-02
   7.5928991e-02
   7.4594853e-02
   7.9158718e-02
   7.9363949e-02
   7.9351567e-02
   8.0262016e-02
   8.0301971e-02
   8.3633279e-02
   7.9960830e-02
   8.1617864e-02
   8.2889883e-02
   8.0191732e-02
   8.0439809e-02
   7.9270199e-02
   7.8798624e-02
   7.7962807e-02
   8.0490661e-02
   8.1823534e-02
   8.2626329e-02
   8.1504519e-02
   8.0193022e-02
   7.1167049e-02
   7.1289959e-02
   7.1799590e-02
   7.0731300e-02
   7.1917380e-02
   7.2434134e-02
   7.1753214e-02
   7.1837055e-02
   7.2509145e-02
   7.1139843e-02
   6.9678795e-02
   6.9491323e-02
   6.8380026e-02
   6.6667795e-02
   6.7170081e-02
   6.6516285e-02
   6.6104243e-02
   6.6385078e-02
   6.4737436e-02
   6.4474007e-02
   6.3622742e-02
   6.3277631e-02
   6.2181308e-02
   6.1484595e-02
   6.0828024e-02
   6.0954853e-02
   5.9937512e-02
   5.8987194e-02
   5.8217359e-02
   5.7741504e-02
   5.6659752e-02
   5.6142034e-02
   5.5193801e-02
   5.4262832e-02
   5.3165429e-02
   5.2202275e-02
   5.0782520e-02
   4.9679692e-02
   4.8909555e-02
   4.8489290e-02
   4.7806987e-02
   4.7159684e-02
   4.6300368e-02
   4.5514605e-02
   4.4838766e-02
   4.4215027e-02
   4.3416955e-02
   4.2684231e-02
   4.2035295e-02
   4.1558374e-02
   4.0671231e-02
   4.0021576e-02
   3.9233874e-02
   3.8711112e-02
   3.8280052e-02
   3.7668411e-02
   3.7335224e-02
   3.6593078e-02
   3.6142256e-02
   3.5694230e-02
   3.5188177e-02
   3.4684984e-02
   3.4224731e-02
   3.3741559e-02
   3.3289607e-02
   3.2811721e-02
   3.2299581e-02
   3.1917199e-02
   3.1493122e-02
   3.1037336e-02
   3.0700897e-02
   3.0305509e-02
   2.9964062e-02
   2.9530625e-02
   2.9126972e-02
   2.8821070e-02
   2.8464922e-02
   2.8097556e-02
   2.7733509e-02
   2.7386135e-02
   2.7017600e-02
   2.6749032e-02
   2.6475848e-02
   2.6252609e-02
   2.5978896e-02
   2.5773564e-02
   2.5413696e-02
   2.5014480e-02
   2.4732928e-02
   2.4518682e-02
   2.4297307e-02
   2.4028276e-02
   2.3730727e-02
   2.3461801e-02
   2.3242361e-02
   2.2976787e-02
   2.2704591e-02
   2.2411931e-02
   2.2171111e-02
   2.1910804e-02
   2.1656840e-02
   2.1390876e-02
   2.1142276e-02
   2.0873433e-02
   2.0666363e-02
   2.0455092e-02
   2.0257664e-02
   2.0008168e-02
   1.9801091e-02
   1.9611304e-02
   1.9424107e-02
   1.9247337e-02
   1.9065008e-02
   1.8882045e-02
   1.8657544e-02
   1.8475722e-02
   1.8283622e-02
   1.8128491e-02
   1.7935372e-02
   1.7775734e-02
   1.7614483e-02
   1.7414881e-02
   1.7248053e-02
   1.7048462e-02
   1.6873610e-02
   1.6700042e-02
   1.6499663e-02
   1.6303850e-02
   1.6096517e-02
   1.5925838e-02
   1.5781967e-02
   1.5615488e-02
   1.5477251e-02
   1.5335729e-02
   1.5169673e-02
   1.4982558e-02
   1.4838945e-02
   1.4661013e-02
   1.4499892e-02
   1.4305813e-02
   1.4065228e-02
   1.3850041e-02
   1.3623826e-02
   1.3376012e-02
   1.3155382e-02
   1.2939710e-02
   1.2683694e-02
   1.2445507e-02
   1.2200546e-02
   1.1949374e-02
   1.1679969e-02
   1.1372407e-02
   1.1064640e-02
   1.0753729e-02
   1.0454864e-02
   1.0175561e-02
   9.9164270e-03
   9.6279738e-03
   9.3593797e-03
   9.0782295e-03
   8.8220280e-03
   8.6018398e-03
   8.4140703e-03
   8.2444229e-03
   8.1073254e-03
   7.9870070e-03
   7.8995378e-03
   7.7818566e-03
   7.6616099e-03
   7.5555693e-03
   7.4545920e-03
   7.3428355e-03
   7.2336691e-03
   7.1436509e-03
   7.1233982e-03
   7.1043689e-03
   7.0378800e-03
   6.9337048e-03
   6.7955354e-03
   6.6351012e-03
   6.4753947e-03
   6.3166894e-03
   6.1617848e-03
   6.0486536e-03
   5.9307509e-03
   5.8020714e-03
   5.6946141e-03
   5.5838562e-03
   5.5025849e-03
   5.4296988e-03
   5.3265252e-03
   5.2254372e-03
   5.1011078e-03
   5.0257636e-03
   4.9517763e-03
   4.8760273e-03
   4.8016927e-03
   4.7572666e-03
   4.6946901e-03
   4.5945057e-03
   4.4886524e-03
   4.4104780e-03
   4.3355542e-03
   4.2526996e-03
   4.1363831e-03
   3.9934830e-03
   3.9242262e-03
   3.8712941e-03
   3.8177188e-03
   3.7561205e-03
   3.7096349e-03
   3.6560580e-03
   3.5985341e-03
   3.5410277e-03
   3.5016604e-03
   3.4247966e-03
   3.3685333e-03
   3.3076901e-03
   3.2041506e-03
   3.0662890e-03
   2.9630995e-03
   2.8746212e-03
   2.8225597e-03
   2.7565686e-03
   2.7006405e-03
   2.6535621e-03
   2.5918190e-03
   2.5199567e-03
   2.4491950e-03
   2.3916920e-03
   2.3424774e-03
   2.2896122e-03
   2.2425413e-03
   2.1862754e-03
   2.1228878e-03
   2.0729398e-03
   2.0201180e-03
   1.9565816e-03
   1.8732422e-03
   1.7620526e-03
   1.6661687e-03
   1.6164620e-03
   1.5825869e-03
   1.5389508e-03
   1.4892626e-03
   1.4224125e-03
   1.4028820e-03
   1.3275572e-03
   1.3166853e-03
   1.3036179e-03
   1.2800403e-03
   1.2589673e-03
   1.2293462e-03
   1.2076081e-03
   1.1976041e-03
   1.1885856e-03
   1.1821773e-03
   1.1312889e-03
   1.1093227e-03
   1.0910657e-03
   1.0567280e-03
   1.0176896e-03
   9.7558404e-04
   9.7985145e-04
   9.1503572e-04
   8.6355500e-04
   8.3170902e-04
   7.9553498e-04
   7.0593760e-04
   5.3076860e-04
   3.8073882e-04
   3.8044343e-04
   4.0703137e-04
   4.7174848e-04
   5.2124363e-04
   5.5171606e-04
   5.7632818e-04
   5.4989813e-04
   5.3340349e-04
   5.0669147e-04
   4.9643319e-04
   4.6294937e-04
   4.1338642e-04
   3.8627722e-04
   3.7245718e-04
   3.2374883e-04
   2.7984378e-04
   2.7697308e-04
   2.5432643e-04
   2.1071877e-04
   1.8070214e-04
   1.6731355e-04
   1.4986194e-04
   1.1883699e-04
   1.1984444e-04
   4.5606332e-05
   3.5235831e-05
   1.1559588e-05
  -1.3489048e-05
   1.1875591e-05
  -3.6231047e-05
  -6.3021633e-05
  -8.2813893e-05
  -1.5028344e-04
  -1.5103967e-04
  -2.0726261e-04
  -3.1570858e-04
  -3.6911661e-04
  -3.0829771e-04
  -3.7578735e-04
  -3.7282672e-04
  -3.7672241e-04
  -4.1311591e-04
  -4.1691116e-04
  -4.5830069e-04
  -5.3946330e-04
  -5.0830866e-04
  -5.5293438e-04
  -5.4838949e-04
  -5.8751918e-04
  -6.1152053e-04
  -6.0454990e-04
  -5.8128387e-04
  -6.3809975e-04
  -6.3650258e-04
  -6.8215872e-04
  -6.7447436e-04
  -6.9734075e-04
  -7.2735368e-04
  -7.4462683e-04
  -7.6650216e-04
  -7.7681500e-04
  -8.0639852e-04
  -7.7166818e-04
  -8.0910329e-04
  -8.5751504e-04
  -8.9116412e-04
  -8.8708331e-04
  -8.9737041e-04
  -9.1899480e-04
  -9.6465457e-04
  -1.0072660e-03
  -9.5442766e-04
  -9.7583607e-04
  -1.0356660e-03
  -1.0794955e-03
  -1.0985433e-03
  -1.1367307e-03
  -1.0993128e-03
  -1.1080309e-03
  -1.1857321e-03
  -1.1218805e-03
  -1.1937489e-03
  -1.1890592e-03
  -1.2087833e-03
  -1.1840175e-03
  -1.1848300e-03
  -1.1814199e-03
  -1.2128846e-03
  -1.2130836e-03
  -1.2940021e-03
  -1.2919981e-03
  -1.3479451e-03
  -1.4175501e-03
  -1.4034630e-03
  -1.4199116e-03
  -1.4349745e-03
  -1.4638408e-03
  -1.5303838e-03
  -1.5276233e-03
  -1.5757858e-03
  -1.4753216e-03
  -1.4922966e-03
  -1.5611028e-03
  -1.5478633e-03
  -1.6430217e-03
  -1.7101598e-03
  -1.6986932e-03
  -1.7786601e-03
  -1.7663816e-03
  -1.7976296e-03
  -1.7066176e-03
  -1.7055258e-03
  -1.7108434e-03
  -1.8741719e-03
  -1.8479251e-03
  -1.9229691e-03
  -2.0673663e-03
  -2.0196830e-03
  -1.9290304e-03
  -1.9867241e-03
  -1.9047692e-03
  -1.9022481e-03
  -1.9605418e-03
  -2.1383040e-03
  -2.2477632e-03
  -2.2835454e-03
  -2.1474116e-03
  -2.1216002e-03
  -2.2722781e-03
  -2.1320626e-03
  -2.2972875e-03
  -2.1846618e-03
  -2.1715715e-03
  -2.2201202e-03
  -2.2132803e-03
  -2.2380357e-03
  -2.1747551e-03
  -2.4345044e-03
  -2.3814711e-03
  -2.2323259e-03
  -2.2147475e-03
  -2.0896331e-03
  -2.2266626e-03
  -2.4277202e-03
  -2.3092211e-03
  -2.0914499e-03
  -2.2375486e-03
  -2.2375486e-03
  -2.1760282e-03
  -2.1214428e-03
  -2.1178873e-03
  -2.1175886e-03
  -2.2141457e-03
  -2.4569943e-03
  -2.3070874e-03
  -2.2801218e-03
  -2.1349031e-03
  -2.3889550e-03
  -2.1711948e-03
  -2.1325134e-03
  -2.3290399e-03
  -2.1082890e-03
  -2.2772120e-03
  -2.3277028e-03
  -2.1567736e-03
  -2.0551442e-03
  -2.1965911e-03
  -2.2594403e-03
  -2.1248056e-03
  -1.7722863e-03
  -2.0300933e-03
  -2.1445717e-03
  -2.2567837e-03
  -1.6284922e-03
  -2.0824909e-03
  -2.3222826e-03
  -2.2587246e-03
  -2.2149052e-03
  -2.2005247e-03
  -2.2075146e-03
  -2.3808978e-03
  -2.5007700e-03
  -2.5979993e-03
  -2.6971761e-03
  -2.8521797e-03
  -2.8407575e-03
  -2.8337842e-03
  -2.8389112e-03
  -2.8521482e-03
  -2.8652636e-03
  -2.8732740e-03
  -2.8705186e-03
  -2.8645702e-03
  -2.8586509e-03
  -2.8554825e-03
  -2.8556861e-03
  -2.8561332e-03
  -2.8565789e-03
  -2.8568142e-03
  -2.8593203e-03
  -2.8647558e-03
  -2.8701886e-03
  -2.8731109e-03
  -2.8722551e-03
  -2.8706575e-03
  -2.8690581e-03
  -2.8681966e-03
  -2.8765384e-03
  -2.8946782e-03
  -2.9128910e-03
  -2.9227284e-03
  -2.9192122e-03
  -2.8997722e-03
  -2.8612506e-03
  -2.8564038e-03
  -2.8452900e-03
  -2.8864009e-03
  -2.8884543e-03
  -2.8965296e-03
  -2.9162520e-03
  -2.9605360e-03
  -3.0131578e-03
  -2.9951402e-03
  -2.9640315e-03
  -2.9940909e-03
  -3.0148508e-03
  -2.9512769e-03
  -2.9259749e-03
  -2.8274439e-03
  -2.6986046e-03
  -2.6603507e-03
  -2.7555218e-03
  -2.8719060e-03
  -2.8963979e-03
  -2.9066123e-03
  -3.0197377e-03
  -3.2299518e-03
  -3.4005028e-03
  -3.5578767e-03
  -3.5579266e-03
  -3.5217032e-03
  -3.5148719e-03
  -3.6284748e-03
  -3.6678367e-03
  -3.5985059e-03
  -3.5752550e-03
  -3.5864285e-03
  -3.5289532e-03
  -3.5172516e-03
  -3.4807612e-03
  -3.4359786e-03
  -3.4305302e-03
  -3.4289447e-03
  -3.4265040e-03
  -3.4252362e-03
  -3.4231305e-03
  -3.4185247e-03
  -3.3227873e-03
  -3.3556490e-03
  -3.4225383e-03
  -3.3504406e-03
  -3.2973521e-03
  -3.3289568e-03
  -3.3533040e-03
  -3.4158548e-03
  -3.4911790e-03
  -3.5129042e-03
  -3.5052960e-03
  -3.5458510e-03
  -3.6073859e-03
  -3.6431621e-03
  -3.6901504e-03
  -3.6864507e-03
  -3.6543323e-03
  -3.6626245e-03
  -3.6785299e-03
  -3.6813301e-03
  -3.6497777e-03
  -3.6190304e-03
  -3.6259721e-03
  -3.6376256e-03
  -3.6736121e-03
  -3.6884747e-03
  -3.7029238e-03
  -3.7205858e-03
  -3.7326315e-03
  -3.7431897e-03
  -3.8144173e-03
  -3.8356766e-03
  -3.8275699e-03
  -3.9402545e-03
  -3.9979598e-03
  -4.0390282e-03
  -4.0871123e-03
  -4.2276579e-03
  -4.3959543e-03
  -4.2373614e-03
  -4.0632354e-03
  -4.2697582e-03
  -4.5137566e-03
  -4.2699190e-03
  -3.8918676e-03
  -4.2793737e-03
  -3.9473733e-03
  -3.8998681e-03
  -3.7565224e-03
  -3.3377701e-03
  -3.1688651e-03
  -3.0077698e-03
  -3.8432572e-03
  -4.1466194e-03
  -4.3000519e-03
  -4.2617940e-03
  -4.6986125e-03
  -4.7235371e-03
  -4.1748435e-03
  -4.0411747e-03
  -4.4400604e-03
  -4.6622380e-03
  -4.6464601e-03
  -4.8160186e-03
  -4.5992281e-03
  -4.3378780e-03
  -4.4241382e-03
  -4.4218938e-03
  -4.2341404e-03
  -4.2947880e-03
  -4.3846411e-03
  -4.3625547e-03
  -4.3966535e-03
  -4.3297673e-03
  -4.3895686e-03
  -4.4484581e-03
  -4.4003974e-03
  -4.4053199e-03
  -4.3393330e-03
  -4.2235520e-03
  -4.2956188e-03
  -4.3134209e-03
  -4.2509647e-03
  -4.2485785e-03
  -4.2574245e-03
  -4.2586634e-03
  -4.2472882e-03
  -4.2969657e-03
  -4.3382757e-03
  -4.3293622e-03
  -4.3208250e-03
  -4.2836081e-03
  -4.2868937e-03
  -4.3038061e-03
  -4.2893296e-03
  -4.3095502e-03
  -4.3453129e-03
  -4.3998565e-03
  -4.3418550e-03
  -4.3407212e-03
  -4.3590711e-03
  -4.3692053e-03
  -4.3605442e-03
  -4.2770021e-03
  -4.3379274e-03
  -4.3613189e-03
  -4.3820065e-03
  -4.4391220e-03
  -4.3966610e-03
  -4.3085433e-03
  -4.2754065e-03
  -4.3176237e-03
  -4.3688555e-03
  -4.3436559e-03
  -4.3907844e-03
  -4.3965173e-03
  -4.4306294e-03
  -4.4033311e-03
  -4.3485869e-03
  -4.4003789e-03
  -4.4355729e-03
  -4.4367453e-03
  -4.4462470e-03
  -4.4712641e-03
  -4.5090762e-03
  -4.5605429e-03
  -4.6135956e-03
  -4.4850697e-03
  -4.4442114e-03
  -4.4454452e-03
  -4.4795993e-03
  -4.5354598e-03
  -4.5320609e-03
  -4.5194917e-03
  -4.5104218e-03
  -4.5480338e-03
  -4.6475043e-03
  -4.6342059e-03
  -4.5827994e-03
  -4.5950164e-03
  -4.5430064e-03
  -4.5189682e-03
  -4.5009330e-03
  -4.6401045e-03
  -4.6729196e-03
  -4.6296801e-03
  -4.6480277e-03
  -4.6561372e-03
  -4.7004621e-03
  -4.7053537e-03
  -4.5892600e-03
  -4.5976718e-03
  -4.7744723e-03
  -4.7628830e-03
  -4.5530615e-03
  -4.7003031e-03
  -4.8941906e-03
  -4.8939758e-03
  -4.8353314e-03
  -4.8008506e-03
  -4.7035074e-03
  -4.8407330e-03
  -5.1292126e-03
  -5.1977129e-03
  -5.0099974e-03
  -5.3005082e-03
  -5.8015488e-03
  -5.6925240e-03
  -5.4484476e-03
  -5.3044502e-03
  -5.4466639e-03
  -6.2946289e-03
  -5.6250936e-03
  -4.9357035e-03
  -5.1364916e-03
  -6.9647495e-03
  -5.5264129e-03
  -6.3435632e-03
  -6.5652195e-03
  -1.0265378e-02
  -1.0410331e-02
  -9.2420052e-03
  -5.8958507e-03
  -8.3511146e-03
  -1.0923202e-02
  -9.2027372e-03
  -7.7112573e-03
  -5.8265649e-03
  -9.1121439e-03
  -1.1064717e-02
  -9.0208976e-03
  -6.7127003e-03
  -5.6940995e-03
  -1.2497619e-02
