   2.3339631e-04
   1.0841507e-03
   1.6097582e-03
   2.0991155e-03
   1.2089342e-03
   9.5735716e-04
   1.3300719e-03
   9.4362654e-04
   1.5775490e-03
  -3.6136672e-04
   4.4235716e-03
   1.1377128e-03
   1.5114686e-03
   3.0427845e-03
   2.1215508e-03
   1.7228068e-03
   3.4768901e-03
   3.4334453e-03
   3.3620577e-03
   3.5147464e-03
   4.2331010e-03
   4.1109288e-03
   4.5797462e-03
   4.7655027e-03
   5.2551012e-03
   5.4939109e-03
   5.3752323e-03
   5.9047488e-03
   5.9966469e-03
   6.1600950e-03
   6.1954239e-03
   6.2796902e-03
   6.7240441e-03
   6.3387387e-03
   6.6777526e-03
   6.8680803e-03
   6.6575258e-03
   6.8246059e-03
   6.6788640e-03
   6.8441011e-03
   6.8189893e-03
   7.1512301e-03
   7.4284943e-03
   7.6395198e-03
   7.5991033e-03
   7.6249124e-03
   6.5824322e-03
   6.7714214e-03
   6.9006221e-03
   6.8750769e-03
   7.1018409e-03
   7.3905872e-03
   7.3783647e-03
   7.5082025e-03
   7.6798043e-03
   7.6143862e-03
   7.5727450e-03
   7.6657647e-03
   7.6458894e-03
   7.5176149e-03
   7.7805753e-03
   7.8040526e-03
   7.8841725e-03
   8.0221420e-03
   7.9125817e-03
   8.0860496e-03
   8.1320307e-03
   8.2658779e-03
   8.2666236e-03
   8.2853282e-03
   8.3341399e-03
   8.5108920e-03
   8.5109165e-03
   8.4883123e-03
   8.5789564e-03
   8.6267616e-03
   8.5776729e-03
   8.6157849e-03
   8.6139202e-03
   8.5902594e-03
   8.5673414e-03
   8.6516359e-03
   8.6140981e-03
   8.5539499e-03
   8.5044674e-03
   8.5381140e-03
   8.5846047e-03
   8.6273521e-03
   8.6130288e-03
   8.6260737e-03
   8.6616599e-03
   8.7233143e-03
   8.7186126e-03
   8.7511196e-03
   8.8269479e-03
   8.8989375e-03
   8.9067641e-03
   8.9602998e-03
   8.9954265e-03
   9.0217578e-03
   9.0733893e-03
   9.1243880e-03
   9.2515470e-03
   9.2396275e-03
   9.3122834e-03
   9.4052216e-03
   9.4786562e-03
   9.5643450e-03
   9.6611830e-03
   9.7394668e-03
   9.8026792e-03
   9.8699475e-03
   9.9187901e-03
   9.9837455e-03
   1.0061281e-02
   1.0119357e-02
   1.0203383e-02
   1.0260300e-02
   1.0351683e-02
   1.0383169e-02
   1.0439276e-02
   1.0521154e-02
   1.0614997e-02
   1.0702176e-02
   1.0791453e-02
   1.0866121e-02
   1.0950262e-02
   1.1063962e-02
   1.1152115e-02
   1.1252809e-02
   1.1369201e-02
   1.1497208e-02
   1.1574451e-02
   1.1633608e-02
   1.1674808e-02
   1.1752947e-02
   1.1835948e-02
   1.1889145e-02
   1.1939520e-02
   1.1991737e-02
   1.2055050e-02
   1.2092113e-02
   1.2155442e-02
   1.2189160e-02
   1.2235184e-02
   1.2254790e-02
   1.2253310e-02
   1.2207588e-02
   1.2179957e-02
   1.2148075e-02
   1.2170275e-02
   1.2188127e-02
   1.2266976e-02
   1.2306606e-02
   1.2381141e-02
   1.2446987e-02
   1.2484660e-02
   1.2554125e-02
   1.2600292e-02
   1.2647743e-02
   1.2661289e-02
   1.2704038e-02
   1.2725751e-02
   1.2766605e-02
   1.2768926e-02
   1.2799631e-02
   1.2835100e-02
   1.2831651e-02
   1.2849541e-02
   1.2836382e-02
   1.2823077e-02
   1.2808037e-02
   1.2755656e-02
   1.2724902e-02
   1.2693948e-02
   1.2691796e-02
   1.2706155e-02
   1.2696539e-02
   1.2713733e-02
   1.2726718e-02
   1.2712810e-02
   1.2692440e-02
   1.2663919e-02
   1.2625621e-02
   1.2563115e-02
   1.2497479e-02
   1.2365425e-02
   1.2235336e-02
   1.2091973e-02
   1.1881244e-02
   1.1678622e-02
   1.1473635e-02
   1.1170100e-02
   1.0863396e-02
   1.0524856e-02
   1.0177929e-02
   9.8265086e-03
   9.4327031e-03
   9.0629498e-03
   8.6900998e-03
   8.3026991e-03
   7.9357034e-03
   7.5465834e-03
   7.1433188e-03
   6.7072304e-03
   6.2688347e-03
   5.8921428e-03
   5.5598808e-03
   5.3332058e-03
   5.1488250e-03
   5.0364880e-03
   4.9421229e-03
   4.8892786e-03
   4.8123452e-03
   4.7300833e-03
   4.6734487e-03
   4.6030778e-03
   4.5333856e-03
   4.4610753e-03
   4.4064425e-03
   4.3818317e-03
   4.3712344e-03
   4.3480285e-03
   4.2991214e-03
   4.2438226e-03
   4.1908297e-03
   4.1481854e-03
   4.0835725e-03
   4.0270573e-03
   3.9686194e-03
   3.9047192e-03
   3.8687972e-03
   3.8197376e-03
   3.7668199e-03
   3.7446000e-03
   3.7080230e-03
   3.6332644e-03
   3.6069300e-03
   3.5246081e-03
   3.4803961e-03
   3.4487884e-03
   3.3859238e-03
   3.3256139e-03
   3.2658457e-03
   3.1892253e-03
   3.0922454e-03
   2.9998206e-03
   2.9371314e-03
   2.8653480e-03
   2.8278760e-03
   2.7640543e-03
   2.6857294e-03
   2.6415967e-03
   2.6687714e-03
   2.6438982e-03
   2.6491056e-03
   2.6622121e-03
   2.6351104e-03
   2.6638919e-03
   2.6586483e-03
   2.6416002e-03
   2.6200494e-03
   2.5969338e-03
   2.5952301e-03
   2.5622654e-03
   2.5003724e-03
   2.4362540e-03
   2.3206460e-03
   2.2757921e-03
   2.1727824e-03
   2.0599507e-03
   1.9927632e-03
   1.9001419e-03
   1.7944639e-03
   1.7264727e-03
   1.6406783e-03
   1.5490668e-03
   1.4721131e-03
   1.4019126e-03
   1.3077919e-03
   1.2429260e-03
   1.1600939e-03
   1.0802043e-03
   9.8435751e-04
   8.9600424e-04
   8.2832498e-04
   7.3928989e-04
   6.6563758e-04
   6.1388919e-04
   5.3989203e-04
   4.8194788e-04
   4.3221391e-04
   4.0634422e-04
   3.5499229e-04
   3.3170133e-04
   2.4835655e-04
   2.0740510e-04
   2.0679104e-04
   1.7223320e-04
   1.7080636e-04
   1.7160482e-04
   1.5098528e-04
   1.6678869e-04
   1.4731699e-04
   1.3033950e-04
   1.4136485e-04
   1.2507536e-04
   1.1862257e-04
   1.3069544e-04
   1.3454686e-04
   1.1330107e-04
   1.1030662e-04
   3.8717241e-05
   5.9108527e-05
   7.8485718e-05
   6.1480914e-06
  -3.1282882e-05
  -1.4768141e-05
   4.2982169e-06
   6.6439311e-05
   4.1840573e-05
   4.6549484e-05
   6.5339594e-05
   6.3295375e-05
   4.8341189e-05
   3.9898632e-05
   7.3273831e-05
   5.6832961e-05
   3.8363343e-05
   5.1332133e-05
   8.6539174e-05
   2.4747872e-05
   5.0661796e-05
   6.0663253e-05
   6.8584376e-05
   4.4707528e-05
   6.1463998e-05
   6.5420065e-05
   6.7384028e-05
   3.6027493e-05
   1.1760178e-04
   9.3702542e-05
   9.6968978e-05
   6.2357098e-05
   6.0396121e-05
   8.1236716e-05
   8.5882359e-05
   1.2107467e-04
   1.2766644e-04
   2.4105525e-05
   4.4668512e-05
   1.0009116e-04
   3.9574779e-05
  -2.1118796e-05
   5.4353589e-05
   2.8113061e-05
  -1.4486995e-05
  -5.0506754e-05
  -9.9562941e-06
  -6.2933915e-05
  -7.4123054e-05
  -7.5137774e-05
  -4.5357820e-05
  -9.4875720e-05
  -1.0568620e-04
  -1.9654167e-04
  -1.3664821e-04
  -1.5153624e-04
  -1.4275358e-04
  -1.7750981e-04
  -1.3313648e-04
  -1.7324294e-04
  -1.5236556e-04
  -1.7539147e-04
  -1.8309455e-04
  -1.5678053e-04
  -1.5543378e-04
  -2.1494512e-04
  -2.2149284e-04
  -1.8987087e-04
  -2.3921294e-04
  -1.8911862e-04
  -2.2798011e-04
  -1.8302705e-04
  -2.2133123e-04
  -2.5193372e-04
  -2.2133633e-04
  -2.7314038e-04
  -2.0733803e-04
  -2.2341207e-04
  -2.4638724e-04
  -2.7049342e-04
  -2.1917389e-04
  -2.6501598e-04
  -1.9674914e-04
  -3.8415236e-04
  -2.5447379e-04
  -2.7050946e-04
  -3.2213860e-04
  -2.9033485e-04
  -2.5490517e-04
  -3.1558331e-04
  -2.5168411e-04
  -2.3384836e-04
  -3.1731625e-04
  -2.6625761e-04
  -2.3673885e-04
  -2.6763018e-04
  -3.7744638e-04
  -3.6843337e-04
  -3.5704606e-04
  -3.3253324e-04
  -2.6883841e-04
  -2.2605773e-04
  -2.9560115e-04
  -3.1839498e-04
  -3.7393468e-04
  -3.0124816e-04
  -1.7364042e-04
  -3.3738477e-04
  -3.1243413e-04
  -5.0786833e-04
  -4.4032657e-04
  -3.3835020e-04
  -4.2063549e-04
  -5.3626805e-04
  -5.3412837e-04
  -4.6883018e-04
  -2.9805100e-04
  -4.9002234e-04
  -5.1052811e-04
  -3.9025775e-04
  -6.3307306e-04
  -6.4126894e-04
  -8.0676823e-04
  -1.5568732e-04
  -3.7410319e-04
  -4.5089942e-04
  -1.1945947e-04
  -4.9837387e-04
  -5.4056722e-04
  -2.4148169e-04
  -5.2554055e-04
  -3.0889841e-04
  -3.7952004e-04
  -3.8016598e-04
  -3.5523003e-04
  -4.7645299e-04
  -1.9950907e-04
  -5.1609253e-06
  -7.2435278e-04
  -6.4361882e-04
  -2.6522605e-04
  -3.9774308e-04
  -4.0608833e-04
  -4.2046023e-04
  -1.1328467e-03
  -8.1190004e-04
  -3.2999250e-04
  -3.9608617e-04
  -5.3691836e-04
  -5.9372127e-04
  -3.3298777e-04
  -4.4435554e-04
  -4.4435554e-04
  -4.5965638e-04
  -3.3291321e-04
  -2.6520329e-04
  -2.5945783e-04
  -4.5234200e-04
  -1.3770494e-04
  -5.6186091e-04
  -6.3817361e-04
  -3.5747241e-04
  -3.5424511e-04
  -7.7715582e-04
  -8.5227939e-04
  -4.6740878e-04
   7.2080957e-05
  -7.8604187e-04
  -1.0425351e-03
  -5.9138845e-04
  -5.2568003e-04
  -5.9138571e-04
  -6.2058349e-04
  -7.0833504e-04
   8.8323802e-06
  -3.8619571e-04
  -5.6160456e-04
  -3.8086211e-04
  -1.3105564e-05
  -1.5017618e-04
  -2.2596627e-04
  -7.8367399e-04
  -3.7127112e-04
  -2.5049980e-04
  -2.2785610e-04
  -3.0834964e-04
  -5.6411256e-04
  -6.8822256e-04
  -7.5468478e-04
  -8.6736653e-04
  -8.2183230e-04
  -7.9404676e-04
  -7.9210442e-04
  -7.8707602e-04
  -7.8209464e-04
  -7.7905566e-04
  -7.7447361e-04
  -7.6458170e-04
  -7.5474281e-04
  -7.4947405e-04
  -7.7173514e-04
  -8.1985069e-04
  -8.6780744e-04
  -8.9356120e-04
  -8.9823447e-04
  -9.0836455e-04
  -9.1848919e-04
  -9.2393970e-04
  -8.9785096e-04
  -8.4929615e-04
  -8.0061625e-04
  -7.7435348e-04
  -7.7290340e-04
  -7.6976016e-04
  -7.6660192e-04
  -7.6489872e-04
  -7.8881065e-04
  -9.2098463e-04
  -8.2869622e-04
  -7.2708845e-04
  -6.2771957e-04
  -6.4843759e-04
  -7.1187251e-04
  -8.1653458e-04
  -8.1334733e-04
  -7.7299710e-04
  -8.9219469e-04
  -7.9032074e-04
  -6.4174107e-04
  -7.1505039e-04
  -7.1846199e-04
  -6.4489169e-04
  -6.2788363e-04
  -6.7066169e-04
  -5.3436598e-04
  -3.1724112e-04
  -4.3013745e-04
  -3.4170717e-04
  -4.3414470e-04
  -5.9805153e-04
  -6.3606723e-04
  -8.8088184e-04
  -8.3387406e-04
  -1.1171452e-03
  -1.0703454e-03
  -1.0601463e-03
  -1.0231547e-03
  -8.4165375e-04
  -8.3633696e-04
  -8.6534884e-04
  -8.5312956e-04
  -1.0546264e-03
  -9.6540262e-04
  -9.2836509e-04
  -9.5123672e-04
  -9.6872825e-04
  -9.3255283e-04
  -8.6760818e-04
  -7.4413741e-04
  -7.4726240e-04
  -6.6905439e-04
  -6.6738140e-04
  -7.3255561e-04
  -7.0248616e-04
  -7.5136603e-04
  -8.3663841e-04
  -7.7056447e-04
  -6.8286636e-04
  -6.7528174e-04
  -7.9049335e-04
  -8.3982468e-04
  -8.4281568e-04
  -8.5053335e-04
  -9.0032022e-04
  -8.2936918e-04
  -9.1061013e-04
  -8.1673758e-04
  -7.4081136e-04
  -7.3839425e-04
  -7.4978559e-04
  -7.9200655e-04
  -7.8084849e-04
  -7.6397067e-04
  -7.0315078e-04
  -6.8536163e-04
  -8.6582856e-04
  -7.6904397e-04
  -7.4707779e-04
  -7.3294028e-04
  -7.4763453e-04
  -7.8948369e-04
  -7.4418607e-04
  -8.7162162e-04
  -8.7582122e-04
  -8.0377901e-04
  -7.7206956e-04
  -8.7519775e-04
  -1.0298929e-03
  -1.1338788e-03
  -1.3546785e-03
  -1.2463273e-03
  -6.4367519e-04
  -8.9800670e-04
  -1.3578047e-03
  -2.5532377e-04
  -5.5507958e-04
  -1.7047082e-03
  -1.8860385e-03
  -1.9499903e-03
  -1.8832631e-03
   1.5504614e-03
  -1.6268053e-03
  -2.9006356e-03
  -1.9408326e-03
  -1.7479476e-03
  -1.0682204e-03
  -5.1920951e-04
  -1.4451443e-03
  -1.5754494e-03
  -2.0965820e-03
  -7.9958800e-04
   3.0272953e-04
  -1.2587787e-03
  -1.9971966e-03
  -8.2635429e-04
  -9.8379875e-04
  -1.3401717e-03
  -1.6226835e-03
  -1.6927565e-03
  -1.5688871e-03
  -1.2095971e-03
  -7.7017208e-04
  -9.2793882e-04
  -8.6801319e-04
  -1.2341452e-03
  -1.3968233e-03
  -9.5906796e-04
  -9.9992258e-04
  -1.3901172e-03
  -1.4320322e-03
  -1.1980295e-03
  -8.9584180e-04
  -1.0446959e-03
  -1.1092883e-03
  -9.2486904e-04
  -9.9249623e-04
  -1.0753575e-03
  -9.7614622e-04
  -9.2644528e-04
  -9.9241679e-04
  -1.0750393e-03
  -1.0603152e-03
  -1.1107050e-03
  -1.1195492e-03
  -1.1890385e-03
  -1.0739028e-03
  -8.8352683e-04
  -9.9568036e-04
  -1.0265104e-03
  -1.1238551e-03
  -1.1106934e-03
  -8.9717103e-04
  -9.1666875e-04
  -1.0882523e-03
  -1.2818524e-03
  -1.0650123e-03
  -1.0591413e-03
  -1.1135455e-03
  -9.3869504e-04
  -9.2733672e-04
  -1.0908263e-03
  -9.6013065e-04
  -7.9828566e-04
  -9.5358471e-04
  -9.5564185e-04
  -9.9131296e-04
  -9.8247288e-04
  -1.0470169e-03
  -1.1956970e-03
  -1.0469395e-03
  -1.1749825e-03
  -1.3046651e-03
  -1.2112865e-03
  -1.2261974e-03
  -9.1585226e-04
  -1.0889249e-03
  -1.3896302e-03
  -1.4295487e-03
  -1.6006598e-03
  -1.1749799e-03
  -1.1636205e-03
  -1.1089915e-03
  -1.0319138e-03
  -1.3142582e-03
  -1.3957140e-03
  -1.1045037e-03
  -1.0769625e-03
  -1.2416128e-03
  -1.4386806e-03
  -1.3314789e-03
  -1.3227669e-03
  -1.2959167e-03
  -1.1344877e-03
  -1.3553686e-03
  -1.2303511e-03
  -1.3382937e-03
  -1.5760333e-03
  -1.6565233e-03
  -1.5101501e-03
  -1.4050630e-03
  -1.2936198e-03
  -1.4452987e-03
  -1.6869723e-03
  -1.5152814e-03
  -1.2574556e-03
  -1.3605094e-03
  -1.3070398e-03
  -1.4449073e-03
  -1.7847064e-03
  -1.5991796e-03
  -9.5733649e-04
  -1.7141768e-03
  -1.8695428e-03
  -1.8748461e-03
  -1.9537741e-03
  -1.0836539e-03
  -9.0056600e-04
  -1.9332591e-03
  -3.4036973e-03
  -2.7677675e-03
  -3.1560521e-03
  -1.9487449e-03
  -1.8967012e-03
  -8.8986721e-04
   1.2476267e-03
   8.9199366e-04
  -1.0867554e-03
  -2.4366385e-04
   7.0565341e-03
  -8.1496455e-04
  -5.1084929e-03
  -6.6412616e-03
  -2.2702373e-03
  -1.3391910e-03
  -5.6778282e-03
   4.3770428e-03
   2.9150860e-03
  -3.2597962e-03
  -1.6880626e-03
  -1.1485720e-03
  -1.6218636e-03
  -2.0780997e-03
  -7.1953279e-03
  -8.3485644e-04
  -1.2370822e-03
  -2.9207423e-03
