   1.2111560e-02
   9.9767400e-03
   1.5040131e-02
   1.5234310e-02
   1.9912157e-02
   1.6232432e-02
   1.5262037e-02
   1.7771095e-02
   2.1408833e-02
   2.0359685e-02
   2.3047804e-02
   2.4654296e-02
   2.5384938e-02
   3.2145029e-02
   4.0510378e-02
   5.7951157e-02
   6.9268984e-02
   7.9005311e-02
   8.8239000e-02
   9.4629743e-02
   1.0928480e-01
   1.0817640e-01
   1.1974908e-01
   1.2435786e-01
   1.3063099e-01
   1.3465663e-01
   1.3274488e-01
   1.4074736e-01
   1.4115616e-01
   1.4095562e-01
   1.4278926e-01
   1.4286915e-01
   1.4864789e-01
   1.4233496e-01
   1.4518698e-01
   1.4738792e-01
   1.4268058e-01
   1.4307821e-01
   1.4104617e-01
   1.4017102e-01
   1.3861808e-01
   1.4310107e-01
   1.4530956e-01
   1.4674155e-01
   1.4472346e-01
   1.4243139e-01
   1.2672738e-01
   1.2676286e-01
   1.2765848e-01
   1.2575919e-01
   1.2775884e-01
   1.2853625e-01
   1.2729983e-01
   1.2744235e-01
   1.2859541e-01
   1.2615061e-01
   1.2357036e-01
   1.2311959e-01
   1.2109498e-01
   1.1795990e-01
   1.1879636e-01
   1.1757711e-01
   1.1669690e-01
   1.1720244e-01
   1.1425830e-01
   1.1365512e-01
   1.1201416e-01
   1.1134146e-01
   1.0937179e-01
   1.0800394e-01
   1.0688947e-01
   1.0696827e-01
   1.0505650e-01
   1.0330155e-01
   1.0183339e-01
   1.0098104e-01
   9.8923191e-02
   9.7977121e-02
   9.6274247e-02
   9.4577011e-02
   9.2571570e-02
   9.0700125e-02
   8.8155381e-02
   8.6155515e-02
   8.4763521e-02
   8.3973894e-02
   8.2676404e-02
   8.1423236e-02
   7.9853243e-02
   7.8388800e-02
   7.7113392e-02
   7.5919533e-02
   7.4452709e-02
   7.3074416e-02
   7.1820329e-02
   7.0869832e-02
   6.9216434e-02
   6.7997382e-02
   6.6472211e-02
   6.5485606e-02
   6.4652366e-02
   6.3482349e-02
   6.2771025e-02
   6.1388476e-02
   6.0502261e-02
   5.9617184e-02
   5.8596885e-02
   5.7587564e-02
   5.6675752e-02
   5.5738328e-02
   5.4848729e-02
   5.3906512e-02
   5.2913745e-02
   5.2193008e-02
   5.1362648e-02
   5.0460424e-02
   4.9737763e-02
   4.8962559e-02
   4.8226899e-02
   4.7375494e-02
   4.6600427e-02
   4.5970805e-02
   4.5222236e-02
   4.4473958e-02
   4.3733250e-02
   4.3008247e-02
   4.2273753e-02
   4.1692420e-02
   4.1103325e-02
   4.0651478e-02
   4.0091211e-02
   3.9612676e-02
   3.8853624e-02
   3.8033645e-02
   3.7436272e-02
   3.7002188e-02
   3.6506810e-02
   3.5969805e-02
   3.5385259e-02
   3.4846161e-02
   3.4382312e-02
   3.3831681e-02
   3.3293596e-02
   3.2728646e-02
   3.2210924e-02
   3.1738026e-02
   3.1262681e-02
   3.0816765e-02
   3.0342302e-02
   2.9902356e-02
   2.9485752e-02
   2.9055329e-02
   2.8646083e-02
   2.8150771e-02
   2.7698730e-02
   2.7317649e-02
   2.6910558e-02
   2.6529294e-02
   2.6125480e-02
   2.5741790e-02
   2.5290626e-02
   2.4955831e-02
   2.4542817e-02
   2.4211231e-02
   2.3861270e-02
   2.3526375e-02
   2.3189332e-02
   2.2830406e-02
   2.2507491e-02
   2.2131008e-02
   2.1813743e-02
   2.1486602e-02
   2.1177736e-02
   2.0812800e-02
   2.0459776e-02
   2.0145500e-02
   1.9852124e-02
   1.9550762e-02
   1.9270767e-02
   1.8960404e-02
   1.8669050e-02
   1.8351264e-02
   1.8079673e-02
   1.7787318e-02
   1.7530542e-02
   1.7227568e-02
   1.6870156e-02
   1.6575842e-02
   1.6292521e-02
   1.6014080e-02
   1.5724990e-02
   1.5516655e-02
   1.5263909e-02
   1.5060315e-02
   1.4898553e-02
   1.4675680e-02
   1.4481114e-02
   1.4215236e-02
   1.3936645e-02
   1.3671929e-02
   1.3418774e-02
   1.3182739e-02
   1.3010068e-02
   1.2772320e-02
   1.2604848e-02
   1.2425395e-02
   1.2255168e-02
   1.2116260e-02
   1.1921330e-02
   1.1759835e-02
   1.1598742e-02
   1.1434436e-02
   1.1329882e-02
   1.1177106e-02
   1.0984658e-02
   1.0872635e-02
   1.0744839e-02
   1.0573803e-02
   1.0441116e-02
   1.0338951e-02
   1.0317501e-02
   1.0309551e-02
   1.0201535e-02
   1.0050932e-02
   9.8339727e-03
   9.5576622e-03
   9.3125560e-03
   9.0858219e-03
   8.8819124e-03
   8.6363872e-03
   8.4970678e-03
   8.2970129e-03
   8.1164336e-03
   7.9507681e-03
   7.8053469e-03
   7.7247629e-03
   7.5649266e-03
   7.4186479e-03
   7.2431795e-03
   7.1527778e-03
   7.0270254e-03
   6.9142906e-03
   6.8367315e-03
   6.8077121e-03
   6.7780333e-03
   6.6769707e-03
   6.5575824e-03
   6.4677011e-03
   6.3799536e-03
   6.2670465e-03
   6.1308941e-03
   5.8651538e-03
   5.8148833e-03
   5.6913458e-03
   5.6193579e-03
   5.5055696e-03
   5.4186816e-03
   5.2680898e-03
   5.1605625e-03
   5.1002939e-03
   5.0049197e-03
   4.8771827e-03
   4.7814480e-03
   4.6928406e-03
   4.5161646e-03
   4.2846856e-03
   4.1702859e-03
   4.0365941e-03
   4.0303499e-03
   3.9461748e-03
   3.9498482e-03
   3.9171386e-03
   3.8480420e-03
   3.7187051e-03
   3.6247296e-03
   3.5443566e-03
   3.4981366e-03
   3.4237198e-03
   3.3877380e-03
   3.2775000e-03
   3.2069609e-03
   3.1642006e-03
   3.0922946e-03
   3.0086497e-03
   2.9385851e-03
   2.7307435e-03
   2.6173957e-03
   2.5584597e-03
   2.4908997e-03
   2.4832031e-03
   2.4033772e-03
   2.3366249e-03
   2.3255668e-03
   2.2345132e-03
   2.2091042e-03
   2.2539621e-03
   2.2113279e-03
   2.1983112e-03
   2.1497503e-03
   2.0966370e-03
   2.1373172e-03
   2.0339285e-03
   2.0598359e-03
   1.9834296e-03
   1.9448317e-03
   1.8693329e-03
   1.8561247e-03
   1.7619559e-03
   1.6852015e-03
   1.6850569e-03
   1.5496932e-03
   1.5188230e-03
   1.4965492e-03
   1.4867290e-03
   1.1928838e-03
   9.5634643e-04
   6.3008005e-04
   6.8845757e-04
   6.1175767e-04
   8.2746360e-04
   8.9404256e-04
   9.1663001e-04
   9.4561661e-04
   9.2355474e-04
   8.9208670e-04
   8.3538707e-04
   8.1383785e-04
   7.8917632e-04
   6.7904591e-04
   6.2606663e-04
   5.6440219e-04
   5.0340238e-04
   4.6901595e-04
   4.3480723e-04
   3.9599047e-04
   3.3836774e-04
   2.9048866e-04
   2.1183799e-04
   1.9480222e-04
   1.4678881e-04
   7.3355825e-05
  -4.0704298e-05
  -5.7233394e-05
  -4.9126673e-05
  -1.0827862e-04
  -5.8100509e-05
  -1.0061234e-04
  -1.4571787e-04
  -2.0026360e-04
  -1.5386063e-04
  -3.9512376e-04
  -4.4125183e-04
  -4.1683502e-04
  -6.7409746e-04
  -7.4189102e-04
  -6.4967628e-04
  -6.0707685e-04
  -6.4968317e-04
  -7.0660982e-04
  -7.3087005e-04
  -7.2736322e-04
  -8.6251534e-04
  -8.2227586e-04
  -8.4462325e-04
  -8.5232735e-04
  -9.9985491e-04
  -8.5412169e-04
  -9.3731567e-04
  -9.8043608e-04
  -1.0351182e-03
  -1.0822789e-03
  -1.1683882e-03
  -9.9075039e-04
  -1.0568748e-03
  -1.1504019e-03
  -1.2034623e-03
  -1.3030084e-03
  -1.1805274e-03
  -1.2890886e-03
  -1.0843318e-03
  -1.2700659e-03
  -1.4056830e-03
  -1.3646887e-03
  -1.4673466e-03
  -1.4557397e-03
  -1.5011941e-03
  -1.5541116e-03
  -1.6628379e-03
  -1.5071914e-03
  -1.6828724e-03
  -1.7319035e-03
  -1.7530203e-03
  -1.7367374e-03
  -1.8533348e-03
  -1.6275460e-03
  -1.7164276e-03
  -1.8884249e-03
  -1.7517610e-03
  -2.0018402e-03
  -1.7551797e-03
  -1.9194066e-03
  -1.8813383e-03
  -1.9198799e-03
  -1.9282902e-03
  -2.0701825e-03
  -1.9945079e-03
  -1.9697562e-03
  -2.2148814e-03
  -2.2160503e-03
  -2.2441696e-03
  -2.3721064e-03
  -2.2474249e-03
  -2.1951408e-03
  -2.3034533e-03
  -2.5712743e-03
  -2.6806394e-03
  -2.4710538e-03
  -2.4126881e-03
  -2.4809527e-03
  -2.5169653e-03
  -2.7600855e-03
  -2.4819439e-03
  -3.0103464e-03
  -2.7828512e-03
  -3.0594878e-03
  -3.1227724e-03
  -2.9706166e-03
  -2.6017836e-03
  -2.8979906e-03
  -2.8973960e-03
  -2.7114570e-03
  -3.1037347e-03
  -3.0716180e-03
  -2.9021885e-03
  -3.4527272e-03
  -3.2906640e-03
  -2.6339808e-03
  -2.9208952e-03
  -2.5598498e-03
  -3.3857824e-03
  -3.4906551e-03
  -3.3109381e-03
  -2.6615844e-03
  -3.2042516e-03
  -3.3197045e-03
  -2.9539021e-03
  -3.3032230e-03
  -3.2084128e-03
  -3.4330882e-03
  -2.3322136e-03
  -3.0060239e-03
  -2.9776061e-03
  -3.3315644e-03
  -2.5051235e-03
  -3.8352309e-03
  -3.3132641e-03
  -2.8448315e-03
  -2.4683373e-03
  -2.9580110e-03
  -3.0706792e-03
  -4.2907651e-03
  -3.8269965e-03
  -2.9112484e-03
  -4.0475122e-03
  -4.0475122e-03
  -3.5380136e-03
  -2.7083407e-03
  -2.9868886e-03
  -3.0105411e-03
  -3.5015041e-03
  -3.5788788e-03
  -3.7141650e-03
  -3.7385068e-03
  -2.9123939e-03
  -2.9326841e-03
  -2.6481943e-03
  -2.5976604e-03
  -3.8240176e-03
  -3.1701907e-03
  -3.1261128e-03
  -3.1129358e-03
  -3.6132821e-03
  -3.3594481e-03
  -3.4034839e-03
  -3.4230463e-03
  -3.3885635e-03
  -3.5895476e-03
  -4.3937813e-03
  -4.7508892e-03
  -2.9376089e-03
  -3.5208047e-03
  -4.5767932e-03
  -5.0973724e-03
  -2.7090544e-03
  -3.8268583e-03
  -3.8124180e-03
  -3.8151132e-03
  -3.6689920e-03
  -3.5511260e-03
  -3.8847707e-03
  -4.0634346e-03
  -4.1602936e-03
  -4.0393126e-03
  -3.9654824e-03
  -3.9704658e-03
  -3.9833319e-03
  -3.9960828e-03
  -4.0038666e-03
  -3.9984756e-03
  -3.9868437e-03
  -3.9752698e-03
  -3.9690681e-03
  -3.9609444e-03
  -3.9434007e-03
  -3.9259123e-03
  -3.9165140e-03
  -3.9211398e-03
  -3.9311707e-03
  -3.9411969e-03
  -3.9465914e-03
  -3.9639025e-03
  -3.9961118e-03
  -4.0284096e-03
  -4.0458361e-03
  -4.0552363e-03
  -4.0756818e-03
  -4.0962099e-03
  -4.1072932e-03
  -4.0961045e-03
  -4.0342619e-03
  -4.1272242e-03
  -4.1129341e-03
  -4.1009107e-03
  -4.1891267e-03
  -4.2642054e-03
  -4.3655995e-03
  -4.4455631e-03
  -4.4527557e-03
  -4.3190113e-03
  -4.4534573e-03
  -4.5216145e-03
  -4.4172013e-03
  -4.3984337e-03
  -4.3889594e-03
  -4.4039324e-03
  -4.1752093e-03
  -4.1140054e-03
  -4.1582082e-03
  -4.2679178e-03
  -4.4628704e-03
  -4.5938779e-03
  -4.5751245e-03
  -4.5582999e-03
  -4.6670816e-03
  -4.9686530e-03
  -5.1669978e-03
  -5.0875864e-03
  -5.1918685e-03
  -5.2239847e-03
  -5.5626952e-03
  -5.4761340e-03
  -5.2594934e-03
  -5.3613999e-03
  -5.1070516e-03
  -5.1966379e-03
  -5.2550740e-03
  -5.1115991e-03
  -5.1843082e-03
  -5.1808063e-03
  -4.9709845e-03
  -4.9588360e-03
  -5.0976795e-03
  -5.0142747e-03
  -5.0608062e-03
  -5.0204046e-03
  -5.0240857e-03
  -5.0998053e-03
  -4.8760260e-03
  -4.6371600e-03
  -4.7348260e-03
  -4.8220129e-03
  -5.0079022e-03
  -5.1916455e-03
  -5.2253420e-03
  -5.2601838e-03
  -5.3598414e-03
  -5.3975809e-03
  -5.4532171e-03
  -5.6357226e-03
  -5.6420958e-03
  -5.4693483e-03
  -5.4987906e-03
  -5.5160649e-03
  -5.3868744e-03
  -5.4085943e-03
  -5.4813504e-03
  -5.4321530e-03
  -5.3456945e-03
  -5.4609632e-03
  -5.5539333e-03
  -5.5568399e-03
  -5.6899250e-03
  -5.6588944e-03
  -5.5977874e-03
  -5.7618213e-03
  -5.6508283e-03
  -5.5674413e-03
  -5.8561185e-03
  -5.9783590e-03
  -5.8649876e-03
  -5.9336606e-03
  -6.0433450e-03
  -6.0705621e-03
  -6.0044473e-03
  -6.1760936e-03
  -6.2573785e-03
  -6.6305792e-03
  -7.7309130e-03
  -5.2941978e-03
  -4.9659591e-03
  -6.6286990e-03
  -6.7559295e-03
  -4.2869491e-03
  -2.0479180e-03
  -4.3967372e-03
  -5.6025653e-03
  -6.8515531e-03
  -6.8572085e-03
  -6.1652769e-03
  -5.8380215e-03
  -6.7511632e-03
  -7.2876443e-03
  -6.1122050e-03
  -5.8270227e-03
  -6.3124548e-03
  -6.3240724e-03
  -5.8916182e-03
  -6.3134868e-03
  -6.9388086e-03
  -6.6698510e-03
  -6.5035607e-03
  -6.5265930e-03
  -6.6291201e-03
  -6.7399523e-03
  -6.3917988e-03
  -6.3396782e-03
  -6.4190559e-03
  -5.9330910e-03
  -6.2488374e-03
  -6.7364443e-03
  -6.4824347e-03
  -6.1246732e-03
  -6.1265125e-03
  -6.1155491e-03
  -6.2057183e-03
  -6.2696857e-03
  -6.3016799e-03
  -6.2415265e-03
  -6.1363306e-03
  -6.2938333e-03
  -6.3118531e-03
  -6.1960512e-03
  -6.2173528e-03
  -6.4777651e-03
  -6.5323431e-03
  -6.3440740e-03
  -6.3444094e-03
  -6.4045478e-03
  -6.4073948e-03
  -6.4552704e-03
  -6.3440846e-03
  -6.3804667e-03
  -6.4933315e-03
  -6.3853273e-03
  -6.3873358e-03
  -6.3491408e-03
  -6.4921094e-03
  -6.3239742e-03
  -6.3013487e-03
  -6.4409947e-03
  -6.6544410e-03
  -6.6558559e-03
  -6.4315224e-03
  -6.4332247e-03
  -6.3613040e-03
  -6.2983767e-03
  -6.4620195e-03
  -6.4634295e-03
  -6.4964379e-03
  -6.6183813e-03
  -6.7038609e-03
  -6.5919136e-03
  -6.5034527e-03
  -6.3600659e-03
  -6.5015476e-03
  -6.6653720e-03
  -6.6741236e-03
  -6.4984664e-03
  -6.4766543e-03
  -6.5423418e-03
  -6.6028915e-03
  -6.7496406e-03
  -6.6357454e-03
  -6.4396305e-03
  -6.5458992e-03
  -6.6129227e-03
  -6.6166725e-03
  -6.6144224e-03
  -6.4905442e-03
  -6.4632314e-03
  -6.6391905e-03
  -6.6227604e-03
  -6.7191851e-03
  -6.8133035e-03
  -6.9658269e-03
  -6.5981720e-03
  -6.5822078e-03
  -6.5897157e-03
  -6.6040009e-03
  -6.8054284e-03
  -6.7645490e-03
  -6.7653394e-03
  -6.9818759e-03
  -6.9726661e-03
  -6.4238160e-03
  -6.5344773e-03
  -7.1216617e-03
  -6.9355989e-03
  -6.7657416e-03
  -6.9127867e-03
  -7.1821842e-03
  -7.3666068e-03
  -7.1649573e-03
  -6.8393804e-03
  -6.7814520e-03
  -6.7056275e-03
  -7.2703670e-03
  -7.6271499e-03
  -7.0825952e-03
  -7.5597087e-03
  -9.2810686e-03
  -9.8370512e-03
  -7.6232399e-03
  -6.0863153e-03
  -7.6054032e-03
  -1.2359120e-02
  -9.3145902e-03
  -6.3064498e-03
  -7.0394041e-03
  -7.4199517e-03
  -7.8128412e-03
  -7.6695740e-03
  -1.6027790e-02
  -2.0946037e-02
  -1.2305661e-02
  -9.0617250e-03
  -7.5118598e-03
  -7.6407113e-03
  -8.7480691e-03
  -1.3162727e-02
  -7.6407113e-03
  -8.0031815e-03
  -1.7376562e-02
  -8.1038804e-03
  -8.9327092e-03
  -1.7390202e-02
  -1.7713351e-02
  -2.0683273e-02
