  -6.1944872e-03
  -7.4397063e-03
  -5.4203358e-03
  -6.7505528e-03
  -3.9332813e-03
  -4.3411074e-03
  -5.9755889e-03
  -4.3451983e-03
  -4.2065584e-03
  -3.5026797e-03
  -1.2571848e-03
  -1.9181283e-03
   6.9155515e-04
   3.8895634e-03
   7.7379869e-03
   1.7575444e-02
   2.4819700e-02
   3.0011895e-02
   3.4827019e-02
   3.8606520e-02
   4.6832714e-02
   4.5945115e-02
   5.2516570e-02
   5.5034773e-02
   5.8603817e-02
   6.0994872e-02
   5.9660734e-02
   6.4224599e-02
   6.4429830e-02
   6.4417448e-02
   6.5327897e-02
   6.5367852e-02
   6.8699160e-02
   6.5026711e-02
   6.6683745e-02
   6.7955764e-02
   6.5257613e-02
   6.5505690e-02
   6.4336080e-02
   6.3864505e-02
   6.3028688e-02
   6.5556542e-02
   6.6889415e-02
   6.7692210e-02
   6.6570400e-02
   6.5258903e-02
   5.6232929e-02
   5.6355840e-02
   5.6865471e-02
   5.5797181e-02
   5.6983261e-02
   5.7500015e-02
   5.6819095e-02
   5.6902936e-02
   5.7575026e-02
   5.6205723e-02
   5.4744675e-02
   5.4557204e-02
   5.3445907e-02
   5.1733676e-02
   5.2235962e-02
   5.1582166e-02
   5.1170124e-02
   5.1450959e-02
   4.9803317e-02
   4.9539888e-02
   4.8688623e-02
   4.8343512e-02
   4.7247189e-02
   4.6550476e-02
   4.5893905e-02
   4.6020734e-02
   4.5003393e-02
   4.4053075e-02
   4.3283240e-02
   4.2807385e-02
   4.1725633e-02
   4.1207915e-02
   4.0259682e-02
   3.9328713e-02
   3.8231310e-02
   3.7268156e-02
   3.5848401e-02
   3.4745573e-02
   3.3975436e-02
   3.3555171e-02
   3.2872868e-02
   3.2225565e-02
   3.1366249e-02
   3.0580486e-02
   2.9904647e-02
   2.9280908e-02
   2.8482836e-02
   2.7750112e-02
   2.7101176e-02
   2.6624254e-02
   2.5737112e-02
   2.5087457e-02
   2.4299754e-02
   2.3776993e-02
   2.3345933e-02
   2.2734292e-02
   2.2401105e-02
   2.1658959e-02
   2.1208137e-02
   2.0760111e-02
   2.0254058e-02
   1.9750865e-02
   1.9290612e-02
   1.8807440e-02
   1.8355488e-02
   1.7877602e-02
   1.7365462e-02
   1.6983080e-02
   1.6559003e-02
   1.6103217e-02
   1.5766778e-02
   1.5371390e-02
   1.5029943e-02
   1.4596506e-02
   1.4192853e-02
   1.3886951e-02
   1.3530803e-02
   1.3163437e-02
   1.2799390e-02
   1.2452016e-02
   1.2083481e-02
   1.1814913e-02
   1.1541729e-02
   1.1318490e-02
   1.1044777e-02
   1.0839445e-02
   1.0479577e-02
   1.0080361e-02
   9.7988089e-03
   9.5845629e-03
   9.3631883e-03
   9.0941569e-03
   8.7966078e-03
   8.5276819e-03
   8.3082420e-03
   8.0426683e-03
   7.7704719e-03
   7.4778119e-03
   7.2369917e-03
   6.9766851e-03
   6.7227207e-03
   6.4567571e-03
   6.2081571e-03
   5.9393139e-03
   5.7322435e-03
   5.5209726e-03
   5.3235454e-03
   5.0740485e-03
   4.8669722e-03
   4.6771851e-03
   4.4899879e-03
   4.3132181e-03
   4.1308891e-03
   3.9479258e-03
   3.7234252e-03
   3.5416032e-03
   3.3495027e-03
   3.1943716e-03
   3.0012530e-03
   2.8416154e-03
   2.6803638e-03
   2.4807620e-03
   2.3139344e-03
   2.1143428e-03
   1.9394911e-03
   1.7659231e-03
   1.5655440e-03
   1.3697311e-03
   1.1623985e-03
   9.9171862e-04
   8.4784758e-04
   6.8136942e-04
   5.4313231e-04
   4.0160956e-04
   2.3555376e-04
   4.8439029e-05
  -9.5173899e-05
  -2.7310635e-04
  -4.3422653e-04
  -6.2830575e-04
  -8.6889110e-04
  -1.0840783e-03
  -1.3102933e-03
  -1.5581067e-03
  -1.7787366e-03
  -1.9944087e-03
  -2.2504249e-03
  -2.4886115e-03
  -2.7335732e-03
  -2.9847448e-03
  -3.2541501e-03
  -3.5617120e-03
  -3.8694794e-03
  -4.1803898e-03
  -4.4792554e-03
  -4.7585579e-03
  -5.0176920e-03
  -5.3061452e-03
  -5.5747393e-03
  -5.8558895e-03
  -6.1120910e-03
  -6.3322792e-03
  -6.5200487e-03
  -6.6896961e-03
  -6.8267936e-03
  -6.9471120e-03
  -7.0345812e-03
  -7.1522624e-03
  -7.2725091e-03
  -7.3785497e-03
  -7.4795271e-03
  -7.5912835e-03
  -7.7004500e-03
  -7.7904681e-03
  -7.8107208e-03
  -7.8297501e-03
  -7.8962390e-03
  -8.0004142e-03
  -8.1385836e-03
  -8.2990179e-03
  -8.4587243e-03
  -8.6174296e-03
  -8.7723342e-03
  -8.8854654e-03
  -9.0033681e-03
  -9.1320476e-03
  -9.2395049e-03
  -9.3502628e-03
  -9.4315342e-03
  -9.5044202e-03
  -9.6075938e-03
  -9.7086818e-03
  -9.8330112e-03
  -9.9083554e-03
  -9.9823427e-03
  -1.0058092e-02
  -1.0132426e-02
  -1.0176852e-02
  -1.0239429e-02
  -1.0339613e-02
  -1.0445467e-02
  -1.0523641e-02
  -1.0598565e-02
  -1.0681419e-02
  -1.0797736e-02
  -1.0940636e-02
  -1.1009893e-02
  -1.1062825e-02
  -1.1116400e-02
  -1.1177999e-02
  -1.1224484e-02
  -1.1278061e-02
  -1.1335585e-02
  -1.1393091e-02
  -1.1432459e-02
  -1.1509322e-02
  -1.1565586e-02
  -1.1626429e-02
  -1.1729968e-02
  -1.1867830e-02
  -1.1971020e-02
  -1.2059498e-02
  -1.2111559e-02
  -1.2177550e-02
  -1.2233479e-02
  -1.2280557e-02
  -1.2342300e-02
  -1.2414162e-02
  -1.2484924e-02
  -1.2542427e-02
  -1.2591642e-02
  -1.2644507e-02
  -1.2691578e-02
  -1.2747844e-02
  -1.2811231e-02
  -1.2861179e-02
  -1.2914001e-02
  -1.2977537e-02
  -1.3060877e-02
  -1.3172066e-02
  -1.3267950e-02
  -1.3317657e-02
  -1.3351532e-02
  -1.3395168e-02
  -1.3444856e-02
  -1.3511707e-02
  -1.3531237e-02
  -1.3606562e-02
  -1.3617434e-02
  -1.3630501e-02
  -1.3654079e-02
  -1.3675152e-02
  -1.3704773e-02
  -1.3726511e-02
  -1.3736515e-02
  -1.3745533e-02
  -1.3751942e-02
  -1.3802830e-02
  -1.3824796e-02
  -1.3843053e-02
  -1.3877391e-02
  -1.3916429e-02
  -1.3958535e-02
  -1.3954268e-02
  -1.4019083e-02
  -1.4070564e-02
  -1.4102410e-02
  -1.4138584e-02
  -1.4228181e-02
  -1.4403350e-02
  -1.4553380e-02
  -1.4553676e-02
  -1.4527088e-02
  -1.4462371e-02
  -1.4412875e-02
  -1.4382403e-02
  -1.4357791e-02
  -1.4384221e-02
  -1.4400716e-02
  -1.4427428e-02
  -1.4437686e-02
  -1.4471170e-02
  -1.4520733e-02
  -1.4547842e-02
  -1.4561662e-02
  -1.4610370e-02
  -1.4654275e-02
  -1.4657146e-02
  -1.4679793e-02
  -1.4723400e-02
  -1.4753417e-02
  -1.4766805e-02
  -1.4784257e-02
  -1.4815282e-02
  -1.4814275e-02
  -1.4888513e-02
  -1.4898883e-02
  -1.4922559e-02
  -1.4947608e-02
  -1.4922243e-02
  -1.4970350e-02
  -1.4997141e-02
  -1.5016933e-02
  -1.5084402e-02
  -1.5085159e-02
  -1.5141382e-02
  -1.5249828e-02
  -1.5303236e-02
  -1.5242417e-02
  -1.5309906e-02
  -1.5306946e-02
  -1.5310841e-02
  -1.5347235e-02
  -1.5351030e-02
  -1.5392420e-02
  -1.5473582e-02
  -1.5442428e-02
  -1.5487053e-02
  -1.5482509e-02
  -1.5521638e-02
  -1.5545640e-02
  -1.5538669e-02
  -1.5515403e-02
  -1.5572219e-02
  -1.5570622e-02
  -1.5616278e-02
  -1.5608593e-02
  -1.5631460e-02
  -1.5661473e-02
  -1.5678746e-02
  -1.5700621e-02
  -1.5710934e-02
  -1.5740518e-02
  -1.5705787e-02
  -1.5743222e-02
  -1.5791634e-02
  -1.5825283e-02
  -1.5821202e-02
  -1.5831489e-02
  -1.5853114e-02
  -1.5898774e-02
  -1.5941385e-02
  -1.5888547e-02
  -1.5909955e-02
  -1.5969785e-02
  -1.6013615e-02
  -1.6032662e-02
  -1.6070850e-02
  -1.6033432e-02
  -1.6042150e-02
  -1.6119851e-02
  -1.6056000e-02
  -1.6127868e-02
  -1.6123178e-02
  -1.6142902e-02
  -1.6118137e-02
  -1.6118949e-02
  -1.6115539e-02
  -1.6147004e-02
  -1.6147203e-02
  -1.6228121e-02
  -1.6226117e-02
  -1.6282064e-02
  -1.6351669e-02
  -1.6337582e-02
  -1.6354031e-02
  -1.6369094e-02
  -1.6397960e-02
  -1.6464503e-02
  -1.6461742e-02
  -1.6509905e-02
  -1.6409441e-02
  -1.6426416e-02
  -1.6495222e-02
  -1.6481982e-02
  -1.6577141e-02
  -1.6644279e-02
  -1.6632812e-02
  -1.6712779e-02
  -1.6700501e-02
  -1.6731749e-02
  -1.6640737e-02
  -1.6639645e-02
  -1.6644962e-02
  -1.6808291e-02
  -1.6782044e-02
  -1.6857088e-02
  -1.7001485e-02
  -1.6953802e-02
  -1.6863149e-02
  -1.6920843e-02
  -1.6838888e-02
  -1.6836367e-02
  -1.6894661e-02
  -1.7072423e-02
  -1.7181882e-02
  -1.7217664e-02
  -1.7081531e-02
  -1.7055719e-02
  -1.7206397e-02
  -1.7066182e-02
  -1.7231407e-02
  -1.7118781e-02
  -1.7105691e-02
  -1.7154239e-02
  -1.7147399e-02
  -1.7172155e-02
  -1.7108874e-02
  -1.7368623e-02
  -1.7315590e-02
  -1.7166445e-02
  -1.7148867e-02
  -1.7023752e-02
  -1.7160782e-02
  -1.7361839e-02
  -1.7243340e-02
  -1.7025569e-02
  -1.7171668e-02
  -1.7171668e-02
  -1.7110147e-02
  -1.7055562e-02
  -1.7052006e-02
  -1.7051708e-02
  -1.7148265e-02
  -1.7391113e-02
  -1.7241206e-02
  -1.7214241e-02
  -1.7069022e-02
  -1.7323074e-02
  -1.7105314e-02
  -1.7066632e-02
  -1.7263159e-02
  -1.7042408e-02
  -1.7211331e-02
  -1.7261822e-02
  -1.7090893e-02
  -1.6989263e-02
  -1.7130710e-02
  -1.7193559e-02
  -1.7058925e-02
  -1.6706405e-02
  -1.6964212e-02
  -1.7078691e-02
  -1.7190903e-02
  -1.6562611e-02
  -1.7016610e-02
  -1.7256402e-02
  -1.7192844e-02
  -1.7149024e-02
  -1.7134644e-02
  -1.7141634e-02
  -1.7315017e-02
  -1.7434889e-02
  -1.7532118e-02
  -1.7631295e-02
  -1.7786299e-02
  -1.7774877e-02
  -1.7767903e-02
  -1.7773030e-02
  -1.7786267e-02
  -1.7799383e-02
  -1.7807393e-02
  -1.7804638e-02
  -1.7798689e-02
  -1.7792770e-02
  -1.7789602e-02
  -1.7789805e-02
  -1.7790252e-02
  -1.7790698e-02
  -1.7790933e-02
  -1.7793439e-02
  -1.7798875e-02
  -1.7804308e-02
  -1.7807230e-02
  -1.7806374e-02
  -1.7804777e-02
  -1.7803177e-02
  -1.7802316e-02
  -1.7810657e-02
  -1.7828797e-02
  -1.7847010e-02
  -1.7856847e-02
  -1.7853331e-02
  -1.7833891e-02
  -1.7795370e-02
  -1.7790523e-02
  -1.7779409e-02
  -1.7820520e-02
  -1.7822573e-02
  -1.7830649e-02
  -1.7850371e-02
  -1.7894655e-02
  -1.7947277e-02
  -1.7929259e-02
  -1.7898151e-02
  -1.7928210e-02
  -1.7948970e-02
  -1.7885396e-02
  -1.7860094e-02
  -1.7761563e-02
  -1.7632724e-02
  -1.7594470e-02
  -1.7689641e-02
  -1.7806025e-02
  -1.7830517e-02
  -1.7840731e-02
  -1.7953857e-02
  -1.8164071e-02
  -1.8334622e-02
  -1.8491996e-02
  -1.8492046e-02
  -1.8455822e-02
  -1.8448991e-02
  -1.8562594e-02
  -1.8601956e-02
  -1.8532625e-02
  -1.8509374e-02
  -1.8520547e-02
  -1.8463072e-02
  -1.8451371e-02
  -1.8414880e-02
  -1.8370098e-02
  -1.8364649e-02
  -1.8363064e-02
  -1.8360623e-02
  -1.8359355e-02
  -1.8357250e-02
  -1.8352644e-02
  -1.8256906e-02
  -1.8289768e-02
  -1.8356657e-02
  -1.8284560e-02
  -1.8231471e-02
  -1.8263076e-02
  -1.8287423e-02
  -1.8349974e-02
  -1.8425298e-02
  -1.8447023e-02
  -1.8439415e-02
  -1.8479970e-02
  -1.8541505e-02
  -1.8577281e-02
  -1.8624269e-02
  -1.8620570e-02
  -1.8588451e-02
  -1.8596744e-02
  -1.8612649e-02
  -1.8615449e-02
  -1.8583897e-02
  -1.8553149e-02
  -1.8560091e-02
  -1.8571745e-02
  -1.8607731e-02
  -1.8622594e-02
  -1.8637043e-02
  -1.8654705e-02
  -1.8666751e-02
  -1.8677309e-02
  -1.8748536e-02
  -1.8769796e-02
  -1.8761689e-02
  -1.8874374e-02
  -1.8932079e-02
  -1.8973147e-02
  -1.9021231e-02
  -1.9161777e-02
  -1.9330073e-02
  -1.9171480e-02
  -1.8997354e-02
  -1.9203877e-02
  -1.9447876e-02
  -1.9204038e-02
  -1.8825987e-02
  -1.9213493e-02
  -1.8881492e-02
  -1.8833987e-02
  -1.8690641e-02
  -1.8271889e-02
  -1.8102984e-02
  -1.7941889e-02
  -1.8777376e-02
  -1.9080738e-02
  -1.9234171e-02
  -1.9195913e-02
  -1.9632732e-02
  -1.9657656e-02
  -1.9108963e-02
  -1.8975294e-02
  -1.9374179e-02
  -1.9596357e-02
  -1.9580579e-02
  -1.9750138e-02
  -1.9533347e-02
  -1.9271997e-02
  -1.9358257e-02
  -1.9356013e-02
  -1.9168259e-02
  -1.9228907e-02
  -1.9318760e-02
  -1.9296674e-02
  -1.9330773e-02
  -1.9263886e-02
  -1.9323688e-02
  -1.9382577e-02
  -1.9334516e-02
  -1.9339439e-02
  -1.9273452e-02
  -1.9157671e-02
  -1.9229738e-02
  -1.9247540e-02
  -1.9185084e-02
  -1.9182697e-02
  -1.9191544e-02
  -1.9192782e-02
  -1.9181407e-02
  -1.9231085e-02
  -1.9272395e-02
  -1.9263481e-02
  -1.9254944e-02
  -1.9217727e-02
  -1.9221013e-02
  -1.9237925e-02
  -1.9223449e-02
  -1.9243669e-02
  -1.9279432e-02
  -1.9333975e-02
  -1.9275974e-02
  -1.9274840e-02
  -1.9293190e-02
  -1.9303324e-02
  -1.9294663e-02
  -1.9211121e-02
  -1.9272046e-02
  -1.9295438e-02
  -1.9316126e-02
  -1.9373241e-02
  -1.9330780e-02
  -1.9242662e-02
  -1.9209526e-02
  -1.9251743e-02
  -1.9302974e-02
  -1.9277775e-02
  -1.9324903e-02
  -1.9330636e-02
  -1.9364748e-02
  -1.9337450e-02
  -1.9282706e-02
  -1.9334498e-02
  -1.9369692e-02
  -1.9370864e-02
  -1.9380366e-02
  -1.9405383e-02
  -1.9443195e-02
  -1.9494662e-02
  -1.9547715e-02
  -1.9419189e-02
  -1.9378330e-02
  -1.9379564e-02
  -1.9413718e-02
  -1.9469579e-02
  -1.9466180e-02
  -1.9453611e-02
  -1.9444541e-02
  -1.9482153e-02
  -1.9581623e-02
  -1.9568325e-02
  -1.9516918e-02
  -1.9529135e-02
  -1.9477125e-02
  -1.9453087e-02
  -1.9435052e-02
  -1.9574224e-02
  -1.9607039e-02
  -1.9563799e-02
  -1.9582147e-02
  -1.9590256e-02
  -1.9634581e-02
  -1.9639473e-02
  -1.9523379e-02
  -1.9531791e-02
  -1.9708591e-02
  -1.9697002e-02
  -1.9487181e-02
  -1.9634422e-02
  -1.9828310e-02
  -1.9828095e-02
  -1.9769450e-02
  -1.9734970e-02
  -1.9637626e-02
  -1.9774852e-02
  -2.0063332e-02
  -2.0131832e-02
  -1.9944116e-02
  -2.0234627e-02
  -2.0735668e-02
  -2.0626643e-02
  -2.0382567e-02
  -2.0238569e-02
  -2.0380783e-02
  -2.1228748e-02
  -2.0559213e-02
  -1.9869822e-02
  -2.0070611e-02
  -2.1898869e-02
  -2.0460532e-02
  -2.1277682e-02
  -2.1499338e-02
  -2.5199497e-02
  -2.5344450e-02
  -2.4176124e-02
  -2.0829970e-02
  -2.3285234e-02
  -2.5857321e-02
  -2.4136856e-02
  -2.2645376e-02
  -2.0760684e-02
  -2.4046263e-02
  -2.5998836e-02
  -2.3955017e-02
  -2.1646819e-02
  -2.0628219e-02
  -2.7431738e-02
