   5.3144727e-03   2.2115400e-01   2.8298200e-01
   5.8016000e-03   2.9666000e-01   3.2773867e-01
   6.4913727e-03   3.0414930e-01   3.1784970e-01
   6.7795000e-03   2.9384250e-01   3.3582000e-01
   7.4839773e-03   3.4075550e-01   3.5869003e-01
   7.8211864e-03   3.2814900e-01   3.7372527e-01
   7.8821136e-03   3.4243200e-01   3.7413867e-01
   9.1224545e-03   3.7915800e-01   3.9536133e-01
   9.3692455e-03   3.9266730e-01   4.1182177e-01
   9.4153136e-03   3.4822250e-01   4.0625963e-01
   1.0703045e-02   4.0113450e-01   4.3541950e-01
   1.1652218e-02   4.1092350e-01   4.7765467e-01
   1.3608000e-02   4.4486030e-01   4.9187803e-01
   1.6690809e-02   4.6613930e-01   5.6467277e-01
   2.2832700e-02   6.0753750e-01   6.8695417e-01
   3.7441909e-02   7.0690850e-01   7.8672077e-01
   5.8164182e-02   9.5390600e-01   1.0586030e+00
   8.9539991e-02   1.3080270e+00   1.4120293e+00
   1.3371968e-01   1.7713130e+00   1.8539737e+00
   2.0456255e-01   2.4922490e+00   2.6493067e+00
   3.0380719e-01   3.2628890e+00   3.4223537e+00
   4.2097385e-01   4.5178100e+00   4.7920253e+00
   5.4446870e-01   5.3214140e+00   5.6515263e+00
   6.6972728e-01   6.3562730e+00   6.7181177e+00
   8.4390368e-01   7.5833280e+00   8.0660633e+00
   1.0551630e+00   9.2693400e+00   9.8140700e+00
   1.1932051e+00   1.0589680e+01   1.1224527e+01
   1.3702537e+00   1.1535290e+01   1.2235200e+01
   1.5528612e+00   1.3059240e+01   1.3801033e+01
   1.8063391e+00   1.5150390e+01   1.6041843e+01
   2.1710117e+00   1.7967180e+01   1.9058180e+01
   2.3870315e+00   1.9712240e+01   2.0936913e+01
   2.5972429e+00   2.0620030e+01   2.1907120e+01
   2.5700946e+00   2.1218210e+01   2.2594310e+01
   2.6323232e+00   2.1322950e+01   2.2715260e+01
   2.6653592e+00   2.1307140e+01   2.2663873e+01
   2.5815875e+00   2.1224140e+01   2.2646963e+01
   2.6239680e+00   2.1397600e+01   2.2962300e+01
   2.7212124e+00   2.2514810e+01   2.4074160e+01
   2.8334485e+00   2.3439430e+01   2.5135307e+01
   2.8502300e+00   2.3885890e+01   2.5569600e+01
   2.8516823e+00   2.3080490e+01   2.4806770e+01
   2.8645175e+00   2.2774670e+01   2.4546180e+01
   2.9736708e+00   2.3394510e+01   2.5207447e+01
   3.0536262e+00   2.4268930e+01   2.6225967e+01
   3.1092185e+00   2.5098840e+01   2.7062910e+01
   3.2392792e+00   2.9053500e+01   3.1437890e+01
   3.3149565e+00   2.9658720e+01   3.2084990e+01
   3.2800309e+00   2.9099740e+01   3.1532983e+01
   3.0596418e+00   2.7497320e+01   2.9815693e+01
   3.0580970e+00   2.6996030e+01   2.9301403e+01
   3.1359986e+00   2.7432230e+01   2.9821620e+01
   3.2664917e+00   2.8709090e+01   3.1302110e+01
   3.3763824e+00   2.9611500e+01   3.2322350e+01
   3.6034826e+00   3.1367700e+01   3.4155940e+01
   3.6742239e+00   3.2452380e+01   3.5471990e+01
   3.7417994e+00   3.3707580e+01   3.6807890e+01
   3.7078738e+00   3.3470690e+01   3.6589080e+01
   3.5975042e+00   3.2934570e+01   3.6028677e+01
   3.4108084e+00   3.1880060e+01   3.4962613e+01
   3.4354146e+00   3.1804680e+01   3.4890457e+01
   3.6636793e+00   3.4126720e+01   3.7472993e+01
   3.8681857e+00   3.6190390e+01   3.9753300e+01
   3.8731934e+00   3.6008690e+01   3.9599890e+01
   3.5235232e+00   3.3511040e+01   3.6902723e+01
   3.1606547e+00   3.0139420e+01   3.3229460e+01
   2.9357561e+00   2.8318600e+01   3.1233467e+01
   3.0654290e+00   2.9663680e+01   3.2765303e+01
   3.2779989e+00   3.2207480e+01   3.5583260e+01
   3.4964516e+00   3.4669180e+01   3.8293667e+01
   3.7174570e+00   3.7113500e+01   4.1053317e+01
   3.5704997e+00   3.5547560e+01   3.9336623e+01
   3.3415675e+00   3.3761270e+01   3.7457637e+01
   3.2331142e+00   3.3114970e+01   3.6728563e+01
   3.4420437e+00   3.5633940e+01   3.9576000e+01
   3.8446412e+00   4.0079660e+01   4.4515200e+01
   4.4734231e+00   4.7355720e+01   5.2695453e+01
   4.8692322e+00   5.2061350e+01   5.7936800e+01
   4.7991941e+00   5.2293780e+01   5.8257863e+01
   4.5387390e+00   5.0642130e+01   5.6385120e+01
   4.4057568e+00   5.0020470e+01   5.5787150e+01
   4.7806811e+00   5.4354340e+01   6.0689043e+01
   5.3565251e+00   6.1740040e+01   6.8977453e+01
   5.7337760e+00   6.7773740e+01   7.5809410e+01
   5.5408960e+00   6.6993500e+01   7.4910057e+01
   5.2615544e+00   6.4300490e+01   7.1927590e+01
   5.0608397e+00   6.2504670e+01   7.0010197e+01
   4.9160042e+00   6.1374900e+01   6.8809710e+01
   4.7680621e+00   6.0489300e+01   6.7799453e+01
   4.6903221e+00   6.0335510e+01   6.7665517e+01
   4.6053042e+00   5.9946260e+01   6.7271650e+01
   4.5317160e+00   5.9657130e+01   6.7012407e+01
   4.4160606e+00   5.9039220e+01   6.6345753e+01
   4.2995300e+00   5.8301730e+01   6.5555797e+01
   4.1157346e+00   5.6580450e+01   6.3641877e+01
   3.8541161e+00   5.3623940e+01   6.0337007e+01
   3.8464180e+00   5.4438210e+01   6.1263193e+01
   4.1575404e+00   5.9275150e+01   6.6781003e+01
   4.5236270e+00   6.5324760e+01   7.3636620e+01
   4.5890593e+00   6.6958580e+01   7.5561100e+01
   4.5305799e+00   6.6808120e+01   7.5445750e+01
   4.4879207e+00   6.7144160e+01   7.5854103e+01
   4.4885814e+00   6.7654870e+01   7.6453063e+01
   4.5258921e+00   6.9337110e+01   7.8385133e+01
   4.5531775e+00   7.0430540e+01   7.9663080e+01
   4.4983084e+00   7.0291200e+01   7.9511467e+01
   4.4875966e+00   7.0968070e+01   8.0345233e+01
   4.5330429e+00   7.2548600e+01   8.2154330e+01
   4.6407912e+00   7.5082060e+01   8.5090713e+01
   4.6717348e+00   7.6503350e+01   8.6694393e+01
   4.6222495e+00   7.6535730e+01   8.6788803e+01
   4.5462405e+00   7.6167960e+01   8.6426590e+01
   4.5067363e+00   7.6595540e+01   8.6905637e+01
   4.4308467e+00   7.6271470e+01   8.6570433e+01
   4.4031806e+00   7.6957500e+01   8.7377500e+01
   4.5072315e+00   7.9690360e+01   9.0571683e+01
   4.6497040e+00   8.2407350e+01   9.3671557e+01
   4.6289227e+00   8.2481600e+01   9.3782743e+01
   4.4799504e+00   8.0429120e+01   9.1495853e+01
   4.2988755e+00   7.8105040e+01   8.8890663e+01
   4.1855545e+00   7.6897070e+01   8.7559327e+01
   4.1152070e+00   7.6238460e+01   8.6823360e+01
   4.0778490e+00   7.6258210e+01   8.6893780e+01
   4.0702790e+00   7.6874700e+01   8.7616127e+01
   4.0588273e+00   7.7398170e+01   8.8229370e+01
   4.0456135e+00   7.7843670e+01   8.8779267e+01
   4.0288595e+00   7.8349920e+01   8.9371743e+01
   4.0160678e+00   7.8776280e+01   8.9884440e+01
   3.9325124e+00   7.7904320e+01   8.8903540e+01
   3.7337705e+00   7.4784240e+01   8.5361143e+01
   3.5356377e+00   7.1873630e+01   8.1997443e+01
   3.6222326e+00   7.4029750e+01   8.4571953e+01
   4.0267727e+00   8.2395160e+01   9.4130810e+01
   4.2218089e+00   8.6797190e+01   9.9218013e+01
   4.0697902e+00   8.4408710e+01   9.6514340e+01
   3.8388247e+00   8.0245680e+01   9.1802490e+01
   3.6896387e+00   7.7763780e+01   8.8986457e+01
   3.6548176e+00   7.7732980e+01   8.8981337e+01
   3.6460835e+00   7.8294240e+01   8.9648560e+01
   3.5912354e+00   7.7860540e+01   8.9146897e+01
   3.4991922e+00   7.6371270e+01   8.7452397e+01
   3.3949075e+00   7.4682650e+01   8.5575027e+01
   3.3259863e+00   7.3767310e+01   8.4533043e+01
   3.3078545e+00   7.4041810e+01   8.4871493e+01
   3.3396101e+00   7.5321610e+01   8.6352253e+01
   3.3428084e+00   7.6066620e+01   8.7209987e+01
   3.3329203e+00   7.6502250e+01   8.7737200e+01
   3.3229533e+00   7.6974520e+01   8.8310610e+01
   3.2987892e+00   7.7084420e+01   8.8415187e+01
   3.2412607e+00   7.6490660e+01   8.7741793e+01
   3.1563898e+00   7.4990230e+01   8.6073733e+01
   3.0384277e+00   7.2764100e+01   8.3511723e+01
   2.9581853e+00   7.1343830e+01   8.1925097e+01
   2.9553160e+00   7.1904160e+01   8.2599370e+01
   3.0035927e+00   7.3661670e+01   8.4655150e+01
   3.0225922e+00   7.4690200e+01   8.5823370e+01
   3.0295131e+00   7.5310900e+01   8.6601050e+01
   2.9940701e+00   7.4755790e+01   8.6007877e+01
   2.9550899e+00   7.4199230e+01   8.5346093e+01
   2.9478566e+00   7.4480370e+01   8.5690223e+01
   2.9796915e+00   7.5865440e+01   8.7313133e+01
   2.9460553e+00   7.5550290e+01   8.6965020e+01
   2.8989978e+00   7.4862050e+01   8.6218097e+01
   2.8721996e+00   7.4627710e+01   8.5929910e+01
   2.8599160e+00   7.4872200e+01   8.6233097e+01
   2.8347358e+00   7.4681460e+01   8.6018437e+01
   2.7820028e+00   7.3766670e+01   8.4981753e+01
   2.7383970e+00   7.3201590e+01   8.4344740e+01
   2.7184479e+00   7.3148650e+01   8.4294343e+01
   2.7036953e+00   7.3379140e+01   8.4581630e+01
   2.6674482e+00   7.2918060e+01   8.4085743e+01
   2.6029735e+00   7.1764820e+01   8.2707453e+01
   2.5681985e+00   7.1411800e+01   8.2324767e+01
   2.6228361e+00   7.3561890e+01   8.4868643e+01
   2.7359675e+00   7.7467280e+01   8.9369570e+01
   2.8023290e+00   7.9913470e+01   9.2197353e+01
   2.7679455e+00   7.9300520e+01   9.1553377e+01
   2.6717306e+00   7.7103870e+01   8.9036677e+01
   2.5668629e+00   7.4512740e+01   8.6070347e+01
   2.4996735e+00   7.3015300e+01   8.4346573e+01
   2.4572373e+00   7.2353500e+01   8.3569773e+01
   2.4330150e+00   7.2230490e+01   8.3449417e+01
   2.3994452e+00   7.1724860e+01   8.2872853e+01
   2.3601689e+00   7.1126480e+01   8.2195003e+01
   2.3203284e+00   7.0434500e+01   8.1411820e+01
   2.2787042e+00   6.9792040e+01   8.0681803e+01
   2.2314207e+00   6.9059930e+01   7.9843053e+01
   2.2059392e+00   6.8919960e+01   7.9697923e+01
   2.1905145e+00   6.9150890e+01   7.9997313e+01
   2.1702861e+00   6.9324950e+01   8.0206590e+01
   2.1397741e+00   6.9132990e+01   7.9984700e+01
   2.1112995e+00   6.8968190e+01   7.9794387e+01
   2.0956669e+00   6.9390710e+01   8.0317100e+01
   2.0950177e+00   7.0274290e+01   8.1334357e+01
   2.0975432e+00   7.1334850e+01   8.2589037e+01
   2.0807957e+00   7.1826860e+01   8.3146453e+01
   2.0398631e+00   7.1526850e+01   8.2771820e+01
   1.9762193e+00   7.0475310e+01   8.1574063e+01
   1.8901255e+00   6.8516930e+01   7.9313153e+01
   1.8217537e+00   6.7180260e+01   7.7787450e+01
   1.7860035e+00   6.7040570e+01   7.7609643e+01
   1.7750541e+00   6.7738050e+01   7.8471187e+01
   1.7581042e+00   6.8224440e+01   7.9017770e+01
   1.7393328e+00   6.8734850e+01   7.9639967e+01
   1.7182830e+00   6.9145230e+01   8.0150877e+01
   1.6870422e+00   6.9263690e+01   8.0247027e+01
   1.6491921e+00   6.8918370e+01   7.9851747e+01
   1.6177279e+00   6.8651340e+01   7.9560270e+01
   1.5937800e+00   6.8510720e+01   7.9406427e+01
   1.5739417e+00   6.8497680e+01   7.9371993e+01
   1.5488685e+00   6.8095790e+01   7.8923337e+01
   1.5204660e+00   6.7374190e+01   7.8107017e+01
   1.4947151e+00   6.6682010e+01   7.7300553e+01
   1.4677549e+00   6.6222420e+01   7.6767133e+01
   1.4507714e+00   6.6182130e+01   7.6773803e+01
   1.4416952e+00   6.6466020e+01   7.7116730e+01
   1.4316808e+00   6.6677090e+01   7.7399730e+01
   1.4255121e+00   6.6936630e+01   7.7742623e+01
   1.4213946e+00   6.7178020e+01   7.8036707e+01
   1.4253669e+00   6.7644280e+01   7.8570443e+01
   1.4299548e+00   6.7628190e+01   7.8544153e+01
   1.4185605e+00   6.7186950e+01   7.7987620e+01
   1.3973713e+00   6.6460450e+01   7.7087340e+01
   1.3723089e+00   6.5878400e+01   7.6360913e+01
   1.3487729e+00   6.5300090e+01   7.5601887e+01
   1.3266170e+00   6.4772630e+01   7.4970807e+01
   1.3058834e+00   6.4476430e+01   7.4703403e+01
   1.2928705e+00   6.4682040e+01   7.4969593e+01
   1.2885534e+00   6.5215720e+01   7.5593790e+01
   1.2865386e+00   6.5838410e+01   7.6381393e+01
   1.2813332e+00   6.6307780e+01   7.6943887e+01
   1.2772692e+00   6.6756960e+01   7.7491437e+01
   1.2671335e+00   6.6827810e+01   7.7570177e+01
   1.2477035e+00   6.6452820e+01   7.7138550e+01
   1.2283440e+00   6.6057730e+01   7.6703963e+01
   1.2158200e+00   6.5872830e+01   7.6481090e+01
   1.1950804e+00   6.5418090e+01   7.5960930e+01
   1.1661171e+00   6.4436630e+01   7.4811447e+01
   1.1378484e+00   6.3456930e+01   7.3695463e+01
   1.1234406e+00   6.3127960e+01   7.3325963e+01
   1.1259325e+00   6.3681560e+01   7.3970887e+01
   1.1374646e+00   6.4604830e+01   7.5050753e+01
   1.1298451e+00   6.4592900e+01   7.5013137e+01
   1.0892881e+00   6.2537680e+01   7.2653487e+01
   1.0545797e+00   6.0965780e+01   7.0792263e+01
   1.0493842e+00   6.1275350e+01   7.1171220e+01
   1.0742267e+00   6.3383000e+01   7.3640147e+01
   1.0841280e+00   6.4513380e+01   7.4962083e+01
   1.0847769e+00   6.4899030e+01   7.5394690e+01
   1.0781370e+00   6.4880610e+01   7.5364037e+01
   1.0607246e+00   6.4579930e+01   7.4993010e+01
   1.0401145e+00   6.4386270e+01   7.4843103e+01
   1.0287593e+00   6.4287620e+01   7.4683647e+01
   1.0215845e+00   6.4193170e+01   7.4557653e+01
   1.0122548e+00   6.3962680e+01   7.4302160e+01
   1.0038390e+00   6.3895610e+01   7.4234520e+01
   1.0000395e+00   6.3997690e+01   7.4306693e+01
   9.9555525e-01   6.4039800e+01   7.4371147e+01
   9.9012500e-01   6.4057830e+01   7.4423363e+01
   9.8404023e-01   6.4086230e+01   7.4435313e+01
   9.7689214e-01   6.4011260e+01   7.4331053e+01
   9.6813864e-01   6.3865380e+01   7.4157763e+01
   9.5227376e-01   6.3250520e+01   7.3458380e+01
   9.1262076e-01   6.1149380e+01   7.1020067e+01
   8.3712824e-01   5.6473350e+01   6.5570943e+01
   7.7446383e-01   5.2667090e+01   6.1100770e+01
   7.6154969e-01   5.2306120e+01   6.0704527e+01
   7.8401996e-01   5.4512230e+01   6.3216740e+01
   7.9964465e-01   5.6136000e+01   6.5157177e+01
   8.0359352e-01   5.6920820e+01   6.6002910e+01
   8.0218465e-01   5.7460910e+01   6.6630467e+01
   8.0295866e-01   5.8244740e+01   6.7538843e+01
   7.9994480e-01   5.8618580e+01   6.7982733e+01
   7.8934302e-01   5.8414270e+01   6.7744557e+01
   7.8468438e-01   5.8525560e+01   6.7860577e+01
   7.8874980e-01   5.9271380e+01   6.8681237e+01
   7.9258636e-01   5.9995980e+01   6.9528527e+01
   7.9064763e-01   6.0346380e+01   6.9904060e+01
   7.8022628e-01   6.0169040e+01   6.9665850e+01
   7.6875527e-01   5.9827420e+01   6.9335560e+01
   7.5551187e-01   5.9457510e+01   6.8870763e+01
   7.4276439e-01   5.9014380e+01   6.8350730e+01
   7.2648945e-01   5.8277020e+01   6.7461010e+01
   7.0250461e-01   5.6919490e+01   6.5910983e+01
   6.5801166e-01   5.3665260e+01   6.2166720e+01
   6.0096092e-01   4.9303800e+01   5.7077800e+01
   5.5656144e-01   4.6049760e+01   5.3290340e+01
   5.5563465e-01   4.6525480e+01   5.3821507e+01
   5.7085598e-01   4.8299600e+01   5.5885927e+01
   5.7277336e-01   4.8894170e+01   5.6539383e+01
   5.5645656e-01   4.7876810e+01   5.5362103e+01
   5.4879254e-01   4.7420780e+01   5.4857903e+01
   5.4506932e-01   4.7622030e+01   5.5039700e+01
   5.4482945e-01   4.8102560e+01   5.5543223e+01
   5.5188758e-01   4.9096770e+01   5.6733827e+01
   5.6762241e-01   5.0919070e+01   5.8826110e+01
   5.8190715e-01   5.2637010e+01   6.0848917e+01
   5.8767186e-01   5.3558650e+01   6.1886683e+01
   5.8642600e-01   5.3860390e+01   6.2212270e+01
   5.8689601e-01   5.4166970e+01   6.2526413e+01
   5.8954795e-01   5.4562310e+01   6.3016643e+01
   5.9286003e-01   5.5208630e+01   6.3672730e+01
   5.9810300e-01   5.5874940e+01   6.4479397e+01
   6.0041965e-01   5.6437710e+01   6.5063833e+01
   5.9969210e-01   5.6715130e+01   6.5303103e+01
   5.9327107e-01   5.6549080e+01   6.5148393e+01
   5.8655461e-01   5.6199800e+01   6.4774020e+01
   5.7887524e-01   5.5691620e+01   6.4209117e+01
   5.7062989e-01   5.5292820e+01   6.3675053e+01
   5.6656553e-01   5.5059940e+01   6.3423770e+01
   5.5977435e-01   5.4959770e+01   6.3322870e+01
   5.4683715e-01   5.4396470e+01   6.2632990e+01
   5.1604691e-01   5.1886830e+01   5.9741660e+01
   4.2252611e-01   4.2672100e+01   4.9126897e+01
   3.1106270e-01   3.1173270e+01   3.5827497e+01
   2.3506310e-01   2.3096580e+01   2.6548437e+01
   2.4103768e-01   2.3818250e+01   2.7413997e+01
   2.8847980e-01   2.9005280e+01   3.3355897e+01
   3.5915957e-01   3.6749700e+01   4.2328963e+01
   4.3060668e-01   4.4538720e+01   5.1274300e+01
   4.8158714e-01   4.9939610e+01   5.7490780e+01
   5.0510980e-01   5.2570090e+01   6.0532340e+01
   5.1394242e-01   5.3570410e+01   6.1674483e+01
   5.1449856e-01   5.3768610e+01   6.1904257e+01
   5.1271900e-01   5.3753810e+01   6.1869470e+01
   5.0887392e-01   5.3454200e+01   6.1543463e+01
   5.0504414e-01   5.3274480e+01   6.1361063e+01
   5.0015721e-01   5.3131170e+01   6.1187340e+01
   4.9626718e-01   5.3134140e+01   6.1161600e+01
   4.9085250e-01   5.2909990e+01   6.0906097e+01
   4.8812273e-01   5.2572420e+01   6.0544513e+01
   4.8167044e-01   5.2211390e+01   6.0125860e+01
   4.7692845e-01   5.1747830e+01   5.9608047e+01
   4.6835091e-01   5.1150280e+01   5.8887240e+01
   4.5979998e-01   5.0468940e+01   5.8114437e+01
   4.5277583e-01   4.9862570e+01   5.7410443e+01
   4.4632031e-01   4.9514440e+01   5.6942943e+01
   4.4233106e-01   4.9241330e+01   5.6684693e+01
   4.4072255e-01   4.9056540e+01   5.6520447e+01
   4.3928092e-01   4.9153780e+01   5.6618707e+01
   4.3726818e-01   4.9164750e+01   5.6650327e+01
   4.3466103e-01   4.9070720e+01   5.6536670e+01
   4.2890962e-01   4.8743760e+01   5.6078917e+01
   4.2334390e-01   4.8307020e+01   5.5623333e+01
   4.1854996e-01   4.7991530e+01   5.5246173e+01
   4.1525102e-01   4.7725730e+01   5.4875763e+01
   4.0870395e-01   4.7577890e+01   5.4726103e+01
   4.1000369e-01   4.7831590e+01   5.5047603e+01
   4.0972291e-01   4.8015770e+01   5.5273833e+01
   4.0419538e-01   4.7301120e+01   5.4438717e+01
   3.8952535e-01   4.5562320e+01   5.2420450e+01
   3.6796385e-01   4.3387900e+01   4.9831700e+01
   3.4777804e-01   4.0954360e+01   4.7093677e+01
   3.3224695e-01   3.9263830e+01   4.5188597e+01
   3.2621302e-01   3.8748130e+01   4.4616090e+01
   3.3114223e-01   3.9678860e+01   4.5595313e+01
   3.3109977e-01   4.0209020e+01   4.6244737e+01
   3.3191006e-01   4.0094570e+01   4.6083640e+01
   3.3140329e-01   4.0233770e+01   4.6264737e+01
   3.3599848e-01   4.1155540e+01   4.7421073e+01
   3.4038087e-01   4.2202020e+01   4.8464503e+01
   3.3455651e-01   4.1873670e+01   4.8241003e+01
   3.3378889e-01   4.1615860e+01   4.7926753e+01
   3.3014032e-01   4.1822550e+01   4.8089390e+01
   3.3082732e-01   4.2195800e+01   4.8516163e+01
   3.3562059e-01   4.2707020e+01   4.9144497e+01
   3.4001876e-01   4.3463200e+01   5.0055500e+01
   3.4431300e-01   4.4386820e+01   5.1063023e+01
   3.4701104e-01   4.4970380e+01   5.1796640e+01
   3.5032555e-01   4.5410570e+01   5.2339770e+01
   3.5028035e-01   4.5845640e+01   5.2760843e+01
   3.5115575e-01   4.5927390e+01   5.2839250e+01
   3.4782843e-01   4.5928550e+01   5.2900290e+01
   3.4548354e-01   4.5844820e+01   5.2744267e+01
   3.4266442e-01   4.5646350e+01   5.2605063e+01
   3.3713929e-01   4.5174410e+01   5.2030760e+01
   3.3095536e-01   4.4365560e+01   5.1074867e+01
   3.2341135e-01   4.3659720e+01   5.0256610e+01
   3.1535892e-01   4.2901090e+01   4.9386390e+01
   3.0995215e-01   4.2080170e+01   4.8474457e+01
   3.0841175e-01   4.1824310e+01   4.8193727e+01
   3.0930795e-01   4.2402060e+01   4.8810230e+01
   3.1764105e-01   4.3484810e+01   5.0152373e+01
   3.1757447e-01   4.3921710e+01   5.0614540e+01
   3.1576196e-01   4.3855610e+01   5.0498790e+01
   3.1307768e-01   4.3563140e+01   5.0270283e+01
   3.1008421e-01   4.3255440e+01   4.9834563e+01
   3.0258184e-01   4.2219990e+01   4.8643390e+01
   2.9422744e-01   4.1324100e+01   4.7535710e+01
   2.8962060e-01   4.0707060e+01   4.6999063e+01
   2.9004131e-01   4.1402950e+01   4.7686203e+01
   2.9391069e-01   4.2010570e+01   4.8430050e+01
   2.9721989e-01   4.2533410e+01   4.8971103e+01
   2.9677670e-01   4.2715490e+01   4.9189620e+01
   2.9515255e-01   4.2823870e+01   4.9429477e+01
   2.9711454e-01   4.2888410e+01   4.9476387e+01
   2.9856581e-01   4.2942450e+01   4.9431000e+01
   2.9479241e-01   4.2680710e+01   4.9204643e+01
   2.9310981e-01   4.2500250e+01   4.9001217e+01
   2.9030330e-01   4.2348720e+01   4.8730137e+01
   2.8831900e-01   4.2189280e+01   4.8666017e+01
   2.8942720e-01   4.2098780e+01   4.8513833e+01
   2.8572097e-01   4.1757840e+01   4.8206317e+01
   2.8037287e-01   4.1534240e+01   4.7827307e+01
   2.7886221e-01   4.1214540e+01   4.7496430e+01
   2.7436655e-01   4.0949350e+01   4.7149487e+01
   2.6812504e-01   4.0307350e+01   4.6301773e+01
   2.6092284e-01   3.8938790e+01   4.4931223e+01
   2.4720284e-01   3.7153170e+01   4.2774343e+01
   2.3094099e-01   3.4946010e+01   4.0237877e+01
   2.1606490e-01   3.2598630e+01   3.7624670e+01
   2.0639923e-01   3.0814050e+01   3.5442913e+01
   1.9698330e-01   2.9816480e+01   3.4338037e+01
   1.9391228e-01   2.9562460e+01   3.4050400e+01
   2.0375258e-01   3.0556590e+01   3.5253053e+01
   2.0920304e-01   3.1918170e+01   3.6700613e+01
   2.0813445e-01   3.2472170e+01   3.7439700e+01
   2.0413649e-01   3.1747740e+01   3.6662910e+01
   1.9858962e-01   3.0346060e+01   3.4939640e+01
   1.9233175e-01   2.9381720e+01   3.3806517e+01
   1.9467591e-01   2.9296110e+01   3.3621773e+01
   1.9046081e-01   2.9132990e+01   3.3541650e+01
   1.8703527e-01   2.9076620e+01   3.3465510e+01
   1.8571057e-01   2.8701030e+01   3.3037473e+01
   1.8442263e-01   2.8954210e+01   3.3271840e+01
   1.8747768e-01   2.9473260e+01   3.3811277e+01
   1.9180499e-01   3.0449630e+01   3.5026200e+01
   1.9394162e-01   3.1518950e+01   3.6095337e+01
   1.9760597e-01   3.1820740e+01   3.6538667e+01
   1.9540176e-01   3.1369150e+01   3.6022993e+01
   1.9124643e-01   3.0545890e+01   3.5089003e+01
   1.8085898e-01   2.9352470e+01   3.3840127e+01
   1.6877823e-01   2.7618010e+01   3.1749553e+01
   1.4793856e-01   2.4816740e+01   2.8496273e+01
   1.3230499e-01   2.0789250e+01   2.3886500e+01
   1.1220396e-01   1.6949960e+01   1.9574257e+01
   8.9956595e-02   1.3625000e+01   1.5579290e+01
   7.6196127e-02   1.1465780e+01   1.3102527e+01
   7.3317118e-02   1.0789490e+01   1.2285277e+01
   7.8095777e-02   1.1263630e+01   1.2908410e+01
   8.6666982e-02   1.2526510e+01   1.4515543e+01
   9.0379618e-02   1.4117220e+01   1.6355340e+01
   9.7710500e-02   1.5518900e+01   1.7974517e+01
   9.6086195e-02   1.5304780e+01   1.7633067e+01
   9.4455164e-02   1.4535220e+01   1.6669667e+01
   8.6786691e-02   1.3690390e+01   1.5859630e+01
   8.6758255e-02   1.3581740e+01   1.5718217e+01
   9.3431900e-02   1.4198140e+01   1.6255393e+01
   9.2889136e-02   1.4674260e+01   1.6795443e+01
   9.6891536e-02   1.5215220e+01   1.7359603e+01
   9.6085818e-02   1.5249290e+01   1.7639103e+01
   9.8039627e-02   1.5697340e+01   1.8184080e+01
   9.9455136e-02   1.5864910e+01   1.8315183e+01
   1.0657389e-01   1.6660710e+01   1.9009883e+01
   1.0827600e-01   1.7102580e+01   1.9580420e+01
   1.0898537e-01   1.7411520e+01   2.0282423e+01
   1.1473375e-01   1.8495770e+01   2.1152397e+01
   1.1656275e-01   1.8936390e+01   2.1715653e+01
   1.2696255e-01   2.0156440e+01   2.3103580e+01
   1.3053285e-01   2.1178080e+01   2.4313687e+01
   1.3348181e-01   2.2154520e+01   2.5424440e+01
   1.4048868e-01   2.3299510e+01   2.6662760e+01
   1.5235948e-01   2.4897780e+01   2.8516430e+01
   1.5785285e-01   2.6443710e+01   3.0437547e+01
   1.5785285e-01   2.6443710e+01   3.0437547e+01
   1.5955032e-01   2.7608930e+01   3.1727210e+01
   1.6754257e-01   2.7619440e+01   3.1680303e+01
   1.5959303e-01   2.7275950e+01   3.1231017e+01
   1.5893058e-01   2.7247330e+01   3.1193580e+01
   1.5356638e-01   2.6282180e+01   3.0491310e+01
   1.5226958e-01   2.6178810e+01   3.0004303e+01
   1.5298220e-01   2.6511440e+01   3.0270743e+01
   1.5311178e-01   2.6571920e+01   3.0319193e+01
   1.5808975e-01   2.7427330e+01   3.1052140e+01
   1.6321805e-01   2.7919200e+01   3.1984797e+01
   1.6070479e-01   2.8112710e+01   3.2448710e+01
   1.6024783e-01   2.8147890e+01   3.2533057e+01
   1.7961754e-01   2.9327950e+01   3.3536290e+01
   1.7722674e-01   2.9803890e+01   3.4289637e+01
   1.8743230e-01   3.0096740e+01   3.4577557e+01
   1.9049397e-01   3.0184600e+01   3.4663937e+01
   1.9602697e-01   3.0698340e+01   3.5173667e+01
   1.7240876e-01   3.0964590e+01   3.5755263e+01
   1.8606008e-01   3.0885070e+01   3.5746833e+01
   1.9212733e-01   3.0849730e+01   3.5743087e+01
   1.9429710e-01   3.1175800e+01   3.6006760e+01
   1.9371769e-01   3.0752220e+01   3.5631033e+01
   1.9651061e-01   3.0983300e+01   3.5788290e+01
   1.9775193e-01   3.1086000e+01   3.5858190e+01
   1.9178255e-01   3.1163960e+01   3.5535217e+01
   1.9903600e-01   3.0943330e+01   3.5461807e+01
   1.9302900e-01   3.0596350e+01   3.5101740e+01
   1.8924822e-01   3.0408580e+01   3.4905393e+01
   1.8542385e-01   2.9715540e+01   3.4644763e+01
   1.6430988e-01   2.9573410e+01   3.4067467e+01
   1.6592771e-01   2.9730010e+01   3.4066100e+01
   1.6616380e-01   2.9790250e+01   3.4056727e+01
   1.6548703e-01   2.9440900e+01   3.3871133e+01
   1.5353539e-01   2.9503120e+01   3.3882930e+01
   1.5112653e-01   2.9691000e+01   3.4148520e+01
   1.4911118e-01   2.9817080e+01   3.4310397e+01
   1.4551001e-01   2.9936450e+01   3.4445170e+01
   1.4725572e-01   3.0068850e+01   3.4598093e+01
   1.4833000e-01   3.0150330e+01   3.4692203e+01
   1.4906653e-01   3.0192410e+01   3.4738883e+01
   1.5098150e-01   3.0301810e+01   3.4860253e+01
   1.5289646e-01   3.0411220e+01   3.4981630e+01
   1.5407491e-01   3.0478540e+01   3.5056317e+01
   1.5444061e-01   3.0504390e+01   3.5083793e+01
   1.5523292e-01   3.0560410e+01   3.5143323e+01
   1.5602526e-01   3.0616420e+01   3.5202857e+01
   1.5645190e-01   3.0646580e+01   3.5234913e+01
   1.5666237e-01   3.0651670e+01   3.5243133e+01
   1.5711841e-01   3.0662700e+01   3.5260953e+01
   1.5757445e-01   3.0673730e+01   3.5278773e+01
   1.5782000e-01   3.0679670e+01   3.5288367e+01
   1.5736246e-01   3.0676530e+01   3.5286987e+01
   1.5637113e-01   3.0669710e+01   3.5283993e+01
   1.5537979e-01   3.0662900e+01   3.5281003e+01
   1.5484600e-01   3.0659230e+01   3.5279387e+01
   1.5442960e-01   3.0644670e+01   3.5263690e+01
   1.5365626e-01   3.0617620e+01   3.5234533e+01
   1.5288289e-01   3.0590570e+01   3.5205373e+01
   1.5246649e-01   3.0576010e+01   3.5189673e+01
   1.5235184e-01   3.0555860e+01   3.5168217e+01
   1.5210342e-01   3.0512200e+01   3.5121723e+01
   1.5185502e-01   3.0468540e+01   3.5075230e+01
   1.5172125e-01   3.0445030e+01   3.5050197e+01
   1.5149149e-01   3.0429330e+01   3.5026857e+01
   1.5022773e-01   3.0342970e+01   3.4898510e+01
   1.4703515e-01   3.0188970e+01   3.4708577e+01
   1.4470844e-01   2.9961940e+01   3.4507157e+01
   1.4277518e-01   2.9730030e+01   3.4246487e+01
   1.4222625e-01   2.9496980e+01   3.3932380e+01
   1.4124010e-01   2.9162730e+01   3.3548907e+01
   1.3913087e-01   2.8760080e+01   3.3076137e+01
   1.3489067e-01   2.8371520e+01   3.2588423e+01
   1.2987482e-01   2.7918320e+01   3.2092953e+01
   1.2888442e-01   2.7544290e+01   3.1685137e+01
   1.2776793e-01   2.7268510e+01   3.1362353e+01
   1.2668295e-01   2.6978080e+01   3.1008830e+01
   1.2460484e-01   2.6566400e+01   3.0520317e+01
   1.2136718e-01   2.6155850e+01   3.0035120e+01
   1.2109160e-01   2.5654810e+01   2.9489613e+01
   1.2044288e-01   2.4977870e+01   2.8718877e+01
   1.1984714e-01   2.4136350e+01   2.7751960e+01
   1.1899803e-01   2.3152250e+01   2.6652373e+01
   1.1497909e-01   2.2070390e+01   2.5386807e+01
   1.0689415e-01   2.0580770e+01   2.3660647e+01
   9.4344436e-02   1.8073560e+01   2.0787230e+01
   7.6309036e-02   1.4825810e+01   1.7051437e+01
   6.1653355e-02   1.1895710e+01   1.3687300e+01
   5.1158800e-02   9.9736490e+00   1.1460723e+01
   4.4751627e-02   9.0897720e+00   1.0434527e+01
   4.1543182e-02   8.7027840e+00   9.9976427e+00
   4.0851845e-02   8.8475770e+00   1.0171703e+01
   4.1610709e-02   9.2395690e+00   1.0654857e+01
   3.9178855e-02   8.9225720e+00   1.0276397e+01
   3.6369273e-02   8.5176380e+00   9.7958077e+00
   3.7629464e-02   8.8726360e+00   1.0232847e+01
   4.2205909e-02   1.0047340e+01   1.1576003e+01
   4.9749000e-02   1.1746500e+01   1.3503393e+01
   5.6263855e-02   1.3468230e+01   1.5496753e+01
   6.0910309e-02   1.4937930e+01   1.7207133e+01
   6.5072027e-02   1.6017320e+01   1.8436563e+01
   6.8014227e-02   1.6679360e+01   1.9205867e+01
   6.9868873e-02   1.6990910e+01   1.9578893e+01
   7.2417418e-02   1.7123160e+01   1.9741470e+01
   7.3982091e-02   1.7368660e+01   2.0003663e+01
   7.6993564e-02   1.7889030e+01   2.0587133e+01
   7.9603100e-02   1.8321580e+01   2.1092223e+01
   7.9180400e-02   1.8323390e+01   2.1079380e+01
   7.8597818e-02   1.8152220e+01   2.0888240e+01
   7.6856055e-02   1.8153190e+01   2.0894497e+01
   7.6054491e-02   1.8294820e+01   2.1055280e+01
   7.9655364e-02   1.8512500e+01   2.1329013e+01
   8.2347064e-02   1.8799670e+01   2.1642877e+01
   8.2389764e-02   1.9041740e+01   2.1909330e+01
   8.3566000e-02   1.9211040e+01   2.2114737e+01
   8.3646764e-02   1.9376870e+01   2.2305397e+01
   8.1818509e-02   1.9499450e+01   2.2432943e+01
   8.0707900e-02   1.9557180e+01   2.2501597e+01
   7.9153773e-02   1.9531440e+01   2.2467383e+01
   7.6058727e-02   1.9403240e+01   2.2319190e+01
   7.3181464e-02   1.9218430e+01   2.2107927e+01
   7.1731309e-02   1.8950490e+01   2.1808017e+01
   7.0089600e-02   1.8557890e+01   2.1344480e+01
   6.7147173e-02   1.7838810e+01   2.0524990e+01
   6.3752327e-02   1.6873870e+01   1.9404043e+01
   6.0690000e-02   1.6010870e+01   1.8400120e+01
   5.8873864e-02   1.5785360e+01   1.8141383e+01
   5.9695236e-02   1.6175560e+01   1.8587107e+01
   6.1869818e-02   1.6516840e+01   1.9002193e+01
   6.2501236e-02   1.6718110e+01   1.9236447e+01
   6.2259836e-02   1.6908820e+01   1.9445143e+01
   6.1810618e-02   1.7008470e+01   1.9566247e+01
   6.3178000e-02   1.6916420e+01   1.9473787e+01
   6.3313818e-02   1.6652640e+01   1.9167717e+01
   6.1996436e-02   1.6271200e+01   1.8718100e+01
   5.9697164e-02   1.5769800e+01   1.8143400e+01
   5.7312545e-02   1.5143990e+01   1.7413493e+01
   5.4340291e-02   1.4437250e+01   1.6611130e+01
   5.0662500e-02   1.3789350e+01   1.5870983e+01
   4.7399709e-02   1.3199850e+01   1.5192863e+01
   4.4109318e-02   1.2565230e+01   1.4466917e+01
   4.0319591e-02   1.1532540e+01   1.3283080e+01
   3.5533400e-02   1.0282910e+01   1.1851417e+01
   3.2219636e-02   9.4833500e+00   1.0927390e+01
   3.0320691e-02   8.9381480e+00   1.0312241e+01
   2.6135555e-02   7.9549090e+00   9.1745167e+00
   2.0683345e-02   6.2952910e+00   7.2433427e+00
   1.5786409e-02   4.5068960e+00   5.1970233e+00
   1.0660500e-02   3.2216360e+00   3.7203277e+00
   7.3086000e-03   2.4519550e+00   2.8373693e+00
   5.1950000e-03   1.9570690e+00   2.2549833e+00
   4.6322818e-03   1.5868030e+00   1.8266690e+00
   4.4773909e-03   1.3001890e+00   1.4922977e+00
   3.5476273e-03   1.0623980e+00   1.2104617e+00
   2.6045182e-03   8.5861480e-01   9.8649350e-01
   2.5390182e-03   7.2425670e-01   8.2882030e-01
   2.5628909e-03   6.3794640e-01   7.2115680e-01
   2.5844000e-03   5.8500010e-01   6.6484263e-01
   3.5928000e-03   5.7543750e-01   6.5676600e-01
   4.0873273e-03   5.7616250e-01   6.6527563e-01
   4.0742818e-03   5.9373540e-01   6.9192420e-01
   4.2362818e-03   6.1024940e-01   7.0740353e-01
   3.5172000e-03   6.0961950e-01   7.0444920e-01
   3.4080455e-03   6.4205570e-01   7.4532340e-01
   3.6860000e-03   6.9940360e-01   8.2265307e-01
   3.5405636e-03   7.7117920e-01   9.0701190e-01
   3.5986000e-03   8.9496450e-01   1.0462872e+00
   4.0732727e-03   1.0754310e+00   1.2582687e+00
   5.1069273e-03   1.2254030e+00   1.4310753e+00
   5.0848364e-03   1.3154330e+00   1.5217750e+00
   4.0384818e-03   1.3791580e+00   1.5861750e+00
   4.2128182e-03   1.4541950e+00   1.6816347e+00
   6.0491364e-03   1.6515330e+00   1.9084383e+00
   6.6816000e-03   1.9213290e+00   2.2169177e+00
   7.5263727e-03   2.3028980e+00   2.6620653e+00
   9.0121818e-03   2.9206550e+00   3.3849210e+00
   1.0292727e-02   3.4690400e+00   4.0275667e+00
   1.1572727e-02   3.6438680e+00   4.2147130e+00
   1.1034545e-02   3.4220070e+00   3.9627687e+00
   9.6502545e-03   3.1435490e+00   3.6407140e+00
   9.5228182e-03   3.2451390e+00   3.7418010e+00
   1.1093455e-02   3.5537460e+00   4.0927033e+00
   1.2602255e-02   3.8850310e+00   4.4819720e+00
   1.2497318e-02   4.2832860e+00   4.9467757e+00
   1.4026836e-02   4.8902130e+00   5.6433033e+00
   1.6783709e-02   5.7325890e+00   6.6040647e+00
   1.8768273e-02   6.5968850e+00   7.6116837e+00
   2.1209564e-02   7.3176480e+00   8.4503890e+00
   2.2885673e-02   7.8072500e+00   9.0221750e+00
   2.3816891e-02   8.2822070e+00   9.5681430e+00
   2.5364927e-02   8.8635460e+00   1.0225997e+01
   2.7097173e-02   9.3815670e+00   1.0821373e+01
   2.7771818e-02   9.7477160e+00   1.1241730e+01
   2.7905436e-02   1.0082360e+01   1.1624043e+01
   2.8582500e-02   1.0384860e+01   1.1977863e+01
   2.9869855e-02   1.0612600e+01   1.2233563e+01
   2.9583018e-02   1.0754750e+01   1.2398807e+01
   3.0115682e-02   1.0853710e+01   1.2521503e+01
   3.0393618e-02   1.0946700e+01   1.2621623e+01
   2.9986855e-02   1.1034520e+01   1.2717360e+01
   3.0351491e-02   1.1097700e+01   1.2798913e+01
   3.0518327e-02   1.1101340e+01   1.2799053e+01
   2.9633309e-02   1.1061050e+01   1.2768720e+01
   2.8852364e-02   1.1028600e+01   1.2733020e+01
   2.8773273e-02   1.0976720e+01   1.2658197e+01
   2.8249773e-02   1.0844790e+01   1.2504950e+01
   2.7094891e-02   1.0559680e+01   1.2188643e+01
   2.6406545e-02   1.0194470e+01   1.1768903e+01
   2.5059273e-02   9.9327710e+00   1.1465607e+01
   2.4607227e-02   9.8556320e+00   1.1366133e+01
   2.5721800e-02   9.9590360e+00   1.1475727e+01
   2.5111182e-02   1.0050010e+01   1.1595650e+01
   2.5420582e-02   1.0056170e+01   1.1611967e+01
   2.5528227e-02   1.0043050e+01   1.1586200e+01
   2.4967964e-02   9.9241250e+00   1.1442853e+01
   2.4533891e-02   9.6890780e+00   1.1170890e+01
   2.4371055e-02   9.4776720e+00   1.0930417e+01
   2.3468055e-02   9.3874440e+00   1.0822297e+01
   2.2572327e-02   9.4271540e+00   1.0865977e+01
   2.3118318e-02   9.5271790e+00   1.0981557e+01
   2.3458336e-02   9.5875210e+00   1.1060780e+01
   2.4552600e-02   9.6409300e+00   1.1124763e+01
   2.4849309e-02   9.6821660e+00   1.1177460e+01
   2.4002400e-02   9.6556730e+00   1.1140443e+01
   2.3227145e-02   9.5496340e+00   1.1012333e+01
   2.2095273e-02   9.3757950e+00   1.0814090e+01
   2.1888027e-02   9.2008310e+00   1.0616970e+01
   2.2434909e-02   9.0840670e+00   1.0498229e+01
   2.2896364e-02   9.0334720e+00   1.0433310e+01
   2.3363855e-02   8.9592450e+00   1.0335796e+01
   2.2321473e-02   8.9066500e+00   1.0276050e+01
   2.1831182e-02   8.8989020e+00   1.0282070e+01
   2.1906236e-02   8.7833870e+00   1.0158686e+01
   2.0763955e-02   8.6122470e+00   9.9599073e+00
   1.9606664e-02   8.5409960e+00   9.8809193e+00
   1.9714200e-02   8.5346210e+00   9.8705340e+00
   1.9634073e-02   8.4620610e+00   9.7794003e+00
   1.9394545e-02   8.3803880e+00   9.6814913e+00
   1.9775800e-02   8.3350540e+00   9.6422637e+00
   1.9341000e-02   8.2672300e+00   9.5647960e+00
   1.8547836e-02   8.1699850e+00   9.4486803e+00
   1.8016636e-02   8.0782480e+00   9.3462403e+00
   1.7522445e-02   7.9817550e+00   9.2365650e+00
   1.7840836e-02   7.8886710e+00   9.1213630e+00
   1.7063073e-02   7.7630910e+00   8.9830457e+00
   1.6669545e-02   7.5970580e+00   8.7935880e+00
   1.7544000e-02   7.4846690e+00   8.6605503e+00
   1.7662400e-02   7.4499110e+00   8.6147083e+00
   1.7356364e-02   7.3593300e+00   8.5111640e+00
   1.6460673e-02   7.1436260e+00   8.2714923e+00
   1.5241309e-02   6.9954070e+00   8.0915527e+00
   1.5977373e-02   6.9041590e+00   7.9698827e+00
   1.5573636e-02   6.7477860e+00   7.7825620e+00
   1.3768182e-02   6.5788100e+00   7.6053847e+00
   1.3264773e-02   6.4729670e+00   7.4944020e+00
   1.3940782e-02   6.3609730e+00   7.3526903e+00
   1.3399527e-02   6.2569650e+00   7.2137413e+00
   1.3538200e-02   6.2189300e+00   7.1800770e+00
   1.3353409e-02   6.1473470e+00   7.1153513e+00
   1.2858545e-02   6.0406710e+00   6.9832813e+00
   1.2712582e-02   5.8969960e+00   6.8200820e+00
   1.2951036e-02   5.6807340e+00   6.5741297e+00
   1.2368364e-02   5.5013460e+00   6.3656287e+00
   1.1160655e-02   5.3271100e+00   6.1592830e+00
   9.6111273e-03   5.0178470e+00   5.7964783e+00
   9.6419727e-03   4.6460500e+00   5.3808380e+00
   9.1362909e-03   4.3087030e+00   4.9977283e+00
   8.7856364e-03   4.0446300e+00   4.6861920e+00
   8.4043818e-03   3.8040270e+00   4.3998197e+00
   6.6615636e-03   3.4304220e+00   3.9620510e+00
   4.1661818e-03   3.0034340e+00   3.4587880e+00
   4.3074727e-03   2.5343960e+00   2.9255360e+00
   3.7495273e-03   2.0397150e+00   2.3650280e+00
   2.5920000e-03   1.6384600e+00   1.9057963e+00
   2.6030000e-03   1.3408000e+00   1.5617923e+00
   2.0052273e-03   1.0874160e+00   1.2521760e+00
   7.0614545e-04   8.5513900e-01   9.9024767e-01
   5.9513636e-04   6.6947740e-01   7.9104917e-01
  -6.0359091e-04   5.5539000e-01   6.4795500e-01
  -2.4000000e-04   4.5162900e-01   5.3024590e-01
   2.3685455e-04   3.6293410e-01   4.3419513e-01
  -2.3620000e-04   3.0892120e-01   3.6206893e-01
  -4.7352727e-04   2.7109080e-01   3.1292580e-01
  -2.3878182e-04   2.5854960e-01   2.8896720e-01
   1.2010000e-04   2.3870830e-01   2.7256763e-01
  -1.1878182e-04   2.2492800e-01   2.5325227e-01
  -3.5424545e-04   2.0783700e-01   2.3752800e-01
  -5.9259091e-04   1.8796320e-01   2.2423680e-01
  -3.9425534e-20   1.8828620e-01   2.1471233e-01
   0.0000000e+00   1.8841160e-01   2.0824440e-01
  -5.9918182e-04   1.8270970e-01   1.9587797e-01
  -3.6302727e-04   1.8014760e-01   1.9349187e-01
  -3.6630000e-04   1.6815480e-01   1.9193427e-01
  -4.9007273e-04   1.4842490e-01   1.8766367e-01
   7.8851067e-20   1.4654280e-01   1.8359960e-01
   0.0000000e+00   1.4396470e-01   1.8036957e-01
  -9.7061818e-04   1.3850200e-01   1.8631817e-01
  -8.4477273e-04   1.4900700e-01   1.8874220e-01
  -3.6062727e-04   1.5935680e-01   1.8591627e-01
   1.1938182e-04   1.5441100e-01   1.8263667e-01
   1.1857273e-04   1.5991040e-01   1.8656213e-01
  -8.3268182e-04   1.6756410e-01   1.8279720e-01
  -1.0849091e-03   1.5487500e-01   1.8068750e-01
  -2.0560727e-03   1.3980870e-01   1.8295953e-01
