   4.7450771e-03
   1.4459312e-03
   3.2378828e-03
   4.4737866e-03
   3.8037143e-03
   5.1587720e-03
   4.6303221e-03
   5.8507537e-03
   5.6270444e-03
   7.7821934e-03
   8.0361056e-03
   8.9446405e-03
   1.1423077e-02
   1.4733171e-02
   1.7354787e-02
   3.1455316e-02
   3.8761461e-02
   4.6776049e-02
   5.4967716e-02
   6.0319288e-02
   7.1649232e-02
   7.0917524e-02
   7.9430135e-02
   8.2698026e-02
   8.7739803e-02
   9.0553166e-02
   8.9360133e-02
   9.5061106e-02
   9.5524041e-02
   9.5640719e-02
   9.6984046e-02
   9.7102166e-02
   1.0165317e-01
   9.6884440e-02
   9.9025266e-02
   1.0071997e-01
   9.7161965e-02
   9.7537652e-02
   9.6238840e-02
   9.5980532e-02
   9.4693060e-02
   9.8246573e-02
   1.0003624e-01
   1.0130059e-01
   9.9816373e-02
   9.8232925e-02
   8.6440529e-02
   8.6717058e-02
   8.7445868e-02
   8.6055950e-02
   8.7820904e-02
   8.8638498e-02
   8.7882433e-02
   8.8006904e-02
   8.9007961e-02
   8.7150795e-02
   8.5211227e-02
   8.4909873e-02
   8.3434447e-02
   8.1180283e-02
   8.2092214e-02
   8.1413247e-02
   8.0955368e-02
   8.1477849e-02
   7.9172990e-02
   7.8827081e-02
   7.7710965e-02
   7.7298215e-02
   7.5866720e-02
   7.5047091e-02
   7.4316437e-02
   7.4538721e-02
   7.3022475e-02
   7.1835179e-02
   7.0802867e-02
   7.0197397e-02
   6.8752847e-02
   6.7906118e-02
   6.6258024e-02
   6.4365524e-02
   6.2871826e-02
   6.2688949e-02
   6.1581523e-02
   5.9578731e-02
   5.7906254e-02
   5.7096073e-02
   5.6253510e-02
   5.5424929e-02
   5.4303324e-02
   5.3302742e-02
   5.2454937e-02
   5.1637222e-02
   5.0580119e-02
   4.9614074e-02
   4.8703893e-02
   4.7915612e-02
   4.6826861e-02
   4.6315849e-02
   4.5499924e-02
   4.4818713e-02
   4.4147932e-02
   4.3268321e-02
   4.2818017e-02
   4.1853191e-02
   4.1277797e-02
   4.0697901e-02
   3.9990949e-02
   3.9317997e-02
   3.8692749e-02
   3.8039511e-02
   3.7421250e-02
   3.6775039e-02
   3.6029402e-02
   3.5359515e-02
   3.4575286e-02
   3.3962861e-02
   3.3838998e-02
   3.3563072e-02
   3.3176640e-02
   3.2581468e-02
   3.2030410e-02
   3.1627913e-02
   3.1168272e-02
   3.0698543e-02
   3.0248824e-02
   2.9822505e-02
   2.9335609e-02
   2.8940780e-02
   2.8496389e-02
   2.8007140e-02
   2.7377199e-02
   2.7109856e-02
   2.7058508e-02
   2.6840081e-02
   2.6461306e-02
   2.6117960e-02
   2.5768867e-02
   2.5385236e-02
   2.4986441e-02
   2.4599164e-02
   2.4329141e-02
   2.3998625e-02
   2.3673586e-02
   2.3307457e-02
   2.3009364e-02
   2.2666316e-02
   2.2328243e-02
   2.1974359e-02
   2.1652742e-02
   2.1284795e-02
   2.1024317e-02
   2.0735512e-02
   2.0468972e-02
   2.0145314e-02
   1.9853534e-02
   1.9589443e-02
   1.9364728e-02
   1.9202102e-02
   1.9011381e-02
   1.8791698e-02
   1.8522131e-02
   1.8274575e-02
   1.8030454e-02
   1.7828038e-02
   1.7571992e-02
   1.7362936e-02
   1.7147544e-02
   1.6880374e-02
   1.6665085e-02
   1.6385123e-02
   1.6149157e-02
   1.5889138e-02
   1.5617597e-02
   1.5338282e-02
   1.5046887e-02
   1.4828671e-02
   1.4677652e-02
   1.4454980e-02
   1.4275413e-02
   1.4089403e-02
   1.3854792e-02
   1.3610985e-02
   1.3410176e-02
   1.3173666e-02
   1.2963673e-02
   1.2708070e-02
   1.2414035e-02
   1.2148455e-02
   1.1858332e-02
   1.1536214e-02
   1.1229845e-02
   1.0936870e-02
   1.0576580e-02
   1.0241217e-02
   9.8855941e-03
   9.5116293e-03
   9.1252491e-03
   8.7105413e-03
   8.3167914e-03
   7.9095594e-03
   7.4993630e-03
   7.1178675e-03
   6.7435785e-03
   6.3400917e-03
   5.9450986e-03
   5.5221560e-03
   5.1531508e-03
   4.8368309e-03
   4.5764182e-03
   4.3314127e-03
   4.1297949e-03
   3.9752377e-03
   3.8443952e-03
   3.6274312e-03
   3.4153253e-03
   3.2163310e-03
   3.0262117e-03
   2.8735617e-03
   2.7544164e-03
   2.6796880e-03
   2.7426758e-03
   2.7177525e-03
   2.6438727e-03
   2.4777041e-03
   2.3286394e-03
   2.1790658e-03
   1.9805274e-03
   1.7506660e-03
   1.5523138e-03
   1.3635207e-03
   1.1763477e-03
   1.0114925e-03
   8.6339781e-04
   7.0364672e-04
   5.4774476e-04
   4.2900600e-04
   2.6642508e-04
   1.1897480e-04
  -2.4066935e-05
  -1.4010642e-04
  -2.3960392e-04
  -3.0342905e-04
  -4.0230009e-04
  -4.6556759e-04
  -5.6932529e-04
  -7.1740870e-04
  -8.7000898e-04
  -9.9339316e-04
  -1.0709474e-03
  -1.1550986e-03
  -1.3209951e-03
  -1.5525480e-03
  -1.6841853e-03
  -1.7605117e-03
  -1.8364208e-03
  -1.9352359e-03
  -2.0091600e-03
  -2.0778830e-03
  -2.1537403e-03
  -2.2419924e-03
  -2.3231893e-03
  -2.4113288e-03
  -2.4999376e-03
  -2.6127830e-03
  -2.7005224e-03
  -2.8049342e-03
  -2.9291905e-03
  -3.0840620e-03
  -3.1999686e-03
  -3.3126816e-03
  -3.4481968e-03
  -3.5987844e-03
  -3.7183764e-03
  -3.8337836e-03
  -3.9253315e-03
  -4.0142552e-03
  -4.0973187e-03
  -4.1930625e-03
  -4.3112744e-03
  -4.4087688e-03
  -4.5343573e-03
  -4.6389258e-03
  -4.7450618e-03
  -4.8506581e-03
  -4.9184182e-03
  -4.9841668e-03
  -5.0749442e-03
  -5.2008156e-03
  -5.3064487e-03
  -5.4000641e-03
  -5.4796029e-03
  -5.5203811e-03
  -5.6354594e-03
  -5.7440615e-03
  -5.8138254e-03
  -5.8958921e-03
  -5.9721706e-03
  -6.0463269e-03
  -6.1218137e-03
  -6.1715963e-03
  -6.1941692e-03
  -6.2606224e-03
  -6.2865694e-03
  -6.3498308e-03
  -6.4139992e-03
  -6.4820171e-03
  -6.5263318e-03
  -6.5612135e-03
  -6.6332575e-03
  -6.6576790e-03
  -6.7471252e-03
  -6.8664808e-03
  -6.9597644e-03
  -6.9986405e-03
  -6.9437611e-03
  -6.7698158e-03
  -6.8108970e-03
  -6.9680508e-03
  -7.1069006e-03
  -7.2017271e-03
  -7.2233767e-03
  -7.2522498e-03
  -7.2660156e-03
  -7.2875617e-03
  -7.3161263e-03
  -7.3299295e-03
  -7.3615322e-03
  -7.4202386e-03
  -7.4878360e-03
  -7.5420562e-03
  -7.5320544e-03
  -7.5839767e-03
  -7.5897478e-03
  -7.6460740e-03
  -7.6843375e-03
  -7.7112330e-03
  -7.7781151e-03
  -7.7974001e-03
  -7.7898022e-03
  -7.8325892e-03
  -7.8672242e-03
  -7.8992852e-03
  -7.9616165e-03
  -7.9858777e-03
  -8.0246137e-03
  -8.0519087e-03
  -8.1450464e-03
  -8.1566333e-03
  -8.1881706e-03
  -8.1795594e-03
  -8.1786339e-03
  -8.2525537e-03
  -8.2329671e-03
  -8.2518954e-03
  -8.2854428e-03
  -8.3659874e-03
  -8.4553062e-03
  -8.4226791e-03
  -8.4546979e-03
  -8.5007194e-03
  -8.6150592e-03
  -8.6534704e-03
  -8.6296208e-03
  -8.7534947e-03
  -8.8004983e-03
  -8.7772622e-03
  -8.8009546e-03
  -8.8680457e-03
  -8.8926875e-03
  -8.8881206e-03
  -8.9661342e-03
  -8.9640476e-03
  -9.0169960e-03
  -9.0596177e-03
  -9.0694252e-03
  -9.1128259e-03
  -9.1200445e-03
  -9.1664142e-03
  -9.2151118e-03
  -9.1958739e-03
  -9.1860585e-03
  -9.2642465e-03
  -9.2378877e-03
  -9.3098712e-03
  -9.3435956e-03
  -9.3349800e-03
  -9.3657805e-03
  -9.3670757e-03
  -9.4226308e-03
  -9.3924611e-03
  -9.5103743e-03
  -9.5097259e-03
  -9.5288230e-03
  -9.5619794e-03
  -9.5878151e-03
  -9.5624964e-03
  -9.5615504e-03
  -9.5866931e-03
  -9.5946911e-03
  -9.6498133e-03
  -9.6444639e-03
  -9.6183731e-03
  -9.6295978e-03
  -9.7337682e-03
  -9.7125003e-03
  -9.7783081e-03
  -9.8431229e-03
  -9.7566518e-03
  -9.8196804e-03
  -9.8577237e-03
  -9.8173194e-03
  -9.7901045e-03
  -9.8575938e-03
  -9.8970788e-03
  -9.7867483e-03
  -9.9184962e-03
  -1.0016981e-02
  -9.9834054e-03
  -9.9140922e-03
  -9.9192152e-03
  -9.8582690e-03
  -9.9201475e-03
  -1.0014827e-02
  -9.9805087e-03
  -1.0085574e-02
  -1.0110004e-02
  -1.0136397e-02
  -1.0308997e-02
  -1.0231961e-02
  -1.0214485e-02
  -1.0183440e-02
  -1.0232869e-02
  -1.0306072e-02
  -1.0448555e-02
  -1.0091425e-02
  -9.8190250e-03
  -9.9320683e-03
  -9.9002005e-03
  -9.8045141e-03
  -9.6206723e-03
  -9.5274712e-03
  -9.9754161e-03
  -1.0069433e-02
  -1.0138459e-02
  -9.9931591e-03
  -1.0030424e-02
  -9.9983358e-03
  -9.9383803e-03
  -1.0160236e-02
  -1.0159124e-02
  -1.0078514e-02
  -1.0111519e-02
  -1.0126164e-02
  -1.0133442e-02
  -1.0156522e-02
  -1.0043566e-02
  -1.0279285e-02
  -1.0292833e-02
  -1.0172737e-02
  -1.0274212e-02
  -1.0399084e-02
  -1.0424535e-02
  -1.0337177e-02
  -1.0416389e-02
  -1.0416389e-02
  -1.0599042e-02
  -1.0368415e-02
  -1.0574595e-02
  -1.0592045e-02
  -1.0443464e-02
  -1.0594323e-02
  -1.0674873e-02
  -1.0689365e-02
  -1.0771472e-02
  -1.0573225e-02
  -1.0606614e-02
  -1.0612581e-02
  -1.0349465e-02
  -1.0441081e-02
  -1.0211092e-02
  -1.0142841e-02
  -1.0100853e-02
  -1.0730835e-02
  -1.0311526e-02
  -1.0125105e-02
  -1.0153333e-02
  -1.0063165e-02
  -1.0056865e-02
  -1.0054079e-02
  -1.0352843e-02
  -1.0057998e-02
  -1.0154778e-02
  -1.0223607e-02
  -1.0051651e-02
  -1.0766828e-02
  -1.0802325e-02
  -1.0830132e-02
  -1.0724225e-02
  -1.1106203e-02
  -1.1189173e-02
  -1.1261115e-02
  -1.1383838e-02
  -1.1351790e-02
  -1.1332210e-02
  -1.1317534e-02
  -1.1279558e-02
  -1.1241848e-02
  -1.1218769e-02
  -1.1212792e-02
  -1.1199880e-02
  -1.1187006e-02
  -1.1180092e-02
  -1.1174106e-02
  -1.1161143e-02
  -1.1148194e-02
  -1.1141228e-02
  -1.1153032e-02
  -1.1178602e-02
  -1.1204181e-02
  -1.1217957e-02
  -1.1227344e-02
  -1.1244795e-02
  -1.1262278e-02
  -1.1271705e-02
  -1.1271552e-02
  -1.1271221e-02
  -1.1270889e-02
  -1.1270709e-02
  -1.1276729e-02
  -1.1309973e-02
  -1.1384163e-02
  -1.1399884e-02
  -1.1421492e-02
  -1.1420053e-02
  -1.1401055e-02
  -1.1409161e-02
  -1.1495893e-02
  -1.1576057e-02
  -1.1544311e-02
  -1.1540806e-02
  -1.1539164e-02
  -1.1549708e-02
  -1.1598600e-02
  -1.1517368e-02
  -1.1425736e-02
  -1.1300723e-02
  -1.1135702e-02
  -1.1083817e-02
  -1.1103483e-02
  -1.1075952e-02
  -1.1139675e-02
  -1.1103835e-02
  -1.1164898e-02
  -1.1355708e-02
  -1.1477704e-02
  -1.1604906e-02
  -1.1668160e-02
  -1.1780538e-02
  -1.1902935e-02
  -1.1894449e-02
  -1.1941437e-02
  -1.1938200e-02
  -1.1977469e-02
  -1.2050802e-02
  -1.2072900e-02
  -1.2055178e-02
  -1.2016543e-02
  -1.1908797e-02
  -1.1894892e-02
  -1.1865433e-02
  -1.1825869e-02
  -1.1854669e-02
  -1.1843871e-02
  -1.1924518e-02
  -1.1992332e-02
  -1.1852885e-02
  -1.1794917e-02
  -1.1847946e-02
  -1.1822197e-02
  -1.1851040e-02
  -1.1963290e-02
  -1.2022222e-02
  -1.2089127e-02
  -1.2204913e-02
  -1.2301562e-02
  -1.2316583e-02
  -1.2330648e-02
  -1.2337143e-02
  -1.2331721e-02
  -1.2328668e-02
  -1.2381370e-02
  -1.2417285e-02
  -1.2354145e-02
  -1.2358782e-02
  -1.2414689e-02
  -1.2452273e-02
  -1.2356289e-02
  -1.2299362e-02
  -1.2299208e-02
  -1.2319214e-02
  -1.2327115e-02
  -1.2337394e-02
  -1.2411344e-02
  -1.2483242e-02
  -1.2549285e-02
  -1.2556811e-02
  -1.2583915e-02
  -1.2637208e-02
  -1.2625710e-02
  -1.2722908e-02
  -1.2752909e-02
  -1.2536574e-02
  -1.2686198e-02
  -1.2943688e-02
  -1.3282569e-02
  -1.3064813e-02
  -1.2646729e-02
  -1.2831437e-02
  -1.2990792e-02
  -1.2629875e-02
  -1.2332933e-02
  -1.1915012e-02
  -1.0264650e-02
  -9.4095830e-03
  -9.5221459e-03
  -9.5040208e-03
  -1.0548592e-02
  -1.0898119e-02
  -1.0787754e-02
  -1.1365928e-02
  -1.1922209e-02
  -1.2112180e-02
  -1.1809348e-02
  -1.2182487e-02
  -1.3069047e-02
  -1.3024855e-02
  -1.2371749e-02
  -1.2550542e-02
  -1.2708680e-02
  -1.2833333e-02
  -1.2912936e-02
  -1.2780809e-02
  -1.2723737e-02
  -1.2855911e-02
  -1.3030245e-02
  -1.2883469e-02
  -1.2755314e-02
  -1.3023867e-02
  -1.3076813e-02
  -1.3047687e-02
  -1.3098953e-02
  -1.3041762e-02
  -1.3004027e-02
  -1.3056153e-02
  -1.3085801e-02
  -1.3065462e-02
  -1.3101833e-02
  -1.3176440e-02
  -1.3184242e-02
  -1.3137764e-02
  -1.3191703e-02
  -1.3161833e-02
  -1.3167720e-02
  -1.3224594e-02
  -1.3200491e-02
  -1.3192419e-02
  -1.3236403e-02
  -1.3289078e-02
  -1.3300273e-02
  -1.3315659e-02
  -1.3335876e-02
  -1.3312692e-02
  -1.3372446e-02
  -1.3407367e-02
  -1.3344024e-02
  -1.3399576e-02
  -1.3363630e-02
  -1.3363722e-02
  -1.3393447e-02
  -1.3380502e-02
  -1.3342429e-02
  -1.3409437e-02
  -1.3503599e-02
  -1.3475334e-02
  -1.3446051e-02
  -1.3356573e-02
  -1.3333312e-02
  -1.3410928e-02
  -1.3464411e-02
  -1.3527212e-02
  -1.3501927e-02
  -1.3402805e-02
  -1.3354881e-02
  -1.3306677e-02
  -1.3393563e-02
  -1.3419872e-02
  -1.3371264e-02
  -1.3444227e-02
  -1.3539323e-02
  -1.3531074e-02
  -1.3532113e-02
  -1.3542202e-02
  -1.3473320e-02
  -1.3500555e-02
  -1.3565577e-02
  -1.3594824e-02
  -1.3622139e-02
  -1.3576007e-02
  -1.3620565e-02
  -1.3619686e-02
  -1.3494876e-02
  -1.3480484e-02
  -1.3489310e-02
  -1.3520124e-02
  -1.3642511e-02
  -1.3552811e-02
  -1.3570049e-02
  -1.3724561e-02
  -1.3741342e-02
  -1.3640699e-02
  -1.3719540e-02
  -1.3669417e-02
  -1.3639060e-02
  -1.3693530e-02
  -1.3664276e-02
  -1.3548437e-02
  -1.3577642e-02
  -1.3720563e-02
  -1.3888486e-02
  -1.3714661e-02
  -1.3654932e-02
  -1.3625522e-02
  -1.3616940e-02
  -1.3867901e-02
  -1.4390140e-02
  -1.4085524e-02
  -1.3903296e-02
  -1.4079720e-02
  -1.3751128e-02
  -1.3994566e-02
  -1.4795574e-02
  -1.4446634e-02
  -1.6324948e-02
  -1.5748916e-02
  -1.4466015e-02
  -1.5975166e-02
  -1.7071276e-02
  -1.6894894e-02
  -1.5287430e-02
  -1.6419440e-02
  -1.7205496e-02
  -1.7696556e-02
  -1.5748648e-02
  -1.6248605e-02
  -1.9810613e-02
  -1.8596623e-02
  -1.7642444e-02
  -1.6815366e-02
  -1.4334236e-02
  -1.4334236e-02
  -1.8559508e-02
  -1.8653948e-02
  -1.7333145e-02
  -1.4529848e-02
  -1.4757849e-02
  -2.1017625e-02
  -2.1397755e-02
  -2.4961230e-02
