   1.2721514e-02
   9.4223679e-03
   1.1214319e-02
   1.2450223e-02
   1.1780151e-02
   1.3135209e-02
   1.2606759e-02
   1.3827190e-02
   1.3603481e-02
   1.5758630e-02
   1.6012542e-02
   1.6921077e-02
   1.9399514e-02
   2.2709608e-02
   2.5331224e-02
   3.9431752e-02
   4.6737897e-02
   5.4752486e-02
   6.2944153e-02
   6.8295725e-02
   7.9625669e-02
   7.8893961e-02
   8.7406572e-02
   9.0674463e-02
   9.5716240e-02
   9.8529603e-02
   9.7336570e-02
   1.0303754e-01
   1.0350048e-01
   1.0361716e-01
   1.0496048e-01
   1.0507860e-01
   1.0962960e-01
   1.0486088e-01
   1.0700170e-01
   1.0869641e-01
   1.0513840e-01
   1.0551409e-01
   1.0421528e-01
   1.0395697e-01
   1.0266950e-01
   1.0622301e-01
   1.0801268e-01
   1.0927702e-01
   1.0779281e-01
   1.0620936e-01
   9.4416965e-02
   9.4693495e-02
   9.5422305e-02
   9.4032387e-02
   9.5797340e-02
   9.6614934e-02
   9.5858870e-02
   9.5983341e-02
   9.6984397e-02
   9.5127231e-02
   9.3187664e-02
   9.2886310e-02
   9.1410884e-02
   8.9156720e-02
   9.0068650e-02
   8.9389684e-02
   8.8931805e-02
   8.9454286e-02
   8.7149427e-02
   8.6803517e-02
   8.5687401e-02
   8.5274652e-02
   8.3843157e-02
   8.3023528e-02
   8.2292873e-02
   8.2515158e-02
   8.0998912e-02
   7.9811616e-02
   7.8779304e-02
   7.8173833e-02
   7.6729284e-02
   7.5882555e-02
   7.4234460e-02
   7.2341960e-02
   7.0848262e-02
   7.0665386e-02
   6.9557959e-02
   6.7555168e-02
   6.5882691e-02
   6.5072509e-02
   6.4229947e-02
   6.3401366e-02
   6.2279761e-02
   6.1279179e-02
   6.0431374e-02
   5.9613659e-02
   5.8556556e-02
   5.7590511e-02
   5.6680329e-02
   5.5892049e-02
   5.4803298e-02
   5.4292286e-02
   5.3476360e-02
   5.2795149e-02
   5.2124369e-02
   5.1244758e-02
   5.0794454e-02
   4.9829628e-02
   4.9254234e-02
   4.8674337e-02
   4.7967386e-02
   4.7294434e-02
   4.6669186e-02
   4.6015948e-02
   4.5397687e-02
   4.4751476e-02
   4.4005839e-02
   4.3335952e-02
   4.2551723e-02
   4.1939298e-02
   4.1815435e-02
   4.1539508e-02
   4.1153077e-02
   4.0557905e-02
   4.0006847e-02
   3.9604349e-02
   3.9144709e-02
   3.8674980e-02
   3.8225261e-02
   3.7798942e-02
   3.7312046e-02
   3.6917217e-02
   3.6472826e-02
   3.5983577e-02
   3.5353635e-02
   3.5086293e-02
   3.5034945e-02
   3.4816517e-02
   3.4437742e-02
   3.4094397e-02
   3.3745304e-02
   3.3361673e-02
   3.2962878e-02
   3.2575600e-02
   3.2305578e-02
   3.1975062e-02
   3.1650023e-02
   3.1283894e-02
   3.0985801e-02
   3.0642752e-02
   3.0304680e-02
   2.9950796e-02
   2.9629179e-02
   2.9261232e-02
   2.9000753e-02
   2.8711949e-02
   2.8445409e-02
   2.8121751e-02
   2.7829971e-02
   2.7565880e-02
   2.7341165e-02
   2.7178538e-02
   2.6987817e-02
   2.6768135e-02
   2.6498567e-02
   2.6251011e-02
   2.6006890e-02
   2.5804475e-02
   2.5548429e-02
   2.5339373e-02
   2.5123980e-02
   2.4856811e-02
   2.4641522e-02
   2.4361560e-02
   2.4125593e-02
   2.3865575e-02
   2.3594034e-02
   2.3314719e-02
   2.3023324e-02
   2.2805107e-02
   2.2654089e-02
   2.2431417e-02
   2.2251850e-02
   2.2065840e-02
   2.1831229e-02
   2.1587421e-02
   2.1386612e-02
   2.1150103e-02
   2.0940110e-02
   2.0684507e-02
   2.0390472e-02
   2.0124892e-02
   1.9834768e-02
   1.9512650e-02
   1.9206282e-02
   1.8913307e-02
   1.8553016e-02
   1.8217654e-02
   1.7862031e-02
   1.7488066e-02
   1.7101686e-02
   1.6686978e-02
   1.6293228e-02
   1.5885996e-02
   1.5475800e-02
   1.5094304e-02
   1.4720015e-02
   1.4316528e-02
   1.3921535e-02
   1.3498593e-02
   1.3129587e-02
   1.2813268e-02
   1.2552855e-02
   1.2307849e-02
   1.2106232e-02
   1.1951674e-02
   1.1820832e-02
   1.1603868e-02
   1.1391762e-02
   1.1192768e-02
   1.1002648e-02
   1.0849998e-02
   1.0730853e-02
   1.0656125e-02
   1.0719112e-02
   1.0694189e-02
   1.0620309e-02
   1.0454141e-02
   1.0305076e-02
   1.0155502e-02
   9.9569640e-03
   9.7271026e-03
   9.5287505e-03
   9.3399574e-03
   9.1527844e-03
   8.9879291e-03
   8.8398345e-03
   8.6800834e-03
   8.5241814e-03
   8.4054426e-03
   8.2428617e-03
   8.0954114e-03
   7.9523697e-03
   7.8363302e-03
   7.7368327e-03
   7.6730076e-03
   7.5741366e-03
   7.5108691e-03
   7.4071114e-03
   7.2590279e-03
   7.1064277e-03
   6.9830435e-03
   6.9054892e-03
   6.8213381e-03
   6.6554415e-03
   6.4238887e-03
   6.2922513e-03
   6.2159250e-03
   6.1400158e-03
   6.0412008e-03
   5.9672767e-03
   5.8985537e-03
   5.8226964e-03
   5.7344443e-03
   5.6532473e-03
   5.5651078e-03
   5.4764991e-03
   5.3636536e-03
   5.2759143e-03
   5.1715024e-03
   5.0472461e-03
   4.8923746e-03
   4.7764681e-03
   4.6637551e-03
   4.5282398e-03
   4.3776522e-03
   4.2580603e-03
   4.1426531e-03
   4.0511051e-03
   3.9621814e-03
   3.8791180e-03
   3.7833741e-03
   3.6651623e-03
   3.5676678e-03
   3.4420794e-03
   3.3375109e-03
   3.2313748e-03
   3.1257785e-03
   3.0580185e-03
   2.9922698e-03
   2.9014924e-03
   2.7756210e-03
   2.6699880e-03
   2.5763726e-03
   2.4968338e-03
   2.4560556e-03
   2.3409772e-03
   2.2323752e-03
   2.1626112e-03
   2.0805446e-03
   2.0042661e-03
   1.9301097e-03
   1.8546230e-03
   1.8048403e-03
   1.7822674e-03
   1.7158142e-03
   1.6898672e-03
   1.6266059e-03
   1.5624374e-03
   1.4944195e-03
   1.4501049e-03
   1.4152232e-03
   1.3431792e-03
   1.3187577e-03
   1.2293115e-03
   1.1099558e-03
   1.0166722e-03
   9.7779619e-04
   1.0326755e-03
   1.2066209e-03
   1.1655396e-03
   1.0083858e-03
   8.6953602e-04
   7.7470958e-04
   7.5305994e-04
   7.2418689e-04
   7.1042107e-04
   6.8887493e-04
   6.6031033e-04
   6.4650714e-04
   6.1490449e-04
   5.5619806e-04
   4.8860063e-04
   4.3438040e-04
   4.4438230e-04
   3.9245991e-04
   3.8668889e-04
   3.3036268e-04
   2.9209914e-04
   2.6520364e-04
   1.9832156e-04
   1.7903654e-04
   1.8663440e-04
   1.4384745e-04
   1.0921244e-04
   7.7151397e-05
   1.4820162e-05
  -9.4410757e-06
  -4.8177051e-05
  -7.5472077e-05
  -1.6860972e-04
  -1.8019661e-04
  -2.1173392e-04
  -2.0312279e-04
  -2.0219722e-04
  -2.7611710e-04
  -2.5653050e-04
  -2.7545873e-04
  -3.0900612e-04
  -3.8955075e-04
  -4.7886951e-04
  -4.4624242e-04
  -4.7826129e-04
  -5.2428271e-04
  -6.3862252e-04
  -6.7703375e-04
  -6.5318414e-04
  -7.7705809e-04
  -8.2406166e-04
  -8.0082555e-04
  -8.2451799e-04
  -8.9160909e-04
  -9.1625089e-04
  -9.1168393e-04
  -9.8969757e-04
  -9.8761099e-04
  -1.0405594e-03
  -1.0831810e-03
  -1.0929886e-03
  -1.1363892e-03
  -1.1436078e-03
  -1.1899775e-03
  -1.2386752e-03
  -1.2194372e-03
  -1.2096219e-03
  -1.2878098e-03
  -1.2614510e-03
  -1.3334346e-03
  -1.3671589e-03
  -1.3585433e-03
  -1.3893438e-03
  -1.3906391e-03
  -1.4461941e-03
  -1.4160244e-03
  -1.5339376e-03
  -1.5332893e-03
  -1.5523864e-03
  -1.5855427e-03
  -1.6113784e-03
  -1.5860597e-03
  -1.5851138e-03
  -1.6102564e-03
  -1.6182544e-03
  -1.6733766e-03
  -1.6680272e-03
  -1.6419365e-03
  -1.6531612e-03
  -1.7573316e-03
  -1.7360636e-03
  -1.8018715e-03
  -1.8666863e-03
  -1.7802152e-03
  -1.8432437e-03
  -1.8812871e-03
  -1.8408827e-03
  -1.8136678e-03
  -1.8811571e-03
  -1.9206422e-03
  -1.8103116e-03
  -1.9420596e-03
  -2.0405442e-03
  -2.0069688e-03
  -1.9376556e-03
  -1.9427785e-03
  -1.8818323e-03
  -1.9437109e-03
  -2.0383907e-03
  -2.0040720e-03
  -2.1091369e-03
  -2.1335675e-03
  -2.1599599e-03
  -2.3325606e-03
  -2.2555244e-03
  -2.2380483e-03
  -2.2070029e-03
  -2.2564323e-03
  -2.3296357e-03
  -2.4721188e-03
  -2.1149888e-03
  -1.8425883e-03
  -1.9556317e-03
  -1.9237639e-03
  -1.8280775e-03
  -1.6442357e-03
  -1.5510346e-03
  -1.9989794e-03
  -2.0929962e-03
  -2.1620219e-03
  -2.0167225e-03
  -2.0539875e-03
  -2.0218991e-03
  -1.9619436e-03
  -2.1837998e-03
  -2.1826877e-03
  -2.1020773e-03
  -2.1350820e-03
  -2.1497269e-03
  -2.1570052e-03
  -2.1800858e-03
  -2.0671292e-03
  -2.3028480e-03
  -2.3163960e-03
  -2.1963008e-03
  -2.2977754e-03
  -2.4226470e-03
  -2.4480980e-03
  -2.3607399e-03
  -2.4399525e-03
  -2.4399525e-03
  -2.6226055e-03
  -2.3919784e-03
  -2.5981579e-03
  -2.6156085e-03
  -2.4670271e-03
  -2.6178860e-03
  -2.6984365e-03
  -2.7129284e-03
  -2.7950351e-03
  -2.5967881e-03
  -2.6301774e-03
  -2.6361444e-03
  -2.3730287e-03
  -2.4646443e-03
  -2.2346549e-03
  -2.1664044e-03
  -2.1244167e-03
  -2.7543985e-03
  -2.3350898e-03
  -2.1486683e-03
  -2.1768962e-03
  -2.0867282e-03
  -2.0804283e-03
  -2.0776423e-03
  -2.3764068e-03
  -2.0815617e-03
  -2.1783415e-03
  -2.2471700e-03
  -2.0752147e-03
  -2.7903910e-03
  -2.8258885e-03
  -2.8536953e-03
  -2.7477881e-03
  -3.1297663e-03
  -3.2127359e-03
  -3.2846780e-03
  -3.4074014e-03
  -3.3753537e-03
  -3.3557729e-03
  -3.3410977e-03
  -3.3031212e-03
  -3.2654116e-03
  -3.2423326e-03
  -3.2363550e-03
  -3.2234437e-03
  -3.2105691e-03
  -3.2036551e-03
  -3.1976693e-03
  -3.1847066e-03
  -3.1717573e-03
  -3.1647910e-03
  -3.1765950e-03
  -3.2021654e-03
  -3.2277448e-03
  -3.2415204e-03
  -3.2509069e-03
  -3.2683585e-03
  -3.2858410e-03
  -3.2952681e-03
  -3.2951155e-03
  -3.2947845e-03
  -3.2944524e-03
  -3.2942726e-03
  -3.3002928e-03
  -3.3335365e-03
  -3.4077268e-03
  -3.4234475e-03
  -3.4450554e-03
  -3.4436161e-03
  -3.4246182e-03
  -3.4327243e-03
  -3.5194562e-03
  -3.5996207e-03
  -3.5678742e-03
  -3.5643692e-03
  -3.5627273e-03
  -3.5732711e-03
  -3.6221630e-03
  -3.5409318e-03
  -3.4492995e-03
  -3.3242861e-03
  -3.1592650e-03
  -3.1073799e-03
  -3.1270465e-03
  -3.0995149e-03
  -3.1632382e-03
  -3.1273983e-03
  -3.1884617e-03
  -3.3792718e-03
  -3.5012674e-03
  -3.6284692e-03
  -3.6917232e-03
  -3.8041013e-03
  -3.9264980e-03
  -3.9180122e-03
  -3.9650006e-03
  -3.9617637e-03
  -4.0010324e-03
  -4.0743649e-03
  -4.0964630e-03
  -4.0787416e-03
  -4.0401068e-03
  -3.9323600e-03
  -3.9184551e-03
  -3.8889965e-03
  -3.8494327e-03
  -3.8782328e-03
  -3.8674346e-03
  -3.9480817e-03
  -4.0158951e-03
  -3.8764484e-03
  -3.8184799e-03
  -3.8715092e-03
  -3.8457604e-03
  -3.8746035e-03
  -3.9868538e-03
  -4.0457857e-03
  -4.1126908e-03
  -4.2284760e-03
  -4.3251253e-03
  -4.3401466e-03
  -4.3542111e-03
  -4.3607068e-03
  -4.3552843e-03
  -4.3522314e-03
  -4.4049332e-03
  -4.4408483e-03
  -4.3777088e-03
  -4.3823452e-03
  -4.4382523e-03
  -4.4758359e-03
  -4.3798520e-03
  -4.3229256e-03
  -4.3227709e-03
  -4.3427778e-03
  -4.3506787e-03
  -4.3609578e-03
  -4.4349069e-03
  -4.5068058e-03
  -4.5728481e-03
  -4.5803740e-03
  -4.6074787e-03
  -4.6607715e-03
  -4.6492738e-03
  -4.7464718e-03
  -4.7764724e-03
  -4.5601374e-03
  -4.7097610e-03
  -4.9672511e-03
  -5.3061327e-03
  -5.0883765e-03
  -4.6702920e-03
  -4.8550001e-03
  -5.0143555e-03
  -4.6534385e-03
  -4.3564968e-03
  -3.9385753e-03
  -2.2882137e-03
  -1.4331464e-03
  -1.5457093e-03
  -1.5275841e-03
  -2.5721556e-03
  -2.9216824e-03
  -2.8113170e-03
  -3.3894913e-03
  -3.9457720e-03
  -4.1357431e-03
  -3.8329113e-03
  -4.2060508e-03
  -5.0926104e-03
  -5.0484184e-03
  -4.3953122e-03
  -4.5741054e-03
  -4.7322437e-03
  -4.8568959e-03
  -4.9364991e-03
  -4.8043726e-03
  -4.7473003e-03
  -4.8794741e-03
  -5.0538084e-03
  -4.9070322e-03
  -4.7788769e-03
  -5.0474307e-03
  -5.1003768e-03
  -5.0712505e-03
  -5.1225161e-03
  -5.0653258e-03
  -5.0275908e-03
  -5.0797163e-03
  -5.1093643e-03
  -5.0890258e-03
  -5.1253960e-03
  -5.2000037e-03
  -5.2078049e-03
  -5.1613273e-03
  -5.2152662e-03
  -5.1853960e-03
  -5.1912833e-03
  -5.2481573e-03
  -5.2240539e-03
  -5.2159819e-03
  -5.2599661e-03
  -5.3126414e-03
  -5.3238366e-03
  -5.3392220e-03
  -5.3594398e-03
  -5.3362555e-03
  -5.3960098e-03
  -5.4309301e-03
  -5.3675877e-03
  -5.4231395e-03
  -5.3871930e-03
  -5.3872853e-03
  -5.4170101e-03
  -5.4040652e-03
  -5.3659928e-03
  -5.4330008e-03
  -5.5271620e-03
  -5.4988974e-03
  -5.4696140e-03
  -5.3801365e-03
  -5.3568755e-03
  -5.4344915e-03
  -5.4879748e-03
  -5.5507753e-03
  -5.5254906e-03
  -5.4263684e-03
  -5.3784448e-03
  -5.3302400e-03
  -5.4171264e-03
  -5.4434354e-03
  -5.3948274e-03
  -5.4677907e-03
  -5.5628859e-03
  -5.5546377e-03
  -5.5556765e-03
  -5.5657658e-03
  -5.4968838e-03
  -5.5241187e-03
  -5.5891403e-03
  -5.6183878e-03
  -5.6457023e-03
  -5.5995702e-03
  -5.6441287e-03
  -5.6432489e-03
  -5.5184398e-03
  -5.5040474e-03
  -5.5128736e-03
  -5.5436869e-03
  -5.6660747e-03
  -5.5763744e-03
  -5.5936126e-03
  -5.7481245e-03
  -5.7649057e-03
  -5.6642624e-03
  -5.7431033e-03
  -5.6929807e-03
  -5.6626232e-03
  -5.7170935e-03
  -5.6878389e-03
  -5.5720000e-03
  -5.6012051e-03
  -5.7441268e-03
  -5.9120498e-03
  -5.7382243e-03
  -5.6784954e-03
  -5.6490854e-03
  -5.6405036e-03
  -5.8914648e-03
  -6.4137034e-03
  -6.1090870e-03
  -5.9268590e-03
  -6.1032831e-03
  -5.7746917e-03
  -6.0181297e-03
  -6.8191376e-03
  -6.4701977e-03
  -8.3485110e-03
  -7.7724798e-03
  -6.4895787e-03
  -7.9987289e-03
  -9.0948398e-03
  -8.9184572e-03
  -7.3109938e-03
  -8.4430032e-03
  -9.2290590e-03
  -9.7201197e-03
  -7.7722116e-03
  -8.2721687e-03
  -1.1834176e-02
  -1.0620186e-02
  -9.6660071e-03
  -8.8389294e-03
  -6.3577989e-03
  -6.3577989e-03
  -1.0583071e-02
  -1.0677511e-02
  -9.3567084e-03
  -6.5534112e-03
  -6.7814120e-03
  -1.3041188e-02
  -1.3421318e-02
  -1.6984794e-02
