   2.1814562e-02
   1.3182479e-02
   2.1442030e-02
   1.8214390e-02
   1.9460783e-02
   2.3055592e-02
   2.3092008e-02
   2.5474549e-02
   2.3575807e-02
   2.2635379e-02
   2.7612700e-02
   2.7581259e-02
   3.2281420e-02
   3.7640312e-02
   4.4188248e-02
   6.7878716e-02
   8.1297627e-02
   9.6105151e-02
   1.1087414e-01
   1.2086913e-01
   1.4040044e-01
   1.3942875e-01
   1.5416039e-01
   1.5976948e-01
   1.6869698e-01
   1.7357289e-01
   1.7146855e-01
   1.8139511e-01
   1.8169009e-01
   1.8210410e-01
   1.8425622e-01
   1.8440696e-01
   1.9221315e-01
   1.8378179e-01
   1.8753291e-01
   1.9029619e-01
   1.8402613e-01
   1.8424131e-01
   1.8222001e-01
   1.8173080e-01
   1.7924490e-01
   1.8524690e-01
   1.8837932e-01
   1.9041772e-01
   1.8782882e-01
   1.8485599e-01
   1.6436627e-01
   1.6476333e-01
   1.6600786e-01
   1.6340792e-01
   1.6631656e-01
   1.6756123e-01
   1.6610881e-01
   1.6624346e-01
   1.6789026e-01
   1.6444709e-01
   1.6111647e-01
   1.6040106e-01
   1.5782923e-01
   1.5373320e-01
   1.5505438e-01
   1.5378913e-01
   1.5293305e-01
   1.5371883e-01
   1.4965261e-01
   1.4898182e-01
   1.4676155e-01
   1.4589535e-01
   1.4333476e-01
   1.4173605e-01
   1.4036292e-01
   1.4065323e-01
   1.3786212e-01
   1.3575654e-01
   1.3368681e-01
   1.3269705e-01
   1.3003952e-01
   1.2854608e-01
   1.2556482e-01
   1.2214540e-01
   1.1939912e-01
   1.1915309e-01
   1.1717644e-01
   1.1351504e-01
   1.1051430e-01
   1.0901924e-01
   1.0747880e-01
   1.0588335e-01
   1.0385032e-01
   1.0202287e-01
   1.0040827e-01
   9.8923485e-02
   9.6939060e-02
   9.5165574e-02
   9.3497580e-02
   9.1944552e-02
   8.9959673e-02
   8.9004160e-02
   8.7521118e-02
   8.6183675e-02
   8.4878066e-02
   8.3227189e-02
   8.2294819e-02
   8.0548846e-02
   7.9404397e-02
   7.8278353e-02
   7.6888823e-02
   7.5571735e-02
   7.4353152e-02
   7.3086379e-02
   7.1905738e-02
   7.0643270e-02
   6.9289353e-02
   6.7960599e-02
   6.6477234e-02
   6.5318883e-02
   6.5008880e-02
   6.4382142e-02
   6.3607761e-02
   6.2477519e-02
   6.1431569e-02
   6.0580300e-02
   5.9687756e-02
   5.8739849e-02
   5.7823811e-02
   5.6969261e-02
   5.6030041e-02
   5.5187608e-02
   5.4270954e-02
   5.3249955e-02
   5.2041746e-02
   5.1451280e-02
   5.1206816e-02
   5.0720705e-02
   4.9988397e-02
   4.9297247e-02
   4.8577732e-02
   4.7797534e-02
   4.7022540e-02
   4.6281115e-02
   4.5724982e-02
   4.5046476e-02
   4.4429190e-02
   4.3710451e-02
   4.3101135e-02
   4.2498046e-02
   4.1850621e-02
   4.1224596e-02
   4.0666050e-02
   4.0008495e-02
   3.9515606e-02
   3.8902396e-02
   3.8347346e-02
   3.7668009e-02
   3.7055969e-02
   3.6488954e-02
   3.5997159e-02
   3.5616499e-02
   3.5206007e-02
   3.4775855e-02
   3.4247833e-02
   3.3751403e-02
   3.3270700e-02
   3.2888150e-02
   3.2380620e-02
   3.1989316e-02
   3.1579646e-02
   3.1100092e-02
   3.0703215e-02
   3.0184250e-02
   2.9784419e-02
   2.9332692e-02
   2.8934447e-02
   2.8458632e-02
   2.7967961e-02
   2.7564025e-02
   2.7218767e-02
   2.6817496e-02
   2.6493690e-02
   2.6115548e-02
   2.5677615e-02
   2.5265699e-02
   2.4925867e-02
   2.4517926e-02
   2.4227201e-02
   2.3842102e-02
   2.3449935e-02
   2.3077648e-02
   2.2730034e-02
   2.2354159e-02
   2.1999441e-02
   2.1750496e-02
   2.1397755e-02
   2.1115936e-02
   2.0847572e-02
   2.0523955e-02
   2.0228540e-02
   1.9975382e-02
   1.9624389e-02
   1.9312355e-02
   1.8979972e-02
   1.8677292e-02
   1.8402482e-02
   1.8135076e-02
   1.7894994e-02
   1.7541165e-02
   1.7325795e-02
   1.7082568e-02
   1.6869708e-02
   1.6552276e-02
   1.6339365e-02
   1.6133127e-02
   1.5948169e-02
   1.5614585e-02
   1.5257952e-02
   1.4904152e-02
   1.4683410e-02
   1.4392358e-02
   1.4247416e-02
   1.4201190e-02
   1.4412332e-02
   1.4482152e-02
   1.4380078e-02
   1.4212594e-02
   1.3977220e-02
   1.3800103e-02
   1.3465433e-02
   1.3071899e-02
   1.2714173e-02
   1.2450894e-02
   1.2163048e-02
   1.1919388e-02
   1.1683095e-02
   1.1411200e-02
   1.1174797e-02
   1.1013729e-02
   1.0776270e-02
   1.0566223e-02
   1.0408821e-02
   1.0174255e-02
   1.0083388e-02
   1.0014741e-02
   9.8737291e-03
   9.8462086e-03
   9.7532265e-03
   9.5930391e-03
   9.3967302e-03
   9.2480275e-03
   9.1823647e-03
   9.1074985e-03
   8.8764189e-03
   8.5134319e-03
   8.3253085e-03
   8.1510312e-03
   8.0022601e-03
   7.9086247e-03
   7.7748587e-03
   7.6728563e-03
   7.4932398e-03
   7.3523563e-03
   7.3123968e-03
   7.0837200e-03
   6.9811210e-03
   6.8209742e-03
   6.7180703e-03
   6.5208262e-03
   6.4779511e-03
   6.2546403e-03
   6.1175855e-03
   5.9757763e-03
   5.8760788e-03
   5.6679500e-03
   5.4987688e-03
   5.4014673e-03
   5.3408471e-03
   5.3280186e-03
   5.2040518e-03
   5.1045121e-03
   5.0272890e-03
   4.9103684e-03
   4.7741340e-03
   4.6699207e-03
   4.5773927e-03
   4.4265323e-03
   4.4690409e-03
   4.5137438e-03
   4.4121226e-03
   4.2590440e-03
   4.2030840e-03
   3.9569108e-03
   3.9468235e-03
   3.9845031e-03
   3.8183123e-03
   3.6585337e-03
   3.5849711e-03
   3.4552978e-03
   3.3822506e-03
   3.2422009e-03
   3.1131563e-03
   3.0741786e-03
   3.0143604e-03
   2.9483405e-03
   2.8186851e-03
   2.7370118e-03
   2.6888366e-03
   2.4668546e-03
   2.4726138e-03
   2.3544157e-03
   2.3352275e-03
   2.1910954e-03
   2.1125976e-03
   1.9607232e-03
   1.8902736e-03
   1.6967082e-03
   1.9046987e-03
   2.4759754e-03
   2.2991196e-03
   2.1327804e-03
   1.5245387e-03
   1.4087999e-03
   1.3406063e-03
   1.2977115e-03
   1.2117657e-03
   1.1802109e-03
   1.1420017e-03
   1.0294570e-03
   1.0350294e-03
   9.1254030e-04
   7.8198803e-04
   6.9336913e-04
   7.3941071e-04
   6.0533061e-04
   6.7116170e-04
   5.0642573e-04
   4.4616444e-04
   3.9023883e-04
   3.0556455e-04
   2.1195454e-04
   1.9248130e-04
   1.8887361e-04
   1.1569784e-04
  -3.8438595e-05
  -1.3120588e-05
  -1.1258743e-04
  -2.2521015e-04
  -3.2193718e-04
  -4.4646812e-04
  -4.5572893e-04
  -5.0167156e-04
  -5.2916118e-04
  -4.8750241e-04
  -4.6278258e-04
  -5.6274699e-04
  -5.8791928e-04
  -6.0036006e-04
  -6.7670629e-04
  -9.5722353e-04
  -8.4229864e-04
  -7.7383315e-04
  -9.9638382e-04
  -9.2135069e-04
  -1.1155254e-03
  -1.1262440e-03
  -1.1659833e-03
  -1.3809667e-03
  -1.3226317e-03
  -1.2906686e-03
  -1.4696032e-03
  -1.4724089e-03
  -1.5328401e-03
  -1.7055773e-03
  -1.7713550e-03
  -1.6702882e-03
  -1.8040849e-03
  -1.8152624e-03
  -1.8622800e-03
  -1.9977527e-03
  -1.9404033e-03
  -1.9732152e-03
  -2.0109372e-03
  -2.0543769e-03
  -2.2014390e-03
  -2.2008730e-03
  -2.1215233e-03
  -2.3545993e-03
  -2.0924473e-03
  -2.3747859e-03
  -2.2332919e-03
  -2.2840592e-03
  -2.4794078e-03
  -2.4894419e-03
  -2.5029091e-03
  -2.5702144e-03
  -2.7065473e-03
  -2.7201074e-03
  -2.9530642e-03
  -2.6486478e-03
  -2.8425748e-03
  -2.7507006e-03
  -2.7811213e-03
  -2.7949769e-03
  -2.7388077e-03
  -2.8277783e-03
  -3.0614217e-03
  -2.9508030e-03
  -3.1502120e-03
  -3.0880291e-03
  -2.9335671e-03
  -3.1513929e-03
  -3.0678380e-03
  -2.8531650e-03
  -3.1483104e-03
  -3.2788180e-03
  -3.1453733e-03
  -3.3625089e-03
  -3.2100553e-03
  -3.3252944e-03
  -3.2348138e-03
  -3.2052908e-03
  -2.9224291e-03
  -3.2486828e-03
  -3.3210527e-03
  -3.3378941e-03
  -3.1722665e-03
  -3.6177406e-03
  -3.2634293e-03
  -3.4807951e-03
  -3.8073967e-03
  -3.7118672e-03
  -3.6625980e-03
  -4.0765471e-03
  -3.6267345e-03
  -3.8634555e-03
  -4.4876710e-03
  -3.3023148e-03
  -2.7826552e-03
  -3.2590956e-03
  -2.3572492e-03
  -2.9733478e-03
  -2.4861057e-03
  -2.1759380e-03
  -3.1389626e-03
  -3.3240710e-03
  -4.0764034e-03
  -1.7955919e-03
  -2.5199431e-03
  -3.9632776e-03
  -2.0488744e-03
  -3.7316177e-03
  -4.0227252e-03
  -3.3858392e-03
  -3.4615764e-03
  -3.0399960e-03
  -3.0746017e-03
  -3.3238118e-03
  -3.0659266e-03
  -3.7608418e-03
  -3.4322044e-03
  -3.0245186e-03
  -3.7339611e-03
  -3.4754552e-03
  -3.5360139e-03
  -3.7418457e-03
  -3.9756353e-03
  -3.9756353e-03
  -4.6434569e-03
  -4.9415242e-03
  -3.7387792e-03
  -3.6369890e-03
  -3.7970613e-03
  -3.8431404e-03
  -3.6937547e-03
  -3.6668738e-03
  -3.9928881e-03
  -3.2306871e-03
  -3.6886698e-03
  -3.7705354e-03
  -4.2208507e-03
  -3.4229164e-03
  -3.7903719e-03
  -3.8994216e-03
  -2.6973490e-03
  -3.9108455e-03
  -3.7091223e-03
  -3.6194396e-03
  -4.3364117e-03
  -3.7606969e-03
  -3.3048434e-03
  -3.1035210e-03
  -2.5856444e-03
  -4.2413114e-03
  -3.5179504e-03
  -3.1897042e-03
  -2.3689001e-03
  -4.4371648e-03
  -4.1156612e-03
  -4.0082842e-03
  -4.4319346e-03
  -4.5195572e-03
  -4.8884933e-03
  -5.2078622e-03
  -5.6594302e-03
  -5.8220238e-03
  -5.9213685e-03
  -5.8877758e-03
  -5.8008553e-03
  -5.7145415e-03
  -5.6617179e-03
  -5.6185153e-03
  -5.5251503e-03
  -5.4320952e-03
  -5.3821203e-03
  -5.3893103e-03
  -5.4048767e-03
  -5.4204274e-03
  -5.4287957e-03
  -5.4468765e-03
  -5.4860474e-03
  -5.5252321e-03
  -5.5463321e-03
  -5.5442645e-03
  -5.5404179e-03
  -5.5365685e-03
  -5.5344929e-03
  -5.5134575e-03
  -5.4677961e-03
  -5.4220107e-03
  -5.3973062e-03
  -5.4139379e-03
  -5.5058037e-03
  -5.6463873e-03
  -5.9658358e-03
  -5.9788425e-03
  -5.6547002e-03
  -5.6435807e-03
  -5.7606779e-03
  -5.9725679e-03
  -5.9998093e-03
  -6.1009645e-03
  -6.0209266e-03
  -6.0881421e-03
  -6.2957446e-03
  -6.3834716e-03
  -6.3314669e-03
  -6.0105529e-03
  -5.5992163e-03
  -5.3921981e-03
  -5.4625928e-03
  -5.4122500e-03
  -5.5732136e-03
  -5.5802322e-03
  -5.2707763e-03
  -4.8416420e-03
  -5.3609514e-03
  -5.8044359e-03
  -5.6595077e-03
  -5.9148049e-03
  -6.1005603e-03
  -6.1806342e-03
  -6.4693976e-03
  -6.7192495e-03
  -6.4936849e-03
  -6.4386115e-03
  -6.6716743e-03
  -6.7245127e-03
  -6.7573957e-03
  -6.6825949e-03
  -6.1811908e-03
  -6.3882989e-03
  -6.6694573e-03
  -6.6281012e-03
  -6.5605654e-03
  -6.4484288e-03
  -6.5748632e-03
  -6.7327376e-03
  -6.5011459e-03
  -6.4161920e-03
  -6.5483247e-03
  -6.4608398e-03
  -6.3935743e-03
  -6.5915083e-03
  -6.8350428e-03
  -7.0963409e-03
  -7.2460254e-03
  -7.2613173e-03
  -7.2026886e-03
  -7.3232242e-03
  -7.3944470e-03
  -7.2833642e-03
  -7.2821900e-03
  -7.4716418e-03
  -7.5191803e-03
  -7.2658242e-03
  -7.2567366e-03
  -7.3940632e-03
  -7.5067626e-03
  -7.4546364e-03
  -7.3686168e-03
  -7.4800526e-03
  -7.4046856e-03
  -7.4884056e-03
  -7.4496322e-03
  -7.4522545e-03
  -7.6321583e-03
  -7.5911830e-03
  -7.6554262e-03
  -7.6060001e-03
  -7.6251144e-03
  -7.8096021e-03
  -8.1095026e-03
  -7.9474356e-03
  -7.3797425e-03
  -8.0115758e-03
  -8.8280074e-03
  -8.1856168e-03
  -8.1447335e-03
  -9.1014190e-03
  -7.3305900e-03
  -6.8447933e-03
  -6.8805836e-03
  -7.5401595e-03
  -6.8914400e-03
  -3.3735403e-03
  -4.9792878e-03
  -3.5992887e-03
   6.2735692e-04
  -1.0043078e-03
  -3.0786230e-03
  -5.1538316e-03
  -4.8134683e-03
  -3.0730421e-03
  -4.7357550e-03
  -5.7761747e-03
  -6.3849386e-03
  -9.3747973e-03
  -9.5233565e-03
  -7.3085399e-03
  -7.7065379e-03
  -7.8282398e-03
  -7.7286824e-03
  -7.5644942e-03
  -7.3950792e-03
  -6.9983836e-03
  -7.5670090e-03
  -8.3505223e-03
  -8.2922730e-03
  -7.7765372e-03
  -8.0715334e-03
  -8.5531767e-03
  -8.4950259e-03
  -8.4222890e-03
  -8.5173082e-03
  -8.4636447e-03
  -8.3120423e-03
  -8.2548511e-03
  -8.2546504e-03
  -8.5295745e-03
  -8.8580992e-03
  -8.9057427e-03
  -8.8535571e-03
  -9.0068431e-03
  -9.0015349e-03
  -8.7346636e-03
  -8.8352532e-03
  -8.7877717e-03
  -8.7436601e-03
  -8.7105798e-03
  -8.9385591e-03
  -9.1904607e-03
  -9.2190104e-03
  -9.2589578e-03
  -9.1944369e-03
  -9.0032743e-03
  -8.9655095e-03
  -9.1150385e-03
  -9.2483976e-03
  -9.1503838e-03
  -9.0676432e-03
  -9.0276608e-03
  -9.1303668e-03
  -9.2116496e-03
  -9.0575178e-03
  -9.0773632e-03
  -9.1933673e-03
  -9.3612732e-03
  -9.0207420e-03
  -8.9400156e-03
  -9.1035351e-03
  -9.2221027e-03
  -9.3984960e-03
  -9.2122960e-03
  -9.3058042e-03
  -9.1772639e-03
  -8.9234295e-03
  -9.3531120e-03
  -9.3519550e-03
  -9.0212752e-03
  -8.9421653e-03
  -9.2897201e-03
  -9.3565160e-03
  -9.3101072e-03
  -9.2465987e-03
  -9.2828729e-03
  -9.2583829e-03
  -9.3523803e-03
  -9.5420059e-03
  -9.4974670e-03
  -9.4372930e-03
  -9.5851788e-03
  -9.4813639e-03
  -9.1367304e-03
  -9.2259557e-03
  -9.1532230e-03
  -9.1239605e-03
  -9.1337723e-03
  -9.3336082e-03
  -9.2230258e-03
  -9.2197681e-03
  -9.7522534e-03
  -9.5425395e-03
  -9.3527260e-03
  -9.6296453e-03
  -9.3849060e-03
  -8.9827331e-03
  -8.8146803e-03
  -8.9622142e-03
  -9.4054090e-03
  -9.2919130e-03
  -9.4405737e-03
  -9.3225865e-03
  -9.4721408e-03
  -9.2019989e-03
  -8.6516012e-03
  -9.0714567e-03
  -9.5817720e-03
  -9.7236313e-03
  -1.0431377e-02
  -1.0387250e-02
  -9.7520447e-03
  -1.1191159e-02
  -1.1868916e-02
  -1.2866564e-02
  -1.7159748e-02
  -1.2963887e-02
  -9.6788451e-03
  -1.2990395e-02
  -2.1548382e-02
  -1.3736157e-02
  -8.5487758e-03
  -1.3618005e-02
  -1.3381703e-02
  -1.2721446e-02
  -1.3416239e-02
  -1.2445473e-03
  -9.5984884e-04
  -1.4388025e-02
  -1.3401569e-02
  -1.1871516e-02
  -1.2001827e-02
   2.8022227e-03
  -1.1017633e-02
  -1.1845737e-02
   1.1636764e-03
   1.5293674e-03
  -6.0697703e-03
  -1.4129994e-02
  -1.3061007e-02
  -1.1390966e-02
