   3.4687521e-03
   2.4506049e-03
   2.2505094e-04
   3.3362152e-03
   1.3354630e-03
   3.6819479e-03
   1.9770280e-03
   1.0334953e-03
   1.2266567e-03
   1.5649205e-03
   1.2707362e-03
   1.2730278e-03
   2.6579203e-03
   4.9994666e-03
   3.2421494e-03
   2.7851471e-03
   3.8690969e-03
   3.2406569e-03
   4.3323484e-03
   4.5246991e-03
   5.0472192e-03
   5.0880234e-03
   5.7336899e-03
   6.0779578e-03
   6.4045403e-03
   6.6731826e-03
   6.7164298e-03
   7.3625671e-03
   7.3605008e-03
   7.3958851e-03
   7.4157166e-03
   7.5394325e-03
   8.0862880e-03
   7.6582914e-03
   8.0071584e-03
   8.1608141e-03
   7.9335519e-03
   8.1907671e-03
   8.0405374e-03
   8.1101733e-03
   8.0075720e-03
   8.5765992e-03
   8.8568131e-03
   9.0679057e-03
   9.0603770e-03
   8.9252516e-03
   7.9275184e-03
   8.0541281e-03
   8.2005931e-03
   8.2087209e-03
   8.5501070e-03
   8.7298106e-03
   8.8319323e-03
   8.9502559e-03
   9.1295431e-03
   9.1262155e-03
   8.9700968e-03
   9.1321889e-03
   9.1488562e-03
   9.1497465e-03
   9.3606920e-03
   9.4165767e-03
   9.5242508e-03
   9.6713673e-03
   9.5487809e-03
   9.7523412e-03
   9.9011462e-03
   1.0022430e-02
   9.9796207e-03
   1.0022569e-02
   1.0069904e-02
   1.0276382e-02
   1.0277851e-02
   1.0366374e-02
   1.0373058e-02
   1.0425779e-02
   1.0380658e-02
   1.0405213e-02
   1.0374282e-02
   1.0343709e-02
   1.0359391e-02
   1.0420388e-02
   1.0340507e-02
   1.0346086e-02
   1.0270883e-02
   1.0335523e-02
   1.0341656e-02
   1.0419608e-02
   1.0402090e-02
   1.0419539e-02
   1.0494988e-02
   1.0563252e-02
   1.0602253e-02
   1.0650415e-02
   1.0728005e-02
   1.0848444e-02
   1.0917574e-02
   1.1003755e-02
   1.0983754e-02
   1.1057326e-02
   1.1177637e-02
   1.1244400e-02
   1.1379681e-02
   1.1401361e-02
   1.1515433e-02
   1.1656093e-02
   1.1741820e-02
   1.1878904e-02
   1.1985278e-02
   1.2100036e-02
   1.2226324e-02
   1.2337522e-02
   1.2391594e-02
   1.2491197e-02
   1.2588581e-02
   1.2679446e-02
   1.2816794e-02
   1.2889700e-02
   1.3006902e-02
   1.3069907e-02
   1.3160159e-02
   1.3290492e-02
   1.3414921e-02
   1.3541155e-02
   1.3670951e-02
   1.3823428e-02
   1.3946794e-02
   1.4091373e-02
   1.4199202e-02
   1.4346123e-02
   1.4422373e-02
   1.4669495e-02
   1.4803151e-02
   1.4867587e-02
   1.4939663e-02
   1.5047447e-02
   1.5136375e-02
   1.5244359e-02
   1.5293960e-02
   1.5364674e-02
   1.5474343e-02
   1.5562500e-02
   1.5650333e-02
   1.5718682e-02
   1.5807879e-02
   1.5835809e-02
   1.5862535e-02
   1.5836918e-02
   1.5801184e-02
   1.5789616e-02
   1.5850139e-02
   1.5918380e-02
   1.6018720e-02
   1.6140348e-02
   1.6230428e-02
   1.6318206e-02
   1.6426676e-02
   1.6533526e-02
   1.6596105e-02
   1.6680179e-02
   1.6713371e-02
   1.6775470e-02
   1.6815487e-02
   1.6865201e-02
   1.6893087e-02
   1.6930814e-02
   1.6970559e-02
   1.6977999e-02
   1.7005268e-02
   1.6988953e-02
   1.6982736e-02
   1.6936618e-02
   1.6880743e-02
   1.6848498e-02
   1.6804708e-02
   1.6820356e-02
   1.6853137e-02
   1.6862859e-02
   1.6900472e-02
   1.6922639e-02
   1.6909730e-02
   1.6884919e-02
   1.6867191e-02
   1.6823007e-02
   1.6754000e-02
   1.6663809e-02
   1.6505591e-02
   1.6339208e-02
   1.6154983e-02
   1.5906524e-02
   1.5626696e-02
   1.5337750e-02
   1.4973390e-02
   1.4539693e-02
   1.4106815e-02
   1.3638739e-02
   1.3136554e-02
   1.2627430e-02
   1.2147090e-02
   1.1647566e-02
   1.1138341e-02
   1.0658519e-02
   1.0135537e-02
   9.5879576e-03
   9.0069055e-03
   8.4041766e-03
   7.8794850e-03
   7.4681411e-03
   7.1447890e-03
   6.9279664e-03
   6.7787963e-03
   6.6572018e-03
   6.5848744e-03
   6.4946450e-03
   6.4078615e-03
   6.3269928e-03
   6.2431051e-03
   6.1347617e-03
   6.1171467e-03
   6.0108185e-03
   6.0011149e-03
   5.9390362e-03
   5.8933751e-03
   5.8252716e-03
   5.7526498e-03
   5.7359941e-03
   5.6520630e-03
   5.5736808e-03
   5.4961823e-03
   5.4225014e-03
   5.3821759e-03
   5.3244094e-03
   5.2610804e-03
   5.1941665e-03
   5.1419169e-03
   5.0899097e-03
   5.0168087e-03
   4.9590899e-03
   4.9005354e-03
   4.8320910e-03
   4.7670086e-03
   4.6995125e-03
   4.6018392e-03
   4.5231256e-03
   4.3948849e-03
   4.2765363e-03
   4.1314374e-03
   4.0499607e-03
   3.9788533e-03
   3.9259422e-03
   3.8198505e-03
   3.7289581e-03
   3.6832124e-03
   3.6534282e-03
   3.6532205e-03
   3.6249525e-03
   3.5917433e-03
   3.6530791e-03
   3.6344003e-03
   3.5872411e-03
   3.5856125e-03
   3.5735468e-03
   3.5214189e-03
   3.4935487e-03
   3.4573959e-03
   3.3529702e-03
   3.2979274e-03
   3.1725238e-03
   3.0922078e-03
   2.9884465e-03
   2.8612407e-03
   2.7413178e-03
   2.6562022e-03
   2.5450039e-03
   2.3928311e-03
   2.3010063e-03
   2.2000512e-03
   2.0801799e-03
   1.9388145e-03
   1.8465086e-03
   1.7454882e-03
   1.6116831e-03
   1.5123279e-03
   1.3819007e-03
   1.2962592e-03
   1.1751815e-03
   1.0688282e-03
   9.7898811e-04
   9.0223824e-04
   8.5873646e-04
   7.5618014e-04
   6.9355049e-04
   6.4627782e-04
   5.3727483e-04
   4.8776201e-04
   4.5567123e-04
   3.5305678e-04
   3.0402597e-04
   3.1541932e-04
   3.0885988e-04
   2.7499437e-04
   2.2077448e-04
   2.6275841e-04
   2.3871907e-04
   1.6582805e-04
   1.7696286e-04
   1.3652457e-04
   1.6253452e-04
   1.5915851e-04
   1.2682013e-04
   2.0870025e-04
   1.0460057e-04
   1.0029759e-04
   1.5633774e-04
   1.1604829e-04
   1.3352537e-04
   1.5991221e-04
   1.1331098e-04
   9.1174641e-05
   2.7972706e-05
   2.2662501e-05
   3.4812352e-05
   5.4625680e-05
   5.9232712e-05
   6.8863656e-05
   1.0144885e-04
   6.2135966e-05
   7.4621153e-05
   4.0125439e-05
   2.1964508e-05
   8.5809218e-05
   6.4567513e-05
   1.3360273e-04
   5.2647620e-05
   3.1909661e-05
   1.1921609e-04
   6.1124226e-05
   8.7629939e-05
   7.6673900e-05
   1.1667562e-04
   1.5640918e-04
   1.0678595e-04
   6.8328138e-05
   9.4079968e-05
   9.5715405e-05
   1.0903527e-04
   6.2484622e-05
   4.4258436e-05
   7.1298645e-05
   1.9270272e-05
   6.4824947e-05
  -1.1424107e-05
   6.4327654e-05
   3.6694662e-05
   3.2490537e-05
   1.0359456e-04
  -1.4265971e-05
   2.2269102e-05
  -9.0760029e-05
  -2.4045777e-05
  -6.7193741e-05
  -6.1328651e-05
  -1.2186069e-04
  -2.3681208e-04
  -2.3361894e-04
  -1.9585697e-04
  -2.4729116e-04
  -1.9618528e-04
  -1.5338450e-04
  -1.8669495e-04
  -2.2241482e-04
  -1.4390073e-04
  -2.3796222e-04
  -2.5798539e-04
  -2.5545750e-04
  -2.7621029e-04
  -2.4986986e-04
  -2.9925436e-04
  -2.3629766e-04
  -2.9444816e-04
  -2.4572416e-04
  -3.0005836e-04
  -1.6884880e-04
  -2.7396570e-04
  -3.4129426e-04
  -3.4915380e-04
  -2.6282450e-04
  -3.2538408e-04
  -4.0469480e-04
  -3.0707421e-04
  -2.9269807e-04
  -2.2307008e-04
  -3.5238396e-04
  -2.7586498e-04
  -3.8484365e-04
  -3.1488388e-04
  -2.5489049e-04
  -3.6727287e-04
  -3.9687402e-04
  -3.6717231e-04
  -3.4516346e-04
  -3.2095152e-04
  -4.3357037e-04
  -3.9074923e-04
  -4.6290385e-04
  -4.4822272e-04
  -4.2433335e-04
  -4.1784990e-04
  -5.2823055e-04
  -3.7440866e-04
  -4.3094670e-04
  -4.4311055e-04
  -4.0553846e-04
  -4.6311563e-04
  -5.0602480e-04
  -5.4065601e-04
  -5.7841436e-04
  -5.1841364e-04
  -4.4618528e-04
  -4.8142166e-04
  -4.0854209e-04
  -4.6005011e-04
  -2.9502330e-04
  -5.2529824e-04
  -2.4912260e-04
  -4.2858561e-04
  -5.4739574e-04
  -4.7851447e-04
  -5.3829388e-04
  -4.5765014e-04
  -4.2354077e-04
  -4.6592470e-04
  -5.9867639e-04
  -4.8527843e-04
  -5.4957417e-04
  -4.7207942e-04
  -8.8044046e-04
  -4.0663195e-04
  -1.8296352e-04
  -6.1440547e-04
   1.7852586e-04
  -7.5015298e-04
  -2.1051606e-04
  -4.0372047e-04
  -3.2264775e-04
  -2.6122679e-04
  -5.1351596e-04
  -5.0781281e-04
  -5.1837380e-04
  -7.5112211e-04
  -8.5649228e-05
  -1.6275388e-04
  -4.7126289e-04
  -7.5805265e-04
  -6.2702868e-04
  -1.1700772e-04
  -9.6785656e-05
  -3.8982059e-04
  -3.5587737e-04
  -4.8892125e-05
  -5.3538578e-04
  -5.1932596e-04
  -6.1040297e-04
  -6.2778968e-04
  -6.2778968e-04
  -7.9742051e-04
  -3.1021186e-04
  -4.9340099e-04
  -5.0890553e-04
  -4.8559124e-04
  -1.1383079e-03
  -4.6813107e-04
  -3.4754439e-04
  -1.0612577e-03
  -1.7455918e-04
  -3.3785435e-04
  -3.6704271e-04
  -1.0653689e-03
  -9.6352424e-04
  -1.7902506e-04
   5.3782303e-05
   1.5538372e-04
  -7.7645691e-04
  -5.8003998e-04
  -4.9271482e-04
  -5.1025246e-04
   4.3063211e-05
  -1.2702050e-04
  -2.0212997e-04
  -9.5291142e-04
   1.2658129e-04
  -3.5582368e-04
  -6.0064612e-04
  -3.1438658e-04
  -7.0091336e-04
  -6.4020235e-04
  -5.9418623e-04
   9.8622465e-06
  -9.7039374e-04
  -8.0140716e-04
  -7.7734396e-04
  -8.7274766e-04
  -1.0483730e-03
  -1.1556807e-03
  -1.1785885e-03
  -1.2378567e-03
  -1.2967157e-03
  -1.3327324e-03
  -1.3002701e-03
  -1.2301165e-03
  -1.1601936e-03
  -1.1226410e-03
  -1.0529426e-03
  -9.0203734e-04
  -7.5128448e-04
  -6.7017405e-04
  -6.3748414e-04
  -5.6664029e-04
  -4.9578783e-04
  -4.5763297e-04
  -4.6506090e-04
  -4.7887089e-04
  -4.9270486e-04
  -5.0016575e-04
  -5.2810072e-04
  -5.8874439e-04
  -6.4954854e-04
  -6.8235515e-04
  -6.7596009e-04
  -6.4061880e-04
  -6.6507239e-04
  -7.2284390e-04
  -6.5429705e-04
  -6.1112496e-04
  -6.1637051e-04
  -6.9573874e-04
  -7.1966943e-04
  -8.5106656e-04
  -7.0361107e-04
  -7.1122172e-04
  -7.2595654e-04
  -5.2725922e-04
  -6.6598042e-04
  -6.4653510e-04
  -4.2007863e-04
  -3.2278370e-04
  -4.2780266e-04
  -3.3540019e-04
  -2.0334819e-04
  -2.3215066e-04
  -4.4078012e-04
  -2.2300255e-04
  -2.0949937e-04
  -6.5663672e-04
  -8.0339720e-04
  -8.0775456e-04
  -7.9286373e-04
  -6.3002942e-04
  -4.4673915e-04
  -6.1366839e-04
  -8.6069464e-04
  -7.1199386e-04
  -7.8442057e-04
  -9.2208126e-04
  -8.7298290e-04
  -7.1609728e-04
  -5.5552463e-04
  -4.8408547e-04
  -6.0125382e-04
  -4.8929587e-04
  -4.4328730e-04
  -6.0749593e-04
  -8.1723920e-04
  -6.0175446e-04
  -4.7040571e-04
  -5.4047138e-04
  -6.4029324e-04
  -6.6121926e-04
  -5.9979429e-04
  -6.1321464e-04
  -6.3553857e-04
  -7.0850205e-04
  -7.1885395e-04
  -7.2205981e-04
  -7.2276628e-04
  -7.7833212e-04
  -7.8040310e-04
  -6.3182855e-04
  -7.4258179e-04
  -9.3126132e-04
  -9.2964438e-04
  -8.1657728e-04
  -6.8941278e-04
  -6.4424390e-04
  -5.5407163e-04
  -6.3055658e-04
  -6.2872888e-04
  -6.2711324e-04
  -6.8589636e-04
  -6.6925675e-04
  -5.3549018e-04
  -4.3119625e-04
  -6.5355391e-04
  -7.6511086e-04
  -8.0789258e-04
  -6.0070004e-04
  -5.9558241e-04
  -1.0184437e-03
  -8.8309220e-04
  -7.3293795e-04
  -7.6639977e-04
  -9.0225483e-04
  -1.2705657e-03
  -1.2384191e-03
  -1.7660077e-03
  -1.3196253e-03
  -1.3659570e-03
  -2.3524570e-03
  -2.4254925e-03
  -1.4121820e-03
  -1.6056890e-03
  -1.5211423e-03
  -1.4539865e-03
   3.7605132e-04
   4.5042119e-04
  -1.2114095e-03
  -2.7859129e-03
  -1.1895864e-03
  -9.8727349e-04
  -2.1488837e-03
  -1.0805032e-03
  -2.4015673e-04
  -1.0968370e-03
  -1.2427673e-03
  -1.3339924e-03
  -2.4181343e-05
  -1.2603222e-03
  -1.2833511e-03
  -8.7089331e-04
  -1.2146770e-03
  -1.1874001e-03
  -7.6223694e-04
  -7.1239464e-04
  -9.4509725e-04
  -1.0223280e-03
  -1.3129081e-03
  -1.2859738e-03
  -1.2691184e-03
  -9.2152621e-04
  -6.9359344e-04
  -1.0163457e-03
  -1.0294241e-03
  -8.0766035e-04
  -9.4461089e-04
  -1.0859722e-03
  -8.1835706e-04
  -9.2882090e-04
  -9.4507247e-04
  -7.7972301e-04
  -6.3513107e-04
  -8.0750742e-04
  -7.1601670e-04
  -7.3108562e-04
  -6.7073826e-04
  -5.8789341e-04
  -7.5253755e-04
  -9.6474778e-04
  -1.0402450e-03
  -8.2489699e-04
  -6.6253054e-04
  -6.2998266e-04
  -6.8769230e-04
  -5.8757881e-04
  -7.6782475e-04
  -1.0457042e-03
  -1.0297205e-03
  -7.6294447e-04
  -1.0308246e-03
  -9.5020154e-04
  -7.7044429e-04
  -6.6439702e-04
  -7.5056213e-04
  -9.3712318e-04
  -8.4889568e-04
  -8.3542754e-04
  -9.2415440e-04
  -9.1836509e-04
  -8.3549104e-04
  -9.2712778e-04
  -9.1471424e-04
  -9.9537041e-04
  -1.0636378e-03
  -8.7419839e-04
  -9.8526123e-04
  -9.7830831e-04
  -8.5581226e-04
  -8.3934520e-04
  -7.2904572e-04
  -7.1528446e-04
  -6.0734238e-04
  -7.1741404e-04
  -9.3381933e-04
  -7.9642352e-04
  -1.0168747e-03
  -1.1344270e-03
  -8.9939811e-04
  -1.1228156e-03
  -1.1332711e-03
  -9.9877176e-04
  -1.1108427e-03
  -7.3307417e-04
  -4.8079187e-04
  -7.2578398e-04
  -9.5881343e-04
  -1.2450135e-03
  -1.2764245e-03
  -1.2900378e-03
  -1.1005952e-03
  -7.6292571e-04
  -6.1877659e-04
  -9.7160954e-04
  -9.4720903e-04
  -1.2346586e-03
  -1.2537577e-03
  -1.0719156e-03
  -8.7004333e-04
  -8.6124660e-04
  -1.2514636e-03
  -1.2654788e-03
  -7.7233832e-04
  -1.2019155e-03
  -1.2192090e-03
  -9.6205652e-04
  -1.2681384e-03
  -1.6816035e-03
  -1.2767888e-03
  -1.2075954e-03
  -1.1586758e-03
  -1.1366979e-03
   7.5753717e-04
  -1.2275688e-03
  -4.2281544e-03
  -7.2604224e-03
  -3.5046020e-03
  -7.3041255e-04
  -4.6296891e-03
  -5.4383156e-03
  -1.7874601e-03
  -1.4469497e-03
  -6.8285914e-03
  -6.9014144e-03
  -1.8214579e-02
  -7.5794415e-03
  -1.9675000e-03
  -9.2002531e-03
  -2.4393288e-03
  -1.4528726e-03
   7.7180938e-05
  -5.3130294e-05
  -5.3130294e-05
  -6.2319525e-03
  -1.3963847e-02
  -1.1123103e-03
  -9.0240005e-04
  -1.1123103e-03
  -2.1812975e-03
  -8.4509474e-03
  -1.3985377e-02
