   5.8672000e-03   2.4969000e-01   2.7822600e-01
   5.8167089e-03   2.7405733e-01   3.3056400e-01
   6.4090000e-03   2.7948853e-01   3.2058980e-01
   6.7901167e-03   2.9943950e-01   3.5261100e-01
   7.5700000e-03   3.1983193e-01   3.7662450e-01
   7.8734200e-03   3.4637953e-01   3.8284050e-01
   8.0751222e-03   3.3609067e-01   3.5194400e-01
   9.1413833e-03   3.4999200e-01   3.8888000e-01
   9.6624500e-03   3.4478103e-01   3.9266730e-01
   9.7284256e-03   3.4211333e-01   4.0320500e-01
   1.0666126e-02   3.8742050e-01   4.5256200e-01
   1.1275200e-02   4.1794783e-01   4.7414250e-01
   1.3179376e-02   4.3762680e-01   5.2081200e-01
   1.5447350e-02   5.0024703e-01   5.6846250e-01
   1.9676617e-02   6.1150833e-01   6.6710000e-01
   3.0264806e-02   6.5370037e-01   7.6391730e-01
   4.7274389e-02   8.6471967e-01   9.5390600e-01
   7.2648983e-02   1.2080250e+00   1.3560280e+00
   1.0907034e-01   1.6177990e+00   1.7476950e+00
   1.6709897e-01   2.3351923e+00   2.4550520e+00
   2.5092712e-01   3.0216480e+00   3.2138230e+00
   3.4932320e-01   4.2660713e+00   4.5178100e+00
   4.5599521e-01   5.0881343e+00   5.4006410e+00
   5.6656944e-01   6.1164953e+00   6.4870600e+00
   7.1920622e-01   7.4033997e+00   7.7808110e+00
   9.0522244e-01   9.0282300e+00   9.5774250e+00
   1.0284162e+00   1.0351057e+01   1.1035420e+01
   1.1871040e+00   1.1384673e+01   1.2040290e+01
   1.3536483e+00   1.2877117e+01   1.3658890e+01
   1.5813306e+00   1.4983517e+01   1.5940840e+01
   1.9051536e+00   1.7825673e+01   1.8953190e+01
   2.1012237e+00   1.9572150e+01   2.0796820e+01
   2.2913917e+00   2.0491757e+01   2.1840770e+01
   2.2736584e+00   2.1143943e+01   2.2620520e+01
   2.3373198e+00   2.1189743e+01   2.2753940e+01
   2.3714982e+00   2.1152090e+01   2.2741400e+01
   2.3046611e+00   2.1119070e+01   2.2695120e+01
   2.3508706e+00   2.1393143e+01   2.3042540e+01
   2.4443995e+00   2.2396263e+01   2.4238300e+01
   2.5516896e+00   2.3434773e+01   2.5340300e+01
   2.5735670e+00   2.3766983e+01   2.5783630e+01
   2.5815984e+00   2.3021590e+01   2.5092220e+01
   2.6005714e+00   2.2744430e+01   2.4757900e+01
   2.7057697e+00   2.3343677e+01   2.5453120e+01
   2.7837951e+00   2.4252063e+01   2.6495910e+01
   2.8422635e+00   2.4993470e+01   2.7438020e+01
   2.9678606e+00   2.8987137e+01   3.1798160e+01
   3.0431786e+00   2.9572917e+01   3.2547370e+01
   3.0170333e+00   2.8995793e+01   3.1934590e+01
   2.8220948e+00   2.7403647e+01   3.0293420e+01
   2.8308030e+00   2.6936923e+01   2.9765210e+01
   2.9113737e+00   2.7345187e+01   3.0291660e+01
   3.0369697e+00   2.8616177e+01   3.1775110e+01
   3.1487419e+00   2.9515867e+01   3.2867010e+01
   3.3658561e+00   3.1185140e+01   3.4840550e+01
   3.4391479e+00   3.2325860e+01   3.6121460e+01
   3.5121827e+00   3.3520753e+01   3.7484000e+01
   3.4911409e+00   3.3313620e+01   3.7309770e+01
   3.3937333e+00   3.2721993e+01   3.6760870e+01
   3.2276888e+00   3.1755997e+01   3.5716550e+01
   3.2627037e+00   3.1703057e+01   3.5698850e+01
   3.4901572e+00   3.4021877e+01   3.8412220e+01
   3.6865634e+00   3.5982957e+01   4.0644030e+01
   3.6980567e+00   3.5780610e+01   4.0473530e+01
   3.3684767e+00   3.3250733e+01   3.7668340e+01
   3.0287593e+00   2.9943410e+01   3.3978910e+01
   2.8240978e+00   2.8125563e+01   3.2024920e+01
   2.9598490e+00   2.9519863e+01   3.3651480e+01
   3.1728369e+00   3.1994313e+01   3.6556070e+01
   3.3926305e+00   3.4444077e+01   3.9407720e+01
   3.6086300e+00   3.6824677e+01   4.2145650e+01
   3.4701347e+00   3.5178150e+01   4.0339300e+01
   3.2578257e+00   3.3522687e+01   3.8479180e+01
   3.1611061e+00   3.2815437e+01   3.7732330e+01
   3.3776173e+00   3.5338437e+01   4.0715360e+01
   3.7825899e+00   3.9694987e+01   4.5805320e+01
   4.4128418e+00   4.6849287e+01   5.4117010e+01
   4.8108343e+00   5.1352657e+01   5.9375380e+01
   4.7599894e+00   5.1493447e+01   5.9631240e+01
   4.5350840e+00   4.9817633e+01   5.7785330e+01
   4.4130104e+00   4.9266143e+01   5.7205120e+01
   4.7572382e+00   5.3600993e+01   6.2314180e+01
   5.3176911e+00   6.0988483e+01   7.1022280e+01
   5.7396622e+00   6.6868557e+01   7.7995520e+01
   5.5904767e+00   6.5971330e+01   7.6985680e+01
   5.3249724e+00   6.3145230e+01   7.3757500e+01
   5.1295110e+00   6.1342110e+01   7.1758170e+01
   4.9885788e+00   6.0206840e+01   7.0528700e+01
   4.8482178e+00   5.9260153e+01   6.9494380e+01
   4.7833456e+00   5.9105703e+01   6.9335290e+01
   4.7055104e+00   5.8662513e+01   6.8942850e+01
   4.6415948e+00   5.8375783e+01   6.8697280e+01
   4.5325938e+00   5.7763127e+01   6.8036440e+01
   4.4248931e+00   5.7025187e+01   6.7259690e+01
   4.2511057e+00   5.5348007e+01   6.5328230e+01
   4.0012689e+00   5.2508083e+01   6.2028700e+01
   4.0056136e+00   5.3362380e+01   6.3150560e+01
   4.3292808e+00   5.8134933e+01   6.8903930e+01
   4.7123245e+00   6.4021877e+01   7.5937770e+01
   4.7906069e+00   6.5597667e+01   7.7862480e+01
   4.7459353e+00   6.5434417e+01   7.7707860e+01
   4.7190107e+00   6.5770950e+01   7.8171090e+01
   4.7348121e+00   6.6215737e+01   7.8843290e+01
   4.7847891e+00   6.7769100e+01   8.0762080e+01
   4.8237039e+00   6.8806020e+01   8.2059460e+01
   4.7769279e+00   6.8663467e+01   8.1952000e+01
   4.7812704e+00   6.9324023e+01   8.2822180e+01
   4.8445828e+00   7.0867657e+01   8.4757230e+01
   4.9756667e+00   7.3363937e+01   8.7823680e+01
   5.0235633e+00   7.4733550e+01   8.9519500e+01
   4.9861486e+00   7.4801770e+01   8.9680330e+01
   4.9211321e+00   7.4520590e+01   8.9429060e+01
   4.8971304e+00   7.4849333e+01   8.9920920e+01
   4.8414249e+00   7.4535027e+01   8.9569520e+01
   4.8437018e+00   7.5207500e+01   9.0502500e+01
   4.9755010e+00   7.7948743e+01   9.3880760e+01
   5.1220610e+00   8.0526333e+01   9.7083630e+01
   5.0895724e+00   8.0573900e+01   9.7163120e+01
   4.9309010e+00   7.8543843e+01   9.4812500e+01
   4.7455809e+00   7.6273183e+01   9.2131180e+01
   4.6331823e+00   7.5041567e+01   9.0724720e+01
   4.5682873e+00   7.4407637e+01   8.9996270e+01
   4.5377950e+00   7.4420980e+01   9.0058460e+01
   4.5415072e+00   7.4995307e+01   9.0825640e+01
   4.5412926e+00   7.5456057e+01   9.1471140e+01
   4.5401907e+00   7.5921520e+01   9.2041480e+01
   4.5345254e+00   7.6421547e+01   9.2729120e+01
   4.5338713e+00   7.6824600e+01   9.3304440e+01
   4.4526379e+00   7.5948800e+01   9.2310460e+01
   4.2488216e+00   7.2882280e+01   8.8634000e+01
   4.0533864e+00   7.0075967e+01   8.5269900e+01
   4.1744858e+00   7.2438710e+01   8.8191880e+01
   4.6247714e+00   8.0688380e+01   9.8410050e+01
   4.8325798e+00   8.4921173e+01   1.0358760e+02
   4.6608118e+00   8.2448383e+01   1.0060570e+02
   4.4071559e+00   7.8355130e+01   9.5668220e+01
   4.2485849e+00   7.5914350e+01   9.2720040e+01
   4.2198324e+00   7.5844997e+01   9.2722950e+01
   4.2209053e+00   7.6361047e+01   9.3402500e+01
   4.1695946e+00   7.5941163e+01   9.2923610e+01
   4.0694174e+00   7.4454473e+01   9.1170540e+01
   3.9565139e+00   7.2836290e+01   8.9249160e+01
   3.8838819e+00   7.1922417e+01   8.8131170e+01
   3.8723484e+00   7.2188683e+01   8.8480730e+01
   3.9191901e+00   7.3378353e+01   9.0059370e+01
   3.9318972e+00   7.4144217e+01   9.1040320e+01
   3.9280996e+00   7.4621253e+01   9.1639470e+01
   3.9270189e+00   7.5133693e+01   9.2309060e+01
   3.9056510e+00   7.5211687e+01   9.2478140e+01
   3.8480341e+00   7.4664880e+01   9.1854060e+01
   3.7548037e+00   7.3228477e+01   9.0139640e+01
   3.6238434e+00   7.1058220e+01   8.7524340e+01
   3.5374563e+00   6.9727670e+01   8.5901340e+01
   3.5455824e+00   7.0295093e+01   8.6625940e+01
   3.6126248e+00   7.1956113e+01   8.8725180e+01
   3.6431113e+00   7.2917217e+01   8.9971570e+01
   3.6563934e+00   7.3523077e+01   9.0739910e+01
   3.6145506e+00   7.2994850e+01   9.0099040e+01
   3.5705583e+00   7.2448323e+01   8.9469480e+01
   3.5660532e+00   7.2691587e+01   8.9823560e+01
   3.6093144e+00   7.3986550e+01   9.1473020e+01
   3.5742421e+00   7.3685320e+01   9.1135790e+01
   3.5223354e+00   7.3045010e+01   9.0401810e+01
   3.4954771e+00   7.2818613e+01   9.0124710e+01
   3.4865862e+00   7.3068257e+01   9.0474350e+01
   3.4612100e+00   7.2888563e+01   9.0284290e+01
   3.4034504e+00   7.2001700e+01   8.9224020e+01
   3.3566416e+00   7.1481507e+01   8.8603520e+01
   3.3380762e+00   7.1436300e+01   8.8615390e+01
   3.3271258e+00   7.1657777e+01   8.8877700e+01
   3.2872178e+00   7.1215457e+01   8.8382990e+01
   3.2146208e+00   7.0078957e+01   8.6957620e+01
   3.1779513e+00   6.9789607e+01   8.6643610e+01
   3.2571816e+00   7.1996113e+01   8.9449720e+01
   3.4080434e+00   7.5858997e+01   9.4264340e+01
   3.4937596e+00   7.8231550e+01   9.7287800e+01
   3.4516964e+00   7.7633470e+01   9.6528900e+01
   3.3348901e+00   7.5459783e+01   9.3877050e+01
   3.2067900e+00   7.2933447e+01   9.0767860e+01
   3.1265333e+00   7.1466287e+01   8.8939000e+01
   3.0790694e+00   7.0791910e+01   8.8139430e+01
   3.0524573e+00   7.0645687e+01   8.7982020e+01
   3.0151457e+00   7.0127717e+01   8.7352600e+01
   2.9711672e+00   6.9517470e+01   8.6627830e+01
   2.9254361e+00   6.8835813e+01   8.5780880e+01
   2.8779734e+00   6.8153020e+01   8.4970340e+01
   2.8228374e+00   6.7442903e+01   8.4071100e+01
   2.7955147e+00   6.7289417e+01   8.3906360e+01
   2.7819209e+00   6.7514467e+01   8.4204450e+01
   2.7614824e+00   6.7670100e+01   8.4409150e+01
   2.7286120e+00   6.7507703e+01   8.4228620e+01
   2.6971428e+00   6.7386993e+01   8.4090270e+01
   2.6825117e+00   6.7839217e+01   8.4689310e+01
   2.6866363e+00   6.8745953e+01   8.5898460e+01
   2.6930737e+00   6.9839217e+01   8.7295330e+01
   2.6761612e+00   7.0339720e+01   8.7895560e+01
   2.6261106e+00   7.0037373e+01   8.7565170e+01
   2.5460803e+00   6.8948207e+01   8.6232980e+01
   2.4384441e+00   6.6989470e+01   8.3774820e+01
   2.3534677e+00   6.5615770e+01   8.2046000e+01
   2.3094360e+00   6.5444657e+01   8.1840140e+01
   2.2952947e+00   6.6139800e+01   8.2746100e+01
   2.2725714e+00   6.6617013e+01   8.3409790e+01
   2.2477304e+00   6.7174387e+01   8.4101880e+01
   2.2162956e+00   6.7620300e+01   8.4713760e+01
   2.1739244e+00   6.7707943e+01   8.4894870e+01
   2.1208776e+00   6.7419610e+01   8.4552920e+01
   2.0782193e+00   6.7195950e+01   8.4310330e+01
   2.0457779e+00   6.7052187e+01   8.4171110e+01
   2.0201295e+00   6.7019257e+01   8.4159340e+01
   1.9882361e+00   6.6630047e+01   8.3698170e+01
   1.9520854e+00   6.5948073e+01   8.2834230e+01
   1.9190460e+00   6.5250123e+01   8.2014500e+01
   1.8879394e+00   6.4782270e+01   8.1436340e+01
   1.8699400e+00   6.4743863e+01   8.1437810e+01
   1.8630963e+00   6.4997193e+01   8.1773800e+01
   1.8531947e+00   6.5182323e+01   8.2074830e+01
   1.8452422e+00   6.5413073e+01   8.2372300e+01
   1.8378721e+00   6.5565420e+01   8.2607080e+01
   1.8381158e+00   6.5949240e+01   8.3114420e+01
   1.8392226e+00   6.6000507e+01   8.3155440e+01
   1.8256937e+00   6.5616960e+01   8.2647950e+01
   1.8025867e+00   6.5026033e+01   8.1867680e+01
   1.7767295e+00   6.4525293e+01   8.1157110e+01
   1.7497871e+00   6.3983860e+01   8.0518210e+01
   1.7233303e+00   6.3453543e+01   7.9787230e+01
   1.7011447e+00   6.3236797e+01   7.9528680e+01
   1.6908679e+00   6.3493990e+01   7.9849850e+01
   1.6873503e+00   6.4008970e+01   8.0582650e+01
   1.6881899e+00   6.4651983e+01   8.1434480e+01
   1.6849181e+00   6.5098083e+01   8.2031270e+01
   1.6802679e+00   6.5503587e+01   8.2605310e+01
   1.6677970e+00   6.5572723e+01   8.2743560e+01
   1.6452406e+00   6.5198777e+01   8.2306030e+01
   1.6229880e+00   6.4846440e+01   8.1824110e+01
   1.6086449e+00   6.4676490e+01   8.1626410e+01
   1.5836815e+00   6.4191593e+01   8.0999230e+01
   1.5487626e+00   6.3156273e+01   7.9712820e+01
   1.5136576e+00   6.2150740e+01   7.8441230e+01
   1.4966653e+00   6.1802857e+01   7.7973370e+01
   1.4988201e+00   6.2339843e+01   7.8723240e+01
   1.5120347e+00   6.3259420e+01   7.9880250e+01
   1.4995479e+00   6.3203540e+01   7.9834070e+01
   1.4435377e+00   6.1240883e+01   7.7360820e+01
   1.3987680e+00   5.9757533e+01   7.5446150e+01
   1.3918148e+00   6.0112100e+01   7.5935980e+01
   1.4261105e+00   6.2194070e+01   7.8608030e+01
   1.4407199e+00   6.3342163e+01   8.0099560e+01
   1.4393675e+00   6.3705743e+01   8.0570000e+01
   1.4294860e+00   6.3709753e+01   8.0571840e+01
   1.4049990e+00   6.3390533e+01   8.0199550e+01
   1.3814632e+00   6.3220867e+01   7.9979710e+01
   1.3689356e+00   6.3088853e+01   7.9874100e+01
   1.3598114e+00   6.2982180e+01   7.9755390e+01
   1.3482005e+00   6.2797703e+01   7.9495680e+01
   1.3392837e+00   6.2729747e+01   7.9448500e+01
   1.3342510e+00   6.2802167e+01   7.9539520e+01
   1.3278731e+00   6.2892497e+01   7.9658240e+01
   1.3221694e+00   6.2930590e+01   7.9737500e+01
   1.3150263e+00   6.2903723e+01   7.9763720e+01
   1.3069040e+00   6.2862080e+01   7.9688190e+01
   1.2967600e+00   6.2703987e+01   7.9458420e+01
   1.2752417e+00   6.2089040e+01   7.8737820e+01
   1.2251525e+00   5.9931163e+01   7.5963920e+01
   1.1250495e+00   5.5231743e+01   6.9958890e+01
   1.0429876e+00   5.1349153e+01   6.4998610e+01
   1.0277414e+00   5.1004020e+01   6.4591400e+01
   1.0581940e+00   5.3124033e+01   6.7304060e+01
   1.0817886e+00   5.4780220e+01   6.9441340e+01
   1.0863185e+00   5.5480310e+01   7.0305240e+01
   1.0874610e+00   5.6041710e+01   7.1045440e+01
   1.0903919e+00   5.6841853e+01   7.2114920e+01
   1.0871360e+00   5.7262800e+01   7.2631130e+01
   1.0752683e+00   5.7029083e+01   7.2392810e+01
   1.0669534e+00   5.7108533e+01   7.2461010e+01
   1.0693361e+00   5.7846067e+01   7.3423170e+01
   1.0718419e+00   5.8588973e+01   7.4390550e+01
   1.0675651e+00   5.8939020e+01   7.4883950e+01
   1.0521436e+00   5.8752913e+01   7.4621040e+01
   1.0355089e+00   5.8494800e+01   7.4311330e+01
   1.0180423e+00   5.8117653e+01   7.3841450e+01
   9.9988774e-01   5.7682707e+01   7.3305310e+01
   9.7693441e-01   5.6876620e+01   7.2359960e+01
   9.4444532e-01   5.5479247e+01   7.0511750e+01
   8.8427852e-01   5.2100343e+01   6.6215150e+01
   8.0702584e-01   4.7593000e+01   6.0387600e+01
   7.4842662e-01   4.4277593e+01   5.6131140e+01
   7.4891233e-01   4.4763713e+01   5.6800650e+01
   7.6956767e-01   4.6546317e+01   5.9131190e+01
   7.7176287e-01   4.7124337e+01   5.9868290e+01
   7.5093717e-01   4.6096007e+01   5.8490380e+01
   7.3935613e-01   4.5613320e+01   5.7890660e+01
   7.3598278e-01   4.5763697e+01   5.8133790e+01
   7.3655562e-01   4.6252833e+01   5.8748130e+01
   7.4888556e-01   4.7324763e+01   6.0143050e+01
   7.6873758e-01   4.9160447e+01   6.2542120e+01
   7.8821232e-01   5.0997387e+01   6.4887560e+01
   7.9789310e-01   5.1954650e+01   6.6178180e+01
   7.9825717e-01   5.2287370e+01   6.6622530e+01
   7.9870350e-01   5.2591890e+01   6.6990990e+01
   8.0278989e-01   5.3036893e+01   6.7596710e+01
   8.0780387e-01   5.3634097e+01   6.8388660e+01
   8.1358377e-01   5.4327683e+01   6.9325670e+01
   8.1890508e-01   5.4865830e+01   7.0018360e+01
   8.1712066e-01   5.5024370e+01   7.0229690e+01
   8.1323309e-01   5.4859793e+01   7.0078660e+01
   8.0459543e-01   5.4514960e+01   6.9551580e+01
   7.9471936e-01   5.3991173e+01   6.8948260e+01
   7.8465509e-01   5.3568873e+01   6.8394840e+01
   7.7779042e-01   5.3322303e+01   6.8092220e+01
   7.7090800e-01   5.3186363e+01   6.7920430e+01
   7.5686217e-01   5.2548183e+01   6.7141400e+01
   7.1488970e-01   4.9945813e+01   6.3781510e+01
   5.8598122e-01   4.0825630e+01   5.2072630e+01
   4.3176311e-01   2.9662963e+01   3.7726940e+01
   3.2721292e-01   2.1751513e+01   2.7611120e+01
   3.3645851e-01   2.2340393e+01   2.8370470e+01
   3.9949821e-01   2.7346733e+01   3.4756050e+01
   5.0021321e-01   3.4951143e+01   4.4532110e+01
   5.9787257e-01   4.2567657e+01   5.4387380e+01
   6.6697208e-01   4.7886133e+01   6.1192910e+01
   6.9910042e-01   5.0518530e+01   6.4609780e+01
   7.0988104e-01   5.1485060e+01   6.5873660e+01
   7.0844374e-01   5.1728427e+01   6.6207120e+01
   7.0628044e-01   5.1662657e+01   6.6114010e+01
   7.0266006e-01   5.1386947e+01   6.5774050e+01
   6.9658287e-01   5.1251280e+01   6.5572180e+01
   6.9039559e-01   5.1106137e+01   6.5413220e+01
   6.8574150e-01   5.1095420e+01   6.5376020e+01
   6.8064157e-01   5.0852003e+01   6.5122230e+01
   6.7419722e-01   5.0532593e+01   6.4732570e+01
   6.6613243e-01   5.0140623e+01   6.4223830e+01
   6.5902070e-01   4.9687653e+01   6.3656410e+01
   6.4880144e-01   4.9037013e+01   6.2797840e+01
   6.3769372e-01   4.8381837e+01   6.1888520e+01
   6.2905154e-01   4.7778487e+01   6.1167720e+01
   6.2328268e-01   4.7398540e+01   6.0680030e+01
   6.1839249e-01   4.7217013e+01   6.0482730e+01
   6.1562624e-01   4.7076897e+01   6.0270500e+01
   6.1353862e-01   4.7129607e+01   6.0351170e+01
   6.1109588e-01   4.7100797e+01   6.0412260e+01
   6.0908144e-01   4.6994413e+01   6.0177850e+01
   6.0235933e-01   4.6622313e+01   5.9719530e+01
   5.9555996e-01   4.6261397e+01   5.9253840e+01
   5.8955291e-01   4.5958713e+01   5.8880600e+01
   5.8496123e-01   4.5680760e+01   5.8509620e+01
   5.7839820e-01   4.5553843e+01   5.8415500e+01
   5.8221073e-01   4.5864070e+01   5.8768200e+01
   5.8368267e-01   4.5975127e+01   5.8853230e+01
   5.6939698e-01   4.5199220e+01   5.7849460e+01
   5.4638878e-01   4.3361080e+01   5.5451300e+01
   5.1850937e-01   4.1094437e+01   5.2572800e+01
   4.8849771e-01   3.8702920e+01   4.9389050e+01
   4.6766458e-01   3.7081600e+01   4.7299910e+01
   4.6227218e-01   3.6659807e+01   4.6873000e+01
   4.6866172e-01   3.7539797e+01   4.7990200e+01
   4.7130089e-01   3.8086147e+01   4.8673210e+01
   4.7011139e-01   3.8030880e+01   4.8611390e+01
   4.6883671e-01   3.8207053e+01   4.8870510e+01
   4.7703562e-01   3.9108980e+01   5.0102400e+01
   4.8257918e-01   4.0041603e+01   5.1193740e+01
   4.7883842e-01   3.9869543e+01   5.0998720e+01
   4.7308384e-01   3.9628697e+01   5.0656380e+01
   4.7219850e-01   3.9782693e+01   5.0903740e+01
   4.7527522e-01   4.0187253e+01   5.1496230e+01
   4.7815007e-01   4.0794357e+01   5.2232080e+01
   4.8621749e-01   4.1541357e+01   5.3318800e+01
   4.9291900e-01   4.2480910e+01   5.4401120e+01
   4.9647210e-01   4.3096620e+01   5.5201480e+01
   5.0292266e-01   4.3611860e+01   5.5887380e+01
   5.0235538e-01   4.3969213e+01   5.6326060e+01
   5.0135746e-01   4.4063767e+01   5.6484280e+01
   4.9885460e-01   4.4105343e+01   5.6590250e+01
   4.9682813e-01   4.4015783e+01   5.6510550e+01
   4.9275882e-01   4.3885130e+01   5.6310630e+01
   4.8387027e-01   4.3387670e+01   5.5701110e+01
   4.7432444e-01   4.2580367e+01   5.4672220e+01
   4.6540458e-01   4.1937380e+01   5.3766290e+01
   4.5710317e-01   4.1162590e+01   5.2857930e+01
   4.4662324e-01   4.0445827e+01   5.1902720e+01
   4.4374508e-01   4.0226393e+01   5.1628970e+01
   4.4778091e-01   4.0729623e+01   5.2301500e+01
   4.5753183e-01   4.1839353e+01   5.3768960e+01
   4.6138852e-01   4.2219453e+01   5.4239830e+01
   4.5679953e-01   4.2156333e+01   5.4193390e+01
   4.5535567e-01   4.1954400e+01   5.3905080e+01
   4.4760896e-01   4.1507183e+01   5.3374320e+01
   4.3481211e-01   4.0582523e+01   5.2082700e+01
   4.2603069e-01   3.9680233e+01   5.0992380e+01
   4.1984531e-01   3.9179287e+01   5.0456650e+01
   4.2377440e-01   3.9814793e+01   5.1181530e+01
   4.2890778e-01   4.0400307e+01   5.1995630e+01
   4.3550814e-01   4.0881193e+01   5.2558350e+01
   4.3617106e-01   4.1074060e+01   5.2793140e+01
   4.3633338e-01   4.1248153e+01   5.3046650e+01
   4.3573888e-01   4.1306047e+01   5.3111130e+01
   4.3348751e-01   4.1361597e+01   5.3041000e+01
   4.3466850e-01   4.1092950e+01   5.2773160e+01
   4.2501279e-01   4.0871073e+01   5.2535030e+01
   4.2255521e-01   4.0704183e+01   5.2215920e+01
   4.2428924e-01   4.0599610e+01   5.2152280e+01
   4.1889489e-01   4.0447843e+01   5.2051540e+01
   4.1764572e-01   4.0232223e+01   5.1690070e+01
   4.1142964e-01   3.9890173e+01   5.1280630e+01
   4.0612241e-01   3.9606633e+01   5.0814720e+01
   4.0078294e-01   3.9343960e+01   5.0486800e+01
   3.8955799e-01   3.8534460e+01   4.9465940e+01
   3.7769640e-01   3.7262190e+01   4.7939470e+01
   3.5974462e-01   3.5419843e+01   4.5487730e+01
   3.3734784e-01   3.3192970e+01   4.2564330e+01
   3.1563370e-01   3.0895593e+01   3.9651700e+01
   2.9535361e-01   2.9057107e+01   3.7250540e+01
   2.8880063e-01   2.8171490e+01   3.6069150e+01
   2.8655021e-01   2.7928880e+01   3.5701540e+01
   2.9408328e-01   2.8980660e+01   3.7060470e+01
   3.0309428e-01   3.0221103e+01   3.8686330e+01
   3.1012282e-01   3.0752413e+01   3.9487970e+01
   2.9985353e-01   3.0119510e+01   3.8621830e+01
   2.8802524e-01   2.8620977e+01   3.6656420e+01
   2.8183872e-01   2.7556757e+01   3.5493590e+01
   2.7725674e-01   2.7474613e+01   3.5305910e+01
   2.7618399e-01   2.7290200e+01   3.5170620e+01
   2.7699403e-01   2.7322993e+01   3.5079200e+01
   2.7372567e-01   2.6938600e+01   3.4692980e+01
   2.7352738e-01   2.7146917e+01   3.5075670e+01
   2.7518598e-01   2.7590043e+01   3.5637300e+01
   2.8295961e-01   2.8612893e+01   3.7033790e+01
   2.9200367e-01   2.9665867e+01   3.8327430e+01
   2.9119522e-01   3.0035367e+01   3.8900040e+01
   2.8771324e-01   2.9361870e+01   3.8158640e+01
   2.7479852e-01   2.8616140e+01   3.7224780e+01
   2.6419427e-01   2.7414077e+01   3.5696720e+01
   2.4869319e-01   2.5623107e+01   3.3283880e+01
   2.2218858e-01   2.2829620e+01   2.9607240e+01
   1.8955197e-01   1.8962647e+01   2.4642520e+01
   1.5342906e-01   1.5244987e+01   1.9699330e+01
   1.3196393e-01   1.2058743e+01   1.5609660e+01
   1.1095667e-01   1.0045327e+01   1.2969510e+01
   1.0668091e-01   9.3890617e+00   1.2240410e+01
   1.0957283e-01   9.8454283e+00   1.2835650e+01
   1.2310569e-01   1.1168697e+01   1.4331720e+01
   1.3104392e-01   1.2695360e+01   1.6436400e+01
   1.4398944e-01   1.3964400e+01   1.8034370e+01
   1.3999130e-01   1.3702127e+01   1.7863650e+01
   1.3399317e-01   1.3009020e+01   1.6787840e+01
   1.2916598e-01   1.2242430e+01   1.5944540e+01
   1.2891793e-01   1.2100087e+01   1.5817430e+01
   1.2990994e-01   1.2622820e+01   1.6543250e+01
   1.3683021e-01   1.3078603e+01   1.7129100e+01
   1.3760711e-01   1.3614233e+01   1.7740950e+01
   1.4749259e-01   1.3688560e+01   1.7877030e+01
   1.4555456e-01   1.4220743e+01   1.8591920e+01
   1.4916013e-01   1.4330893e+01   1.8779210e+01
   1.5140873e-01   1.5023483e+01   1.9770450e+01
   1.5794528e-01   1.5394280e+01   2.0314180e+01
   1.6304867e-01   1.5995743e+01   2.0903300e+01
   1.6698941e-01   1.6768953e+01   2.2165670e+01
   1.7250160e-01   1.7243773e+01   2.2690700e+01
   1.8083553e-01   1.8259637e+01   2.4122950e+01
   1.8673456e-01   1.9347143e+01   2.5643870e+01
   1.9095856e-01   2.0252610e+01   2.6946270e+01
   1.9793630e-01   2.1490293e+01   2.8511930e+01
   2.1955702e-01   2.3002333e+01   3.0655230e+01
   2.2753773e-01   2.4679110e+01   3.2883600e+01
   2.2753773e-01   2.4679110e+01   3.2883600e+01
   2.3395519e-01   2.5723017e+01   3.4172450e+01
   2.3790829e-01   2.5843197e+01   3.4377060e+01
   2.3447902e-01   2.5303267e+01   3.3785010e+01
   2.3419325e-01   2.5258270e+01   3.3735680e+01
   2.3279019e-01   2.4590207e+01   3.3026900e+01
   2.2817661e-01   2.4298890e+01   3.2322870e+01
   2.2702268e-01   2.4561393e+01   3.2944840e+01
   2.2681288e-01   2.4609120e+01   3.3057930e+01
   2.3547390e-01   2.5363780e+01   3.3766390e+01
   2.3929826e-01   2.5915727e+01   3.4832240e+01
   2.3858791e-01   2.6515863e+01   3.5487700e+01
   2.3845876e-01   2.6624977e+01   3.5606870e+01
   2.5321250e-01   2.7364923e+01   3.6754740e+01
   2.5558944e-01   2.8108080e+01   3.7848070e+01
   2.6595224e-01   2.8550853e+01   3.8253870e+01
   2.6906108e-01   2.8683687e+01   3.8375610e+01
   2.6648307e-01   2.9059243e+01   3.8972870e+01
   2.7014867e-01   2.9320783e+01   3.9768300e+01
   2.6696185e-01   2.9347730e+01   3.9720190e+01
   2.6554550e-01   2.9359703e+01   3.9698800e+01
   2.7984143e-01   2.9442387e+01   3.9867170e+01
   2.6259872e-01   2.9438203e+01   3.9821760e+01
   2.7751749e-01   2.9469073e+01   3.9933150e+01
   2.8414807e-01   2.9482797e+01   3.9982650e+01
   2.5303046e-01   2.9278077e+01   3.9862390e+01
   2.7599466e-01   2.9421347e+01   3.9320650e+01
   2.6473955e-01   2.9009960e+01   3.9286140e+01
   2.5883703e-01   2.8791513e+01   3.9248080e+01
   2.6423668e-01   2.8578890e+01   3.8972710e+01
   2.5489444e-01   2.8284237e+01   3.8233810e+01
   2.4977928e-01   2.8104663e+01   3.8086180e+01
   2.4701032e-01   2.8004910e+01   3.8008840e+01
   2.3863719e-01   2.8020270e+01   3.7836010e+01
   2.4611801e-01   2.7873293e+01   3.8113370e+01
   2.4637708e-01   2.8236647e+01   3.8187850e+01
   2.4634886e-01   2.8418407e+01   3.8325810e+01
   2.4607048e-01   2.8468860e+01   3.8664890e+01
   2.4718814e-01   2.8606457e+01   3.8849740e+01
   2.4787591e-01   2.8691127e+01   3.8963500e+01
   2.4811240e-01   2.8735860e+01   3.9019700e+01
   2.4872723e-01   2.8852160e+01   3.9165810e+01
   2.4934208e-01   2.8968457e+01   3.9311920e+01
   2.4972044e-01   2.9040027e+01   3.9401830e+01
   2.5017844e-01   2.9062673e+01   3.9427660e+01
   2.5117073e-01   2.9111737e+01   3.9483620e+01
   2.5216305e-01   2.9160800e+01   3.9539580e+01
   2.5269738e-01   2.9187220e+01   3.9569710e+01
   2.5257029e-01   2.9196813e+01   3.9586860e+01
   2.5229493e-01   2.9217593e+01   3.9624030e+01
   2.5201955e-01   2.9238380e+01   3.9661190e+01
   2.5187128e-01   2.9249573e+01   3.9681200e+01
   2.5187382e-01   2.9246507e+01   3.9679020e+01
   2.5187933e-01   2.9239870e+01   3.9674310e+01
   2.5188482e-01   2.9233230e+01   3.9669590e+01
   2.5188778e-01   2.9229657e+01   3.9667050e+01
   2.5185183e-01   2.9212450e+01   3.9644420e+01
   2.5178508e-01   2.9180493e+01   3.9602380e+01
   2.5171831e-01   2.9148533e+01   3.9560340e+01
   2.5168236e-01   2.9131327e+01   3.9537700e+01
   2.5130201e-01   2.9112160e+01   3.9515950e+01
   2.5047793e-01   2.9070633e+01   3.9468810e+01
   2.4965385e-01   2.9029110e+01   3.9421670e+01
   2.4921011e-01   2.9006750e+01   3.9396290e+01
   2.4876368e-01   2.8989747e+01   3.9374710e+01
   2.4630833e-01   2.8896227e+01   3.9255980e+01
   2.4413928e-01   2.8761507e+01   3.9065880e+01
   2.4184853e-01   2.8610543e+01   3.8825120e+01
   2.3904141e-01   2.8408433e+01   3.8564510e+01
   2.3810384e-01   2.8147747e+01   3.8173930e+01
   2.3513418e-01   2.7823357e+01   3.7722600e+01
   2.3107864e-01   2.7396923e+01   3.7195330e+01
   2.2790352e-01   2.6985243e+01   3.6612980e+01
   2.2398009e-01   2.6564573e+01   3.6040790e+01
   2.2009390e-01   2.6217273e+01   3.5589760e+01
   2.1568506e-01   2.5968547e+01   3.5221400e+01
   2.1275000e-01   2.5667753e+01   3.4780170e+01
   2.1051147e-01   2.5236447e+01   3.4232430e+01
   2.0587050e-01   2.4819517e+01   3.3677610e+01
   2.0318760e-01   2.4341397e+01   3.3008040e+01
   2.0153740e-01   2.3664737e+01   3.2100910e+01
   1.9903367e-01   2.2835473e+01   3.0940190e+01
   1.9516957e-01   2.1861933e+01   2.9588540e+01
   1.8852640e-01   2.0745627e+01   2.8072380e+01
   1.7569221e-01   1.9253650e+01   2.6042970e+01
   1.5303993e-01   1.6826503e+01   2.2736860e+01
   1.2435547e-01   1.3692553e+01   1.8479690e+01
   9.9282700e-02   1.0885590e+01   1.4682950e+01
   8.2196644e-02   9.0335447e+00   1.2187170e+01
   7.1904300e-02   8.1641967e+00   1.1005630e+01
   6.7632300e-02   7.7969387e+00   1.0503360e+01
   6.6773900e-02   7.9256123e+00   1.0653210e+01
   6.8401411e-02   8.2799617e+00   1.1137340e+01
   6.6377544e-02   7.9487687e+00   1.0696000e+01
   6.3004933e-02   7.5642497e+00   1.0159880e+01
   6.4850033e-02   7.9345597e+00   1.0654980e+01
   7.2983222e-02   9.0557753e+00   1.2185400e+01
   8.4597333e-02   1.0688810e+01   1.4385650e+01
   9.7170667e-02   1.2392377e+01   1.6695770e+01
   1.0852069e-01   1.3866840e+01   1.8726590e+01
   1.1571700e-01   1.4947033e+01   2.0197360e+01
   1.1966850e-01   1.5624200e+01   2.1100750e+01
   1.2176066e-01   1.5950400e+01   2.1546440e+01
   1.2537458e-01   1.6100463e+01   2.1767940e+01
   1.2922524e-01   1.6336557e+01   2.2093490e+01
   1.3368911e-01   1.6854490e+01   2.2789850e+01
   1.3713309e-01   1.7309750e+01   2.3401100e+01
   1.3602787e-01   1.7316957e+01   2.3397980e+01
   1.3516373e-01   1.7150043e+01   2.3167520e+01
   1.3638987e-01   1.7174310e+01   2.3216590e+01
   1.3685576e-01   1.7329643e+01   2.3432280e+01
   1.3794929e-01   1.7547030e+01   2.3754580e+01
   1.4012199e-01   1.7824920e+01   2.4123480e+01
   1.4221042e-01   1.8069640e+01   2.4435950e+01
   1.4427747e-01   1.8245233e+01   2.4678310e+01
   1.4395698e-01   1.8424213e+01   2.4924680e+01
   1.4339680e-01   1.8554287e+01   2.5096970e+01
   1.4153798e-01   1.8623880e+01   2.5211180e+01
   1.3892550e-01   1.8602220e+01   2.5189810e+01
   1.3709809e-01   1.8472870e+01   2.5014740e+01
   1.3364339e-01   1.8289253e+01   2.4770420e+01
   1.2944800e-01   1.8030787e+01   2.4423310e+01
   1.2747778e-01   1.7624660e+01   2.3881830e+01
   1.2274257e-01   1.6909470e+01   2.2909430e+01
   1.1488862e-01   1.5943717e+01   2.1597460e+01
   1.0836858e-01   1.5092763e+01   2.0445980e+01
   1.0590944e-01   1.4882220e+01   2.0133300e+01
   1.0820697e-01   1.5263790e+01   2.0648640e+01
   1.1005217e-01   1.5625893e+01   2.1155590e+01
   1.1100480e-01   1.5841583e+01   2.1456430e+01
   1.1232506e-01   1.6033717e+01   2.1714490e+01
   1.1268569e-01   1.6125377e+01   2.1839820e+01
   1.1420726e-01   1.6030390e+01   2.1722700e+01
   1.1435022e-01   1.5761957e+01   2.1362580e+01
   1.1146733e-01   1.5372620e+01   2.0819400e+01
   1.0823680e-01   1.4874183e+01   2.0139910e+01
   1.0346200e-01   1.4247267e+01   1.9289270e+01
   9.7260311e-02   1.3562673e+01   1.8344010e+01
   9.1996667e-02   1.2930377e+01   1.7475080e+01
   8.7075733e-02   1.2345493e+01   1.6677680e+01
   8.1627222e-02   1.1716123e+01   1.5832800e+01
   7.4210500e-02   1.0698880e+01   1.4445240e+01
   6.5609056e-02   9.4869747e+00   1.2793400e+01
   5.9764267e-02   8.7094970e+00   1.1747960e+01
   5.6623733e-02   8.1878493e+00   1.1049450e+01
   5.0927644e-02   7.2468420e+00   9.7626450e+00
   3.9838011e-02   5.6897523e+00   7.6349920e+00
   2.8095500e-02   4.0753847e+00   5.4701690e+00
   2.0620600e-02   2.9288940e+00   3.9454010e+00
   1.6376678e-02   2.2480003e+00   3.0278270e+00
   1.2698889e-02   1.7966533e+00   2.4108160e+00
   1.0976722e-02   1.4622573e+00   1.9512140e+00
   9.1982333e-03   1.1941453e+00   1.6044890e+00
   7.0313333e-03   9.6623230e-01   1.3096800e+00
   5.7771000e-03   7.9315303e-01   1.0732690e+00
   5.4903556e-03   6.6582410e-01   9.0416760e-01
   5.3010222e-03   5.8247280e-01   7.9974440e-01
   5.5884889e-03   5.4507883e-01   7.3700800e-01
   5.2450444e-03   5.3247150e-01   7.1814600e-01
   5.1174667e-03   5.4236097e-01   7.4209730e-01
   6.1942333e-03   5.5384620e-01   7.5022380e-01
   6.7430222e-03   5.6167233e-01   7.4687240e-01
   6.5676111e-03   5.6145203e-01   7.4960620e-01
   5.7125333e-03   5.7770047e-01   7.7675270e-01
   6.1648889e-03   6.2664187e-01   8.4195720e-01
   6.5495111e-03   6.7478180e-01   9.0263020e-01
   6.5974333e-03   7.6814183e-01   1.0246700e+00
   6.9466667e-03   9.1850733e-01   1.2352340e+00
   8.4379889e-03   1.0369900e+00   1.4023100e+00
   9.0920222e-03   1.1076573e+00   1.4873850e+00
   8.3795889e-03   1.1507260e+00   1.5504820e+00
   8.8105111e-03   1.2125397e+00   1.6247750e+00
   9.7820222e-03   1.3819237e+00   1.8420950e+00
   1.1455644e-02   1.6229243e+00   2.1704680e+00
   1.3514433e-02   1.9634493e+00   2.6409380e+00
   1.7374000e-02   2.5267327e+00   3.4018040e+00
   2.1760000e-02   3.0354100e+00   4.0794900e+00
   2.1839022e-02   3.1852290e+00   4.2834390e+00
   1.9946667e-02   2.9826383e+00   4.0134650e+00
   1.8259189e-02   2.7407463e+00   3.6843740e+00
   1.8193000e-02   2.8368660e+00   3.8133540e+00
   2.0112022e-02   3.1102297e+00   4.1811260e+00
   2.2084833e-02   3.4229290e+00   4.5845060e+00
   2.3534044e-02   3.8017663e+00   5.1063490e+00
   2.6167022e-02   4.3779447e+00   5.9050050e+00
   3.1333689e-02   5.1899977e+00   6.9856820e+00
   3.6612000e-02   6.0443680e+00   8.1378240e+00
   4.1204800e-02   6.7575320e+00   9.1272540e+00
   4.3599111e-02   7.2547583e+00   9.8070750e+00
   4.5646467e-02   7.7420023e+00   1.0448580e+01
   4.8538967e-02   8.3088823e+00   1.1208070e+01
   5.1995333e-02   8.8186460e+00   1.1904340e+01
   5.4761911e-02   9.1865973e+00   1.2409580e+01
   5.4955889e-02   9.5261403e+00   1.2873130e+01
   5.5736389e-02   9.8391580e+00   1.3295270e+01
   5.6902278e-02   1.0072274e+01   1.3602930e+01
   5.7604200e-02   1.0225423e+01   1.3828120e+01
   5.9006144e-02   1.0337260e+01   1.3981330e+01
   5.9165422e-02   1.0428170e+01   1.4099020e+01
   5.8596400e-02   1.0509643e+01   1.4220280e+01
   5.9420667e-02   1.0594483e+01   1.4331490e+01
   5.9923067e-02   1.0606347e+01   1.4360300e+01
   5.8634200e-02   1.0579263e+01   1.4337210e+01
   5.7304000e-02   1.0559383e+01   1.4293070e+01
   5.7407111e-02   1.0509570e+01   1.4217580e+01
   5.6997778e-02   1.0378987e+01   1.4045670e+01
   5.5047089e-02   1.0106227e+01   1.3675320e+01
   5.3681333e-02   9.7372060e+00   1.3170020e+01
   5.2912889e-02   9.4782520e+00   1.2815830e+01
   5.2108833e-02   9.4126223e+00   1.2737860e+01
   5.1773367e-02   9.5156137e+00   1.2871250e+01
   5.2317444e-02   9.6082027e+00   1.2999330e+01
   5.2402600e-02   9.6217213e+00   1.3017620e+01
   5.2001944e-02   9.5972267e+00   1.2992680e+01
   5.1079422e-02   9.4678433e+00   1.2820980e+01
   4.8998644e-02   9.2412417e+00   1.2498590e+01
   4.7941600e-02   9.0438213e+00   1.2238540e+01
   4.8827089e-02   8.9612233e+00   1.2123460e+01
   4.8827089e-02   8.9956387e+00   1.2171120e+01
   4.8595444e-02   9.1008263e+00   1.2320380e+01
   4.9925700e-02   9.1715413e+00   1.2427380e+01
   4.9497800e-02   9.2260943e+00   1.2504890e+01
   4.9436622e-02   9.2737537e+00   1.2567660e+01
   4.9782756e-02   9.2455303e+00   1.2543990e+01
   4.9847933e-02   9.1475587e+00   1.2398900e+01
   4.8272033e-02   8.9900093e+00   1.2178450e+01
   4.6957156e-02   8.8312877e+00   1.1968360e+01
   4.6762667e-02   8.7444500e+00   1.1834960e+01
   4.5917333e-02   8.6978377e+00   1.1771760e+01
   4.6403211e-02   8.6312333e+00   1.1689010e+01
   4.5936022e-02   8.6017230e+00   1.1651000e+01
   4.5592367e-02   8.6120633e+00   1.1674900e+01
   4.5389889e-02   8.5189583e+00   1.1543530e+01
   4.4440500e-02   8.3565857e+00   1.1321170e+01
   4.3180967e-02   8.2875333e+00   1.1220850e+01
   4.3394633e-02   8.2909723e+00   1.1234140e+01
   4.2700900e-02   8.2274660e+00   1.1156430e+01
   4.1482778e-02   8.1444587e+00   1.1027270e+01
   4.1041856e-02   8.1117680e+00   1.0967850e+01
   4.0711611e-02   8.0446287e+00   1.0883500e+01
   4.0235533e-02   7.9496647e+00   1.0755260e+01
   4.0252222e-02   7.8604417e+00   1.0641980e+01
   3.9401300e-02   7.7712350e+00   1.0516310e+01
   3.8963867e-02   7.6785847e+00   1.0397180e+01
   3.7994211e-02   7.5678987e+00   1.0251800e+01
   3.7251667e-02   7.4104053e+00   1.0033300e+01
   3.8012000e-02   7.3036560e+00   9.8799310e+00
   3.7287289e-02   7.2835110e+00   9.8443740e+00
   3.6630000e-02   7.2084783e+00   9.7447680e+00
   3.5518022e-02   7.0026423e+00   9.4656210e+00
   3.4739200e-02   6.8231550e+00   9.2204410e+00
   3.4333367e-02   6.7082967e+00   9.0860120e+00
   3.3438889e-02   6.5521343e+00   8.8738600e+00
   3.1972778e-02   6.3909690e+00   8.6494320e+00
   3.2165600e-02   6.2884397e+00   8.5129320e+00
   3.1216000e-02   6.1614643e+00   8.3356700e+00
   3.0544778e-02   6.0396490e+00   8.1646830e+00
   3.0487600e-02   6.0024153e+00   8.1192800e+00
   2.9116367e-02   5.9387627e+00   8.0290070e+00
   2.8288800e-02   5.8267763e+00   7.8772120e+00
   2.8153600e-02   5.6834017e+00   7.6849150e+00
   2.6963033e-02   5.4626493e+00   7.3772840e+00
   2.6086667e-02   5.2743777e+00   7.1292030e+00
   2.5543067e-02   5.0863367e+00   6.8665550e+00
   2.3898933e-02   4.7780347e+00   6.4385080e+00
   2.2756533e-02   4.4163340e+00   5.9604530e+00
   2.0018133e-02   4.0774970e+00   5.5213870e+00
   1.8998000e-02   3.8028820e+00   5.1464430e+00
   1.8323067e-02   3.5607190e+00   4.8100120e+00
   1.7406844e-02   3.1834823e+00   4.2939260e+00
   1.4993111e-02   2.7511643e+00   3.7078840e+00
   1.1667689e-02   2.3131773e+00   3.1211060e+00
   8.8790889e-03   1.8510330e+00   2.5081660e+00
   6.7680000e-03   1.4777300e+00   2.0074820e+00
   5.4952222e-03   1.1956700e+00   1.6327080e+00
   5.4783333e-03   9.5725560e-01   1.3048990e+00
   4.0276444e-03   7.5792667e-01   1.0281440e+00
   2.3276444e-03   5.9953200e-01   8.2435650e-01
   1.6229889e-03   4.8470400e-01   6.7656600e-01
   1.4666667e-03   3.9475720e-01   5.5199100e-01
   1.1579556e-03   3.3641837e-01   4.6236810e-01
   4.3303333e-04   2.8899080e-01   3.9860800e-01
   1.4468889e-04   2.5101000e-01   3.5643420e-01
  -2.9184444e-04   2.2813200e-01   3.2952400e-01
   2.9357778e-04   2.1500677e-01   2.9457620e-01
  -4.8186763e-20   2.0826667e-01   2.6991360e-01
   2.8864444e-04   1.9794000e-01   2.6721900e-01
   2.8971111e-04   1.7971920e-01   2.5226640e-01
   2.9162222e-04   1.7176987e-01   2.4774500e-01
   7.3300000e-04   1.6692607e-01   2.3303540e-01
   2.9293333e-04   1.5966523e-01   2.1727640e-01
   4.4370000e-04   1.6179923e-01   2.1017220e-01
   7.4616667e-04   1.5796360e-01   2.2930200e-01
   4.4923333e-04   1.4842490e-01   2.1496020e-01
   1.4925556e-04   1.3980520e-01   1.9202160e-01
  -4.4503333e-04   1.4065517e-01   1.9360770e-01
  -2.9657778e-04   1.4344850e-01   2.0280650e-01
  -1.4750000e-04   1.4735137e-01   2.0860980e-01
   1.4692222e-04   1.4607707e-01   1.9421610e-01
   0.0000000e+00   1.4278867e-01   1.9425900e-01
  -4.3476667e-04   1.4658453e-01   1.9489080e-01
  -2.4093382e-20   1.5402357e-01   1.9803030e-01
   7.3666667e-04   1.5315417e-01   2.1166250e-01
  -7.3911111e-04   1.3808267e-01   2.1230210e-01
