   4.3949524e-03
   2.1752197e-03
   3.7752801e-03
   3.4608419e-03
   4.3037578e-03
   3.7365863e-03
   5.1815032e-03
   6.7663173e-03
   8.2748927e-03
   8.3453242e-03
   7.6449883e-03
   7.3840159e-03
   9.6756769e-03
   1.0805291e-02
   1.2445107e-02
   2.3700888e-02
   3.2697135e-02
   3.7004300e-02
   4.5189889e-02
   5.0370725e-02
   6.0589004e-02
   5.9757109e-02
   6.6909155e-02
   6.9800236e-02
   7.4734854e-02
   7.6982175e-02
   7.5745121e-02
   8.1006438e-02
   8.1567742e-02
   8.1716313e-02
   8.3024732e-02
   8.3530459e-02
   8.7461686e-02
   8.3126568e-02
   8.5399524e-02
   8.6980329e-02
   8.4239760e-02
   8.4753808e-02
   8.3661530e-02
   8.3494920e-02
   8.2668124e-02
   8.5818655e-02
   8.7952086e-02
   8.9244890e-02
   8.8039610e-02
   8.6645004e-02
   7.6377985e-02
   7.6599168e-02
   7.7586438e-02
   7.6332342e-02
   7.8271149e-02
   7.9319983e-02
   7.8825491e-02
   7.9098342e-02
   7.9958282e-02
   7.8564491e-02
   7.7064162e-02
   7.6963328e-02
   7.5762111e-02
   7.3831455e-02
   7.4876487e-02
   7.4385869e-02
   7.4236120e-02
   7.4925812e-02
   7.3005331e-02
   7.2744852e-02
   7.1848502e-02
   7.1639009e-02
   7.0514148e-02
   6.9832673e-02
   6.9370507e-02
   6.9802805e-02
   6.8459882e-02
   6.7600275e-02
   6.6812561e-02
   6.6460297e-02
   6.5439905e-02
   6.4936657e-02
   6.3761462e-02
   6.2445623e-02
   6.1124344e-02
   6.0342958e-02
   5.8900705e-02
   5.7642540e-02
   5.6677598e-02
   5.6271248e-02
   5.5582584e-02
   5.4852693e-02
   5.3902735e-02
   5.3132220e-02
   5.2425253e-02
   5.1759896e-02
   5.0828041e-02
   5.0017841e-02
   4.9313960e-02
   4.8761002e-02
   4.7711940e-02
   4.7137081e-02
   4.6373135e-02
   4.5855771e-02
   4.5411224e-02
   4.4717614e-02
   4.4431844e-02
   4.3637263e-02
   4.3186531e-02
   4.2704742e-02
   4.2160141e-02
   4.1605824e-02
   4.1116994e-02
   4.0588549e-02
   4.0084408e-02
   3.9528500e-02
   3.8977360e-02
   3.8573623e-02
   3.8062918e-02
   3.7554015e-02
   3.7330850e-02
   3.6956832e-02
   3.6597813e-02
   3.6109881e-02
   3.5683288e-02
   3.5382054e-02
   3.5016281e-02
   3.4643760e-02
   3.4303243e-02
   3.3984644e-02
   3.3571232e-02
   3.3276869e-02
   3.2931660e-02
   3.2641647e-02
   3.2249646e-02
   3.2055953e-02
   3.1743818e-02
   3.1403238e-02
   3.1083862e-02
   3.0832551e-02
   3.0592356e-02
   3.0295219e-02
   2.9983523e-02
   2.9669913e-02
   2.9444948e-02
   2.9151059e-02
   2.8889600e-02
   2.8589141e-02
   2.8362413e-02
   2.8039912e-02
   2.7718315e-02
   2.7402286e-02
   2.7105439e-02
   2.6773065e-02
   2.6544397e-02
   2.6302517e-02
   2.6081928e-02
   2.5835727e-02
   2.5631848e-02
   2.5416915e-02
   2.5223878e-02
   2.5047935e-02
   2.4846109e-02
   2.4647637e-02
   2.4412799e-02
   2.4179779e-02
   2.3933667e-02
   2.3755966e-02
   2.3514567e-02
   2.3320019e-02
   2.3134668e-02
   2.2877592e-02
   2.2674512e-02
   2.2438031e-02
   2.2205179e-02
   2.1977405e-02
   2.1695950e-02
   2.1442248e-02
   2.1185240e-02
   2.0954298e-02
   2.0798530e-02
   2.0572493e-02
   2.0383608e-02
   2.0207221e-02
   1.9994343e-02
   1.9758557e-02
   1.9584085e-02
   1.9371295e-02
   1.9177251e-02
   1.8951074e-02
   1.8655066e-02
   1.8400084e-02
   1.8123795e-02
   1.7803412e-02
   1.7487181e-02
   1.7168422e-02
   1.6774897e-02
   1.6390435e-02
   1.5968953e-02
   1.5561569e-02
   1.5112927e-02
   1.4653270e-02
   1.4233307e-02
   1.3808938e-02
   1.3344543e-02
   1.2871275e-02
   1.2390009e-02
   1.1869408e-02
   1.1314695e-02
   1.0772253e-02
   1.0251868e-02
   9.8247428e-03
   9.4873405e-03
   9.1911859e-03
   8.9472723e-03
   8.7573068e-03
   8.6002804e-03
   8.3862262e-03
   8.1738257e-03
   7.9989276e-03
   7.8069917e-03
   7.6301494e-03
   7.4849400e-03
   7.3562867e-03
   7.3544992e-03
   7.3222866e-03
   7.2440878e-03
   7.1036730e-03
   6.9505053e-03
   6.8062226e-03
   6.6000804e-03
   6.3849199e-03
   6.1643334e-03
   5.9632908e-03
   5.7788675e-03
   5.5911056e-03
   5.4155048e-03
   5.2547477e-03
   5.0938353e-03
   4.9691833e-03
   4.8108190e-03
   4.6919858e-03
   4.5589544e-03
   4.4513734e-03
   4.3094650e-03
   4.1983460e-03
   4.0573843e-03
   3.9349910e-03
   3.8071621e-03
   3.6041857e-03
   3.4253112e-03
   3.2773087e-03
   3.1574500e-03
   3.0338104e-03
   2.8166038e-03
   2.5695332e-03
   2.4468310e-03
   2.3609496e-03
   2.2657700e-03
   2.1707928e-03
   2.0880990e-03
   1.9838293e-03
   1.9014406e-03
   1.8175267e-03
   1.7270438e-03
   1.6413822e-03
   1.5283863e-03
   1.4531985e-03
   1.3965364e-03
   1.3516768e-03
   1.2235484e-03
   1.0407915e-03
   9.0490686e-04
   7.7299564e-04
   6.3404065e-04
   4.5889796e-04
   3.0300394e-04
   2.0011889e-04
   6.4786079e-05
  -9.0454758e-05
  -2.4135199e-04
  -3.8382353e-04
  -5.4544902e-04
  -7.0696644e-04
  -8.5300390e-04
  -9.9653426e-04
  -1.1195529e-03
  -1.2410381e-03
  -1.2810449e-03
  -1.2955888e-03
  -1.3391465e-03
  -1.4740022e-03
  -1.6273413e-03
  -1.7502255e-03
  -1.8204882e-03
  -1.8843068e-03
  -1.9825687e-03
  -2.1069552e-03
  -2.1845981e-03
  -2.3293323e-03
  -2.4715833e-03
  -2.5461565e-03
  -2.6166038e-03
  -2.6801025e-03
  -2.7180865e-03
  -2.7757253e-03
  -2.8409308e-03
  -2.8797879e-03
  -2.9385208e-03
  -2.9566452e-03
  -3.0110206e-03
  -3.0393011e-03
  -3.0961942e-03
  -3.1434134e-03
  -3.2154661e-03
  -3.2851725e-03
  -3.3573622e-03
  -3.3300463e-03
  -3.1804571e-03
  -2.8025142e-03
  -2.7877069e-03
  -3.1410446e-03
  -3.3661708e-03
  -3.5654567e-03
  -3.6563672e-03
  -3.7235824e-03
  -3.7614027e-03
  -3.8325403e-03
  -3.8521545e-03
  -3.8491375e-03
  -3.9151827e-03
  -3.9780119e-03
  -4.0484160e-03
  -4.0729798e-03
  -4.1052692e-03
  -4.1498382e-03
  -4.1661896e-03
  -4.1931628e-03
  -4.2373375e-03
  -4.2450820e-03
  -4.2578023e-03
  -4.2967179e-03
  -4.3145023e-03
  -4.3595721e-03
  -4.3867276e-03
  -4.4044073e-03
  -4.4348735e-03
  -4.4711807e-03
  -4.5059247e-03
  -4.5246080e-03
  -4.6038362e-03
  -4.6095218e-03
  -4.6129514e-03
  -4.6904563e-03
  -4.6916460e-03
  -4.6768693e-03
  -4.6853276e-03
  -4.6951319e-03
  -4.6855559e-03
  -4.7844133e-03
  -4.8718439e-03
  -4.8813617e-03
  -4.9486164e-03
  -4.9981432e-03
  -5.1221665e-03
  -5.1523486e-03
  -5.2123315e-03
  -5.2606672e-03
  -5.2865232e-03
  -5.3732059e-03
  -5.3729833e-03
  -5.4641497e-03
  -5.5280294e-03
  -5.5162485e-03
  -5.6013677e-03
  -5.6344819e-03
  -5.6818245e-03
  -5.6962188e-03
  -5.7455497e-03
  -5.8018766e-03
  -5.8110021e-03
  -5.8523704e-03
  -5.8373458e-03
  -5.8898192e-03
  -5.8977390e-03
  -5.9237075e-03
  -5.9645868e-03
  -5.9720516e-03
  -6.0401827e-03
  -6.0295939e-03
  -6.0788391e-03
  -6.1450621e-03
  -6.1195343e-03
  -6.1224246e-03
  -6.1899052e-03
  -6.2037213e-03
  -6.1819077e-03
  -6.2098108e-03
  -6.2381195e-03
  -6.2620152e-03
  -6.3322211e-03
  -6.2472918e-03
  -6.3808467e-03
  -6.4074575e-03
  -6.3447296e-03
  -6.4064099e-03
  -6.3977856e-03
  -6.4460147e-03
  -6.5057700e-03
  -6.5570098e-03
  -6.6148570e-03
  -6.5792675e-03
  -6.5751671e-03
  -6.5798003e-03
  -6.5330392e-03
  -6.5805503e-03
  -6.5210558e-03
  -6.5248345e-03
  -6.6102082e-03
  -6.6958933e-03
  -6.6322411e-03
  -6.7420570e-03
  -6.6658199e-03
  -6.5007901e-03
  -6.6218496e-03
  -6.5802924e-03
  -6.5917381e-03
  -6.5532358e-03
  -6.5978613e-03
  -6.6786281e-03
  -6.7306201e-03
  -6.7784968e-03
  -6.8761823e-03
  -6.7727317e-03
  -6.9169475e-03
  -6.8837383e-03
  -6.8475985e-03
  -6.8381397e-03
  -6.6213450e-03
  -6.6062369e-03
  -5.9153881e-03
  -5.8516856e-03
  -5.5522857e-03
  -5.7308412e-03
  -5.9057765e-03
  -6.3942665e-03
  -6.4187569e-03
  -6.4308197e-03
  -6.4322613e-03
  -6.1809151e-03
  -6.0788770e-03
  -6.3399516e-03
  -6.2140468e-03
  -6.5175328e-03
  -5.9922859e-03
  -6.3985480e-03
  -6.2518385e-03
  -6.4762636e-03
  -6.3206676e-03
  -6.4335982e-03
  -6.5382612e-03
  -6.5332818e-03
  -6.5832155e-03
  -6.7515527e-03
  -6.8935056e-03
  -7.0776795e-03
  -6.7950098e-03
  -7.0403212e-03
  -7.0403212e-03
  -7.1552098e-03
  -7.0626570e-03
  -6.9906617e-03
  -6.9845449e-03
  -6.8006679e-03
  -6.9238860e-03
  -6.9764050e-03
  -6.9857397e-03
  -6.9983876e-03
  -6.9691908e-03
  -7.1750446e-03
  -7.2116582e-03
  -6.9594931e-03
  -7.0608793e-03
  -6.9303773e-03
  -6.8917656e-03
  -7.0315412e-03
  -6.9210544e-03
  -7.0222879e-03
  -7.0673591e-03
  -6.7175000e-03
  -7.1562032e-03
  -6.7770272e-03
  -6.6091850e-03
  -7.3142229e-03
  -6.8987448e-03
  -6.9965170e-03
  -7.0501643e-03
  -6.8599492e-03
  -7.0935201e-03
  -7.1676200e-03
  -7.2062380e-03
  -7.4680067e-03
  -7.1456523e-03
  -7.3019155e-03
  -7.3645811e-03
  -7.3314673e-03
  -7.3336944e-03
  -7.3350512e-03
  -7.3397502e-03
  -7.3519042e-03
  -7.3639657e-03
  -7.3713459e-03
  -7.3655845e-03
  -7.3531273e-03
  -7.3407047e-03
  -7.3340311e-03
  -7.3385719e-03
  -7.3483918e-03
  -7.3581988e-03
  -7.3634719e-03
  -7.3623748e-03
  -7.3599985e-03
  -7.3576224e-03
  -7.3563433e-03
  -7.3533761e-03
  -7.3478580e-03
  -7.3423271e-03
  -7.3393458e-03
  -7.3439885e-03
  -7.3540686e-03
  -7.3641745e-03
  -7.3696250e-03
  -7.3769696e-03
  -7.4175157e-03
  -7.4449882e-03
  -7.4778323e-03
  -7.5036729e-03
  -7.4779851e-03
  -7.4862248e-03
  -7.4881292e-03
  -7.4848052e-03
  -7.4953878e-03
  -7.5180575e-03
  -7.5905050e-03
  -7.6103223e-03
  -7.5631273e-03
  -7.5952540e-03
  -7.5611740e-03
  -7.4341625e-03
  -7.2954378e-03
  -7.1472875e-03
  -7.0302866e-03
  -7.0053165e-03
  -7.0346076e-03
  -7.0529146e-03
  -7.0283523e-03
  -7.0429520e-03
  -7.2649646e-03
  -7.3687138e-03
  -7.5703075e-03
  -7.6869083e-03
  -7.6173481e-03
  -7.6472795e-03
  -7.7652298e-03
  -7.8340129e-03
  -7.9400003e-03
  -7.9862308e-03
  -7.9786180e-03
  -8.0361173e-03
  -8.1017325e-03
  -8.1186510e-03
  -7.9982482e-03
  -7.9048726e-03
  -7.8901915e-03
  -7.8987937e-03
  -7.9528118e-03
  -7.9352110e-03
  -7.8850685e-03
  -7.9159102e-03
  -7.9326949e-03
  -7.9355916e-03
  -7.9349326e-03
  -7.9055953e-03
  -7.9738787e-03
  -8.0378631e-03
  -8.1265262e-03
  -8.2211379e-03
  -8.2555450e-03
  -8.3385592e-03
  -8.4319996e-03
  -8.3893621e-03
  -8.3714651e-03
  -8.4119033e-03
  -8.4303837e-03
  -8.4889380e-03
  -8.5095331e-03
  -8.5367726e-03
  -8.5596632e-03
  -8.5617196e-03
  -8.5741403e-03
  -8.4689885e-03
  -8.3713334e-03
  -8.3803680e-03
  -8.3631701e-03
  -8.3749774e-03
  -8.4504409e-03
  -8.4988139e-03
  -8.5479002e-03
  -8.6087697e-03
  -8.6392617e-03
  -8.6650429e-03
  -8.7026612e-03
  -8.6588957e-03
  -8.5907788e-03
  -8.6438063e-03
  -8.7217647e-03
  -8.5818634e-03
  -8.4013098e-03
  -8.5946540e-03
  -8.3139495e-03
  -8.1108138e-03
  -8.3541540e-03
  -8.3633324e-03
  -7.6251814e-03
  -6.9189386e-03
  -6.1741006e-03
  -6.4879575e-03
  -6.6983528e-03
  -5.4752946e-03
  -4.9599892e-03
  -5.1704380e-03
  -6.4796717e-03
  -6.5218178e-03
  -6.6493520e-03
  -7.5053882e-03
  -8.2075275e-03
  -7.7377726e-03
  -7.7392100e-03
  -8.4004366e-03
  -8.4587597e-03
  -8.6438169e-03
  -8.6303470e-03
  -8.7117184e-03
  -8.7086171e-03
  -8.5061528e-03
  -8.7332823e-03
  -8.8533246e-03
  -8.8809183e-03
  -9.0667446e-03
  -9.0263823e-03
  -9.0705647e-03
  -9.2397697e-03
  -9.3591511e-03
  -9.3339384e-03
  -9.3166803e-03
  -9.2568978e-03
  -9.3141438e-03
  -9.4137417e-03
  -9.4585509e-03
  -9.4115001e-03
  -9.3569060e-03
  -9.4955178e-03
  -9.5732455e-03
  -9.5897813e-03
  -9.5888577e-03
  -9.5322961e-03
  -9.5613659e-03
  -9.6264190e-03
  -9.6043182e-03
  -9.5654308e-03
  -9.6355953e-03
  -9.7325467e-03
  -9.7118003e-03
  -9.6868778e-03
  -9.7208589e-03
  -9.6763377e-03
  -9.6278804e-03
  -9.6541001e-03
  -9.7289505e-03
  -9.7237240e-03
  -9.7228370e-03
  -9.7372702e-03
  -9.7519173e-03
  -9.8327062e-03
  -9.8279575e-03
  -9.7214806e-03
  -9.7360087e-03
  -9.7956670e-03
  -9.7101266e-03
  -9.7653044e-03
  -9.7919368e-03
  -9.7409696e-03
  -9.7027240e-03
  -9.7671277e-03
  -9.8017622e-03
  -9.7921975e-03
  -9.8429272e-03
  -9.7650538e-03
  -9.7898968e-03
  -9.8157655e-03
  -9.7949882e-03
  -9.8044533e-03
  -9.8898920e-03
  -9.8648669e-03
  -9.8898811e-03
  -9.9761676e-03
  -1.0014975e-02
  -1.0008191e-02
  -1.0007553e-02
  -9.9565619e-03
  -9.9986733e-03
  -9.9895568e-03
  -1.0024975e-02
  -1.0025325e-02
  -9.9030195e-03
  -9.9743416e-03
  -1.0000523e-02
  -1.0008436e-02
  -9.9969504e-03
  -9.9543869e-03
  -9.9658353e-03
  -1.0047336e-02
  -9.9617628e-03
  -1.0004184e-02
  -1.0018387e-02
  -9.9961518e-03
  -1.0131864e-02
  -1.0167728e-02
  -1.0092718e-02
  -1.0118371e-02
  -1.0102178e-02
  -1.0058374e-02
  -1.0091760e-02
  -9.9640735e-03
  -1.0110899e-02
  -1.0053213e-02
  -9.9602280e-03
  -9.7365839e-03
  -9.7577175e-03
  -1.0047413e-02
  -1.0187296e-02
  -1.0320800e-02
  -1.0256018e-02
  -9.4469346e-03
  -9.7946647e-03
  -1.0704196e-02
  -1.0927015e-02
  -1.0645274e-02
  -1.1029444e-02
  -1.2399147e-02
  -1.2693154e-02
  -1.3763066e-02
  -1.2579766e-02
  -1.4352396e-02
  -1.2698120e-02
  -1.2103049e-02
  -1.1719382e-02
  -1.0178464e-02
  -1.2320494e-02
  -1.2208464e-02
  -9.5597405e-03
  -1.0753500e-02
  -1.2765333e-02
  -1.5811967e-02
  -1.4618964e-02
  -1.3845655e-02
  -1.3233785e-02
  -1.3672313e-02
  -1.6221096e-02
  -1.4467215e-02
  -9.9786631e-03
  -1.5579432e-02
