  -1.4332144e-03
  -7.4073165e-04
   3.4008319e-03
   5.5778077e-04
   1.8314698e-03
   5.9828378e-04
   2.0939440e-03
  -6.2299564e-05
   2.4185625e-03
   1.8979293e-03
  -5.2387054e-04
   2.3520810e-03
   2.1436679e-03
   2.6832208e-03
   7.9640786e-04
   6.8375194e-04
   1.7812326e-03
   2.2779354e-03
   1.7371990e-03
   1.4938811e-03
   2.1211217e-03
   1.9539750e-03
   2.8390198e-03
   2.7615558e-03
   3.0667483e-03
   3.4665702e-03
   3.5123208e-03
   3.5773217e-03
   3.8210272e-03
   3.8510468e-03
   3.9367976e-03
   3.9742209e-03
   4.4598819e-03
   4.2364817e-03
   4.5119009e-03
   4.6939751e-03
   4.5243354e-03
   4.6477680e-03
   4.6632038e-03
   4.8062751e-03
   4.8181792e-03
   5.1451590e-03
   5.4744087e-03
   5.7725710e-03
   5.6251461e-03
   5.7866551e-03
   4.8945330e-03
   4.9726937e-03
   5.2021486e-03
   5.1684602e-03
   5.5194710e-03
   5.8218533e-03
   5.8847739e-03
   6.0079871e-03
   6.2577135e-03
   6.2559106e-03
   6.1550504e-03
   6.3860348e-03
   6.4005832e-03
   6.4268437e-03
   6.6714641e-03
   6.7459989e-03
   6.8684666e-03
   7.0695625e-03
   7.0155740e-03
   7.3141701e-03
   7.4218884e-03
   7.6238636e-03
   7.6921587e-03
   7.8133182e-03
   7.8574601e-03
   8.1139568e-03
   8.1401628e-03
   8.2858311e-03
   8.3893729e-03
   8.4993254e-03
   8.4686380e-03
   8.5703369e-03
   8.5937911e-03
   8.6974919e-03
   8.6846981e-03
   8.8315065e-03
   8.8162175e-03
   8.8465220e-03
   8.8546116e-03
   8.9591860e-03
   9.0456989e-03
   9.1372863e-03
   9.1962169e-03
   9.2924507e-03
   9.4022892e-03
   9.5485094e-03
   9.6125355e-03
   9.7296034e-03
   9.8897800e-03
   1.0067704e-02
   1.0153687e-02
   1.0352264e-02
   1.0417941e-02
   1.0572657e-02
   1.0703651e-02
   1.0857633e-02
   1.1101393e-02
   1.1168955e-02
   1.1333621e-02
   1.1490399e-02
   1.1672443e-02
   1.1862649e-02
   1.2036257e-02
   1.2173321e-02
   1.2346124e-02
   1.2487338e-02
   1.2619814e-02
   1.2794074e-02
   1.2941498e-02
   1.3092341e-02
   1.3240153e-02
   1.3361877e-02
   1.3509684e-02
   1.3609807e-02
   1.3739006e-02
   1.3931205e-02
   1.4089174e-02
   1.4241213e-02
   1.4423521e-02
   1.4593114e-02
   1.4758392e-02
   1.4926740e-02
   1.5083255e-02
   1.5265170e-02
   1.5419281e-02
   1.5668230e-02
   1.5834907e-02
   1.5932970e-02
   1.6021414e-02
   1.6147579e-02
   1.6301611e-02
   1.6420615e-02
   1.6531221e-02
   1.6642140e-02
   1.6765758e-02
   1.6862243e-02
   1.6977216e-02
   1.7068276e-02
   1.7174674e-02
   1.7234860e-02
   1.7268287e-02
   1.7262258e-02
   1.7293530e-02
   1.7273596e-02
   1.7352211e-02
   1.7447951e-02
   1.7571827e-02
   1.7693997e-02
   1.7821989e-02
   1.7942821e-02
   1.8035743e-02
   1.8144336e-02
   1.8223334e-02
   1.8327024e-02
   1.8399546e-02
   1.8458977e-02
   1.8467780e-02
   1.8559197e-02
   1.8598285e-02
   1.8641534e-02
   1.8682760e-02
   1.8692590e-02
   1.8719657e-02
   1.8714881e-02
   1.8720306e-02
   1.8662047e-02
   1.8620649e-02
   1.8591842e-02
   1.8567783e-02
   1.8590718e-02
   1.8624646e-02
   1.8624265e-02
   1.8649139e-02
   1.8657432e-02
   1.8673781e-02
   1.8641100e-02
   1.8638459e-02
   1.8588710e-02
   1.8561978e-02
   1.8463402e-02
   1.8338441e-02
   1.8199190e-02
   1.8042812e-02
   1.7816883e-02
   1.7582314e-02
   1.7289588e-02
   1.6932922e-02
   1.6565858e-02
   1.6122080e-02
   1.5698028e-02
   1.5196714e-02
   1.4699135e-02
   1.4193924e-02
   1.3660405e-02
   1.3149148e-02
   1.2618825e-02
   1.2050969e-02
   1.1432058e-02
   1.0765349e-02
   1.0118041e-02
   9.4717940e-03
   9.0139327e-03
   8.6221257e-03
   8.3783371e-03
   8.2083105e-03
   8.0780216e-03
   7.9864018e-03
   7.8832220e-03
   7.7745698e-03
   7.6970553e-03
   7.6239241e-03
   7.5234329e-03
   7.4639613e-03
   7.4028475e-03
   7.3455198e-03
   7.3094811e-03
   7.2506817e-03
   7.1447529e-03
   7.0774666e-03
   6.9879130e-03
   6.9186011e-03
   6.8448865e-03
   6.7637139e-03
   6.6754534e-03
   6.6198602e-03
   6.5705200e-03
   6.5083302e-03
   6.4344350e-03
   6.3606195e-03
   6.3053780e-03
   6.2184877e-03
   6.1452134e-03
   6.0478539e-03
   6.0030196e-03
   5.9358068e-03
   5.8106803e-03
   5.7184620e-03
   5.5892307e-03
   5.4422795e-03
   5.2659104e-03
   5.1234146e-03
   5.0167559e-03
   4.9065532e-03
   4.8196379e-03
   4.7284420e-03
   4.6191991e-03
   4.5635251e-03
   4.5150974e-03
   4.4883007e-03
   4.4788483e-03
   4.4380283e-03
   4.4146182e-03
   4.4030767e-03
   4.3673726e-03
   4.3339036e-03
   4.3025889e-03
   4.2770178e-03
   4.2112674e-03
   4.1672665e-03
   4.0901059e-03
   3.9855192e-03
   3.8559092e-03
   3.7552659e-03
   3.6262598e-03
   3.4984653e-03
   3.3734324e-03
   3.2171605e-03
   3.0908096e-03
   2.9432484e-03
   2.7916293e-03
   2.6418080e-03
   2.5047414e-03
   2.3521652e-03
   2.2149412e-03
   2.0619488e-03
   1.9033427e-03
   1.7869820e-03
   1.5965780e-03
   1.4574846e-03
   1.3102822e-03
   1.1132008e-03
   1.0482598e-03
   9.5029573e-04
   8.1765274e-04
   7.3068457e-04
   6.4664656e-04
   5.8757124e-04
   4.8393460e-04
   4.0187487e-04
   3.0731168e-04
   2.8588422e-04
   2.1522013e-04
   1.7006236e-04
   1.5925928e-04
   1.6648320e-04
   1.5955955e-04
   1.3212613e-04
   1.4415776e-04
   1.3219381e-04
   1.2881009e-04
   1.2137693e-04
   1.0353783e-04
   1.1797587e-04
   9.9037800e-05
   1.1759044e-04
   8.1790571e-05
   4.9138755e-05
   5.0910751e-05
   6.6378207e-06
   2.5444348e-05
   8.3264753e-05
  -2.2181709e-05
   3.9878078e-05
   6.1983950e-05
   6.8641861e-06
   4.5536673e-05
   2.8907023e-05
   5.2186231e-05
   7.7956678e-05
   8.3379266e-05
   5.7485114e-05
   7.5251891e-05
   2.9241569e-05
   7.8399443e-05
   4.3963242e-05
   9.8293275e-05
   6.6805381e-05
   9.5518271e-05
   3.2667594e-05
   8.3092567e-05
   6.1181739e-05
   7.4765415e-05
   1.3224683e-04
   7.1061058e-05
   1.3311615e-04
   1.3015506e-04
   1.9345822e-04
   1.7996220e-04
   1.2703100e-04
   1.4927670e-04
   1.6957430e-04
   2.0782987e-04
   2.4507488e-04
   1.2274680e-04
   4.9078270e-05
   8.6348094e-05
   5.8670546e-05
   1.2877488e-06
   1.2914821e-04
   6.8522649e-05
   5.8244667e-05
   2.7112257e-05
  -3.3252871e-05
  -5.9825984e-05
  -5.2530721e-05
  -1.5074444e-04
  -8.3926729e-05
  -1.3469827e-04
  -1.3542130e-04
  -1.5799251e-04
  -1.1165631e-04
  -1.6550769e-04
  -3.3461366e-04
  -1.8484085e-04
  -3.0717313e-04
  -2.6668020e-04
  -2.3667086e-04
  -2.1451727e-04
  -3.1972593e-04
  -2.8613557e-04
  -2.7592079e-04
  -3.3290148e-04
  -2.9817591e-04
  -3.4235043e-04
  -3.5416408e-04
  -2.8357337e-04
  -2.3453317e-04
  -3.4266878e-04
  -3.3027614e-04
  -3.4344099e-04
  -2.8009614e-04
  -3.5684381e-04
  -3.0059306e-04
  -2.8638146e-04
  -3.2961509e-04
  -4.0681867e-04
  -2.8334072e-04
  -2.4230258e-04
  -2.7338052e-04
  -3.2406699e-04
  -3.6397329e-04
  -3.7344970e-04
  -3.7904805e-04
  -4.8410088e-04
  -3.4212385e-04
  -4.3835367e-04
  -4.8047285e-04
  -4.3154317e-04
  -4.6440275e-04
  -4.2592123e-04
  -5.0818544e-04
  -3.9891520e-04
  -5.4024524e-04
  -5.6176334e-04
  -4.4272561e-04
  -5.2053212e-04
  -5.2701182e-04
  -6.0492549e-04
  -5.0121367e-04
  -7.1853930e-04
  -4.7755845e-04
  -5.9448498e-04
  -4.9456024e-04
  -5.6239917e-04
  -5.2690005e-04
  -3.9352985e-04
  -5.4414132e-04
  -5.8057710e-04
  -4.5998026e-04
  -6.5025069e-04
  -3.1874429e-04
  -5.2684014e-04
  -6.0039192e-04
  -3.8939260e-04
  -4.5379450e-04
  -6.1565542e-04
  -3.2273483e-04
  -4.0749522e-04
  -2.2963111e-04
  -4.9716183e-04
  -5.7177950e-04
   2.4475131e-04
  -2.3863801e-04
  -6.3205551e-04
  -2.2428566e-04
  -5.7131356e-04
  -7.0895362e-04
  -2.4616202e-04
  -4.7207421e-04
  -2.2256261e-04
  -5.9637707e-04
  -9.6708673e-04
  -3.3249147e-04
  -3.1710060e-04
   7.5690988e-05
  -4.7890990e-04
  -5.5484129e-04
  -1.4694679e-04
  -3.6695746e-04
  -1.4152335e-04
  -8.5262264e-05
  -5.5937680e-04
  -3.6290974e-04
  -2.9869575e-04
  -2.1965007e-04
  -3.3466811e-04
  -2.1260810e-04
  -4.6983454e-04
  -4.6983454e-04
  -1.8924616e-04
  -1.2427418e-04
  -1.2360309e-04
  -1.2354019e-04
  -2.0547119e-05
   8.6221134e-05
  -5.2227045e-05
  -7.6839057e-05
  -1.1627752e-04
   6.4033064e-05
  -9.5084501e-05
  -1.2338738e-04
   4.7821989e-05
   5.3550418e-04
   3.7562782e-05
  -1.0976792e-04
  -6.6379328e-05
   3.2442839e-04
   3.2360613e-04
   3.2324118e-04
  -6.4528325e-05
   9.0469590e-05
   1.4801366e-04
   1.7348118e-04
   1.9973039e-04
   7.1793589e-04
  -1.1524869e-04
  -5.2803415e-04
  -2.4707467e-04
  -3.6613182e-05
  -2.5755578e-04
  -3.5479676e-04
  -7.5793148e-04
  -1.6720001e-05
  -2.7833193e-04
  -3.5349138e-04
  -1.8223716e-04
  -1.5381911e-04
  -1.3645966e-04
  -1.3101192e-04
  -1.1692407e-04
  -1.0294119e-04
  -9.4389172e-05
  -4.4164960e-05
   6.4430549e-05
   1.7271892e-04
   2.3089744e-04
   2.1983850e-04
   1.9591464e-04
   1.7202784e-04
   1.5918266e-04
   1.5090648e-04
   1.3297112e-04
   1.1502815e-04
   1.0536325e-04
   8.8184564e-05
   5.6223032e-05
   2.4193571e-05
   6.9186702e-06
   3.9652825e-06
  -2.4404369e-06
  -8.8661944e-06
  -1.2329301e-05
   1.6805647e-05
   1.7760298e-04
   2.7617868e-05
  -5.8893110e-05
   1.3667803e-05
   1.2538391e-04
   1.0902902e-04
   2.4823493e-04
   2.3653697e-04
   1.0897301e-04
   2.3315557e-04
   1.5068946e-04
   1.2831742e-05
   9.8341916e-05
   4.6108683e-05
   1.6088036e-04
   1.7899763e-04
   3.0742647e-04
   3.7552139e-04
   2.6785127e-04
   2.3626907e-04
   2.2262768e-04
   6.0265719e-05
   3.2146868e-04
   4.8674996e-04
  -7.8112718e-05
  -2.4887988e-04
  -3.0655147e-04
  -4.6253404e-04
  -4.6703731e-04
  -6.7095259e-04
  -6.5729966e-04
  -6.2362300e-04
  -2.4758477e-04
  -1.7277690e-04
  -2.2431288e-05
   3.1633735e-05
  -1.4987916e-04
  -2.2779075e-04
  -6.1209240e-05
   7.4015730e-05
   1.1728152e-04
   8.3658885e-05
  -7.5684323e-05
  -7.2921365e-05
   5.8447033e-05
  -1.2483592e-04
  -5.7135043e-05
   4.1905600e-05
   2.6227186e-05
   2.5647049e-05
   8.4749695e-05
   1.2696014e-05
  -4.1225697e-05
   7.0573630e-05
   7.6653512e-05
  -3.8852511e-05
  -1.4996270e-04
   7.2445147e-05
   9.0741120e-05
  -6.0808324e-05
  -2.2376565e-04
  -2.2869147e-04
  -1.7870752e-04
  -2.9749777e-04
  -1.2849364e-04
  -3.1084884e-05
  -4.4121544e-05
   1.0398954e-05
   1.0522856e-04
   9.6976918e-05
  -5.4419497e-05
  -3.5082635e-05
  -2.9035205e-05
  -1.8890911e-05
  -2.0357697e-04
  -2.6295201e-04
  -1.7778775e-04
  -2.3660359e-04
  -2.0724899e-04
  -1.7210332e-04
  -4.6613092e-04
  -6.2502965e-04
  -4.5229052e-04
  -6.1071186e-04
  -5.7243819e-04
  -6.6165477e-04
   2.3118967e-04
  -6.9823458e-04
  -4.4033181e-04
  -4.3894370e-04
  -1.5361410e-03
  -2.4221413e-04
  -2.0214561e-03
  -3.7144424e-03
  -3.3570850e-04
  -2.8113188e-04
  -6.5130900e-04
  -7.0596873e-04
  -6.7228823e-04
  -5.6249418e-04
  -6.7333210e-04
  -7.9295610e-04
  -2.3225759e-03
  -1.3512786e-03
  -7.2604059e-04
  -6.6634500e-04
  -1.3791847e-03
  -8.2651682e-04
  -7.7310826e-04
  -1.4979411e-03
  -6.8789629e-04
  -4.2702818e-04
  -4.1890265e-04
  -6.4558022e-04
  -6.4454803e-04
  -6.3027768e-04
  -6.3623150e-04
  -6.9175700e-04
  -8.4438545e-04
  -7.2952742e-04
  -5.9885635e-04
  -2.3436827e-04
  -1.9665326e-04
  -1.9642054e-04
  -6.4903550e-05
  -1.9685364e-04
  -3.6860107e-04
  -1.9878078e-04
  -2.1053800e-04
  -3.6747224e-04
  -3.0014521e-04
  -3.5584936e-04
  -3.3161817e-04
  -1.9257320e-04
  -2.7860560e-04
  -3.5242503e-04
  -2.6022922e-04
  -1.7077274e-04
  -2.6186209e-04
  -2.0188222e-04
  -2.6919009e-04
  -3.3930005e-04
  -1.7709758e-04
  -1.7293992e-04
  -2.3130758e-04
  -4.0040757e-04
  -3.3255000e-04
  -1.8693989e-04
  -1.0172615e-04
  -2.5848129e-04
  -4.3466922e-04
  -5.0042737e-04
  -4.9676847e-04
  -3.3501247e-04
  -4.0343783e-04
  -2.2404146e-04
  -3.9144209e-04
  -4.7439021e-04
  -3.6337742e-04
  -2.1334080e-04
  -1.3752051e-04
  -3.7440958e-04
  -3.8731631e-04
  -2.1769423e-04
  -1.2266734e-04
  -1.9799971e-04
  -2.8322383e-04
  -2.9775882e-04
  -3.0000915e-04
  -3.9393035e-04
  -1.8284706e-04
  -3.5099371e-04
  -4.6900910e-04
  -5.0732687e-04
  -4.9996060e-04
  -3.9335990e-04
  -4.9606026e-04
  -4.8460211e-04
  -2.7000581e-04
  -3.7764651e-04
  -4.8559535e-04
  -4.8043223e-04
  -5.5377790e-05
  -2.8585680e-04
  -5.2542410e-04
  -3.8703252e-04
  -2.1207017e-04
  -3.3681981e-04
  -4.7212958e-04
  -4.7360100e-04
  -6.7849333e-05
  -2.2641942e-04
  -5.3286377e-04
  -5.3278583e-04
  -4.9608979e-04
  -5.2433271e-04
  -7.1007333e-04
  -7.2147967e-04
  -5.7763415e-04
  -5.8393171e-04
  -5.3076945e-04
  -7.0570150e-04
  -4.8328096e-04
  -5.1979600e-04
  -6.0943298e-04
  -2.8410759e-04
  -5.7371652e-04
  -9.9748969e-04
  -1.0467087e-03
  -1.9348892e-03
  -1.3913076e-03
  -4.4846361e-04
  -4.7672227e-03
  -7.4864402e-03
  -4.7287361e-03
  -3.4053441e-03
  -3.0538126e-04
   3.1355064e-04
  -3.4502182e-03
  -5.6837364e-05
  -1.0545763e-03
  -1.0776190e-02
  -1.5950558e-02
  -4.9048336e-03
   7.4832887e-04
  -1.1514678e-04
  -7.5355790e-03
  -1.6973203e-02
  -6.1431119e-03
  -7.8263619e-04
  -6.8376171e-03
  -1.1997920e-02
  -1.2600690e-02
  -7.7039913e-03
   5.3522751e-04
   5.8286362e-05
   4.7580965e-03
  -6.5130900e-04
  -3.0169315e-02
