   8.8653797e-03
   6.6456471e-03
   8.2457075e-03
   7.9312693e-03
   8.7741852e-03
   8.2070136e-03
   9.6519305e-03
   1.1236745e-02
   1.2745320e-02
   1.2815752e-02
   1.2115416e-02
   1.1854443e-02
   1.4146104e-02
   1.5275718e-02
   1.6915534e-02
   2.8171315e-02
   3.7167563e-02
   4.1474727e-02
   4.9660316e-02
   5.4841152e-02
   6.5059431e-02
   6.4227537e-02
   7.1379582e-02
   7.4270664e-02
   7.9205281e-02
   8.1452602e-02
   8.0215548e-02
   8.5476866e-02
   8.6038169e-02
   8.6186741e-02
   8.7495159e-02
   8.8000887e-02
   9.1932113e-02
   8.7596995e-02
   8.9869951e-02
   9.1450756e-02
   8.8710188e-02
   8.9224235e-02
   8.8131957e-02
   8.7965347e-02
   8.7138551e-02
   9.0289083e-02
   9.2422513e-02
   9.3715317e-02
   9.2510037e-02
   9.1115431e-02
   8.0848412e-02
   8.1069596e-02
   8.2056865e-02
   8.0802769e-02
   8.2741577e-02
   8.3790410e-02
   8.3295919e-02
   8.3568769e-02
   8.4428710e-02
   8.3034918e-02
   8.1534589e-02
   8.1433755e-02
   8.0232538e-02
   7.8301882e-02
   7.9346915e-02
   7.8856296e-02
   7.8706547e-02
   7.9396239e-02
   7.7475758e-02
   7.7215279e-02
   7.6318930e-02
   7.6109437e-02
   7.4984575e-02
   7.4303101e-02
   7.3840934e-02
   7.4273232e-02
   7.2930309e-02
   7.2070702e-02
   7.1282988e-02
   7.0930725e-02
   6.9910333e-02
   6.9407084e-02
   6.8231889e-02
   6.6916050e-02
   6.5594772e-02
   6.4813386e-02
   6.3371132e-02
   6.2112968e-02
   6.1148025e-02
   6.0741676e-02
   6.0053011e-02
   5.9323120e-02
   5.8373162e-02
   5.7602647e-02
   5.6895680e-02
   5.6230323e-02
   5.5298468e-02
   5.4488268e-02
   5.3784388e-02
   5.3231430e-02
   5.2182367e-02
   5.1607508e-02
   5.0843563e-02
   5.0326198e-02
   4.9881652e-02
   4.9188042e-02
   4.8902271e-02
   4.8107690e-02
   4.7656958e-02
   4.7175169e-02
   4.6630568e-02
   4.6076252e-02
   4.5587422e-02
   4.5058977e-02
   4.4554835e-02
   4.3998928e-02
   4.3447788e-02
   4.3044050e-02
   4.2533346e-02
   4.2024442e-02
   4.1801278e-02
   4.1427260e-02
   4.1068240e-02
   4.0580308e-02
   4.0153715e-02
   3.9852481e-02
   3.9486708e-02
   3.9114187e-02
   3.8773670e-02
   3.8455071e-02
   3.8041660e-02
   3.7747296e-02
   3.7402087e-02
   3.7112075e-02
   3.6720073e-02
   3.6526380e-02
   3.6214245e-02
   3.5873666e-02
   3.5554290e-02
   3.5302978e-02
   3.5062783e-02
   3.4765646e-02
   3.4453951e-02
   3.4140340e-02
   3.3915375e-02
   3.3621487e-02
   3.3360027e-02
   3.3059568e-02
   3.2832840e-02
   3.2510339e-02
   3.2188742e-02
   3.1872713e-02
   3.1575867e-02
   3.1243492e-02
   3.1014824e-02
   3.0772945e-02
   3.0552355e-02
   3.0306155e-02
   3.0102276e-02
   2.9887342e-02
   2.9694305e-02
   2.9518362e-02
   2.9316536e-02
   2.9118064e-02
   2.8883227e-02
   2.8650206e-02
   2.8404094e-02
   2.8226394e-02
   2.7984994e-02
   2.7790446e-02
   2.7605095e-02
   2.7348019e-02
   2.7144939e-02
   2.6908459e-02
   2.6675606e-02
   2.6447832e-02
   2.6166378e-02
   2.5912676e-02
   2.5655667e-02
   2.5424726e-02
   2.5268957e-02
   2.5042920e-02
   2.4854035e-02
   2.4677648e-02
   2.4464771e-02
   2.4228985e-02
   2.4054512e-02
   2.3841723e-02
   2.3647678e-02
   2.3421502e-02
   2.3125493e-02
   2.2870512e-02
   2.2594223e-02
   2.2273840e-02
   2.1957609e-02
   2.1638849e-02
   2.1245324e-02
   2.0860863e-02
   2.0439380e-02
   2.0031997e-02
   1.9583355e-02
   1.9123697e-02
   1.8703735e-02
   1.8279365e-02
   1.7814970e-02
   1.7341702e-02
   1.6860436e-02
   1.6339835e-02
   1.5785122e-02
   1.5242680e-02
   1.4722295e-02
   1.4295170e-02
   1.3957768e-02
   1.3661613e-02
   1.3417700e-02
   1.3227734e-02
   1.3070708e-02
   1.2856654e-02
   1.2644253e-02
   1.2469355e-02
   1.2277419e-02
   1.2100577e-02
   1.1955367e-02
   1.1826714e-02
   1.1824927e-02
   1.1792714e-02
   1.1714515e-02
   1.1574100e-02
   1.1420933e-02
   1.1276650e-02
   1.1070508e-02
   1.0855347e-02
   1.0634761e-02
   1.0433718e-02
   1.0249295e-02
   1.0061533e-02
   9.8859321e-03
   9.7251751e-03
   9.5642626e-03
   9.4396106e-03
   9.2812463e-03
   9.1624131e-03
   9.0293817e-03
   8.9218008e-03
   8.7798923e-03
   8.6687733e-03
   8.5278116e-03
   8.4054184e-03
   8.2775894e-03
   8.0746131e-03
   7.8957385e-03
   7.7477361e-03
   7.6278773e-03
   7.5042378e-03
   7.2870312e-03
   7.0399606e-03
   6.9172583e-03
   6.8313769e-03
   6.7361973e-03
   6.6412202e-03
   6.5585264e-03
   6.4542566e-03
   6.3718679e-03
   6.2879540e-03
   6.1974712e-03
   6.1118095e-03
   5.9988137e-03
   5.9236259e-03
   5.8669638e-03
   5.8221042e-03
   5.6939757e-03
   5.5112189e-03
   5.3753342e-03
   5.2434230e-03
   5.1044680e-03
   4.9293253e-03
   4.7734313e-03
   4.6705462e-03
   4.5352134e-03
   4.3799726e-03
   4.2290754e-03
   4.0866038e-03
   3.9249783e-03
   3.7634609e-03
   3.6174234e-03
   3.4738931e-03
   3.3508744e-03
   3.2293893e-03
   3.1893824e-03
   3.1748386e-03
   3.1312809e-03
   2.9964252e-03
   2.8430860e-03
   2.7202019e-03
   2.6499392e-03
   2.5861205e-03
   2.4878586e-03
   2.3634722e-03
   2.2858292e-03
   2.1410951e-03
   1.9988440e-03
   1.9242708e-03
   1.8538235e-03
   1.7903249e-03
   1.7523408e-03
   1.6947021e-03
   1.6294965e-03
   1.5906394e-03
   1.5319065e-03
   1.5137822e-03
   1.4594067e-03
   1.4311263e-03
   1.3742331e-03
   1.3270139e-03
   1.2549612e-03
   1.1852549e-03
   1.1130652e-03
   1.1403811e-03
   1.2899703e-03
   1.6679132e-03
   1.6827204e-03
   1.3293828e-03
   1.1042566e-03
   9.0497066e-04
   8.1406011e-04
   7.4684494e-04
   7.0902465e-04
   6.3788707e-04
   6.1827287e-04
   6.2128984e-04
   5.5524469e-04
   4.9241548e-04
   4.2201139e-04
   3.9744752e-04
   3.6515812e-04
   3.2058913e-04
   3.0423779e-04
   2.7726460e-04
   2.3308990e-04
   2.2534537e-04
   2.1262505e-04
   1.7370941e-04
   1.5592503e-04
   1.1085524e-04
   8.3699719e-05
   6.6020013e-05
   3.5553892e-05
  -7.5335917e-07
  -3.5497309e-05
  -5.4180695e-05
  -1.3340881e-04
  -1.3909443e-04
  -1.4252408e-04
  -2.2002895e-04
  -2.2121865e-04
  -2.0644191e-04
  -2.1490022e-04
  -2.2470455e-04
  -2.1512858e-04
  -3.1398599e-04
  -4.0141655e-04
  -4.1093434e-04
  -4.7818907e-04
  -5.2771583e-04
  -6.5173913e-04
  -6.8192124e-04
  -7.4190411e-04
  -7.9023982e-04
  -8.1609581e-04
  -9.0277851e-04
  -9.0255596e-04
  -9.9372239e-04
  -1.0576021e-03
  -1.0458212e-03
  -1.1309403e-03
  -1.1640546e-03
  -1.2113972e-03
  -1.2257915e-03
  -1.2751224e-03
  -1.3314493e-03
  -1.3405747e-03
  -1.3819431e-03
  -1.3669185e-03
  -1.4193919e-03
  -1.4273116e-03
  -1.4532802e-03
  -1.4941595e-03
  -1.5016243e-03
  -1.5697554e-03
  -1.5591666e-03
  -1.6084117e-03
  -1.6746347e-03
  -1.6491069e-03
  -1.6519972e-03
  -1.7194778e-03
  -1.7332940e-03
  -1.7114804e-03
  -1.7393834e-03
  -1.7676921e-03
  -1.7915878e-03
  -1.8617937e-03
  -1.7768645e-03
  -1.9104194e-03
  -1.9370301e-03
  -1.8743023e-03
  -1.9359826e-03
  -1.9273583e-03
  -1.9755873e-03
  -2.0353427e-03
  -2.0865824e-03
  -2.1444297e-03
  -2.1088401e-03
  -2.1047398e-03
  -2.1093729e-03
  -2.0626119e-03
  -2.1101229e-03
  -2.0506285e-03
  -2.0544072e-03
  -2.1397809e-03
  -2.2254659e-03
  -2.1618138e-03
  -2.2716297e-03
  -2.1953925e-03
  -2.0303628e-03
  -2.1514223e-03
  -2.1098651e-03
  -2.1213108e-03
  -2.0828085e-03
  -2.1274339e-03
  -2.2082007e-03
  -2.2601927e-03
  -2.3080694e-03
  -2.4057549e-03
  -2.3023044e-03
  -2.4465202e-03
  -2.4133110e-03
  -2.3771712e-03
  -2.3677124e-03
  -2.1509176e-03
  -2.1358095e-03
  -1.4449607e-03
  -1.3812583e-03
  -1.0818583e-03
  -1.2604139e-03
  -1.4353491e-03
  -1.9238391e-03
  -1.9483296e-03
  -1.9603924e-03
  -1.9618340e-03
  -1.7104878e-03
  -1.6084497e-03
  -1.8695242e-03
  -1.7436194e-03
  -2.0471055e-03
  -1.5218585e-03
  -1.9281207e-03
  -1.7814112e-03
  -2.0058362e-03
  -1.8502403e-03
  -1.9631708e-03
  -2.0678338e-03
  -2.0628544e-03
  -2.1127881e-03
  -2.2811254e-03
  -2.4230783e-03
  -2.6072521e-03
  -2.3245825e-03
  -2.5698938e-03
  -2.5698938e-03
  -2.6847825e-03
  -2.5922296e-03
  -2.5202343e-03
  -2.5141176e-03
  -2.3302406e-03
  -2.4534587e-03
  -2.5059776e-03
  -2.5153123e-03
  -2.5279602e-03
  -2.4987634e-03
  -2.7046173e-03
  -2.7412308e-03
  -2.4890658e-03
  -2.5904519e-03
  -2.4599500e-03
  -2.4213383e-03
  -2.5611138e-03
  -2.4506271e-03
  -2.5518605e-03
  -2.5969317e-03
  -2.2470727e-03
  -2.6857759e-03
  -2.3065998e-03
  -2.1387576e-03
  -2.8437955e-03
  -2.4283174e-03
  -2.5260897e-03
  -2.5797370e-03
  -2.3895219e-03
  -2.6230927e-03
  -2.6971927e-03
  -2.7358107e-03
  -2.9975793e-03
  -2.6752250e-03
  -2.8314881e-03
  -2.8941538e-03
  -2.8610400e-03
  -2.8632670e-03
  -2.8646238e-03
  -2.8693229e-03
  -2.8814768e-03
  -2.8935384e-03
  -2.9009186e-03
  -2.8951572e-03
  -2.8827000e-03
  -2.8702774e-03
  -2.8636038e-03
  -2.8681446e-03
  -2.8779645e-03
  -2.8877715e-03
  -2.8930445e-03
  -2.8919474e-03
  -2.8895712e-03
  -2.8871951e-03
  -2.8859159e-03
  -2.8829488e-03
  -2.8774306e-03
  -2.8718997e-03
  -2.8689184e-03
  -2.8735611e-03
  -2.8836412e-03
  -2.8937472e-03
  -2.8991976e-03
  -2.9065422e-03
  -2.9470884e-03
  -2.9745609e-03
  -3.0074050e-03
  -3.0332456e-03
  -3.0075578e-03
  -3.0157975e-03
  -3.0177019e-03
  -3.0143778e-03
  -3.0249604e-03
  -3.0476301e-03
  -3.1200777e-03
  -3.1398949e-03
  -3.0927000e-03
  -3.1248267e-03
  -3.0907466e-03
  -2.9637351e-03
  -2.8250104e-03
  -2.6768601e-03
  -2.5598593e-03
  -2.5348892e-03
  -2.5641802e-03
  -2.5824873e-03
  -2.5579250e-03
  -2.5725246e-03
  -2.7945372e-03
  -2.8982865e-03
  -3.0998801e-03
  -3.2164810e-03
  -3.1469207e-03
  -3.1768521e-03
  -3.2948025e-03
  -3.3635856e-03
  -3.4695730e-03
  -3.5158035e-03
  -3.5081907e-03
  -3.5656900e-03
  -3.6313051e-03
  -3.6482236e-03
  -3.5278209e-03
  -3.4344452e-03
  -3.4197642e-03
  -3.4283663e-03
  -3.4823845e-03
  -3.4647837e-03
  -3.4146412e-03
  -3.4454828e-03
  -3.4622676e-03
  -3.4651643e-03
  -3.4645053e-03
  -3.4351680e-03
  -3.5034514e-03
  -3.5674357e-03
  -3.6560989e-03
  -3.7507106e-03
  -3.7851177e-03
  -3.8681318e-03
  -3.9615722e-03
  -3.9189348e-03
  -3.9010377e-03
  -3.9414759e-03
  -3.9599564e-03
  -4.0185107e-03
  -4.0391057e-03
  -4.0663453e-03
  -4.0892359e-03
  -4.0912922e-03
  -4.1037130e-03
  -3.9985611e-03
  -3.9009061e-03
  -3.9099406e-03
  -3.8927427e-03
  -3.9045501e-03
  -3.9800135e-03
  -4.0283865e-03
  -4.0774728e-03
  -4.1383424e-03
  -4.1688343e-03
  -4.1946155e-03
  -4.2322339e-03
  -4.1884683e-03
  -4.1203515e-03
  -4.1733790e-03
  -4.2513374e-03
  -4.1114361e-03
  -3.9308825e-03
  -4.1242266e-03
  -3.8435222e-03
  -3.6403864e-03
  -3.8837267e-03
  -3.8929051e-03
  -3.1547540e-03
  -2.4485112e-03
  -1.7036733e-03
  -2.0175302e-03
  -2.2279255e-03
  -1.0048673e-03
  -4.8956184e-04
  -7.0001068e-04
  -2.0092444e-03
  -2.0513905e-03
  -2.1789247e-03
  -3.0349609e-03
  -3.7371002e-03
  -3.2673453e-03
  -3.2687826e-03
  -3.9300092e-03
  -3.9883323e-03
  -4.1733896e-03
  -4.1599196e-03
  -4.2412910e-03
  -4.2381897e-03
  -4.0357254e-03
  -4.2628550e-03
  -4.3828973e-03
  -4.4104910e-03
  -4.5963173e-03
  -4.5559549e-03
  -4.6001374e-03
  -4.7693423e-03
  -4.8887238e-03
  -4.8635111e-03
  -4.8462530e-03
  -4.7864705e-03
  -4.8437165e-03
  -4.9433143e-03
  -4.9881236e-03
  -4.9410728e-03
  -4.8864787e-03
  -5.0250905e-03
  -5.1028182e-03
  -5.1193539e-03
  -5.1184303e-03
  -5.0618687e-03
  -5.0909386e-03
  -5.1559916e-03
  -5.1338908e-03
  -5.0950035e-03
  -5.1651680e-03
  -5.2621194e-03
  -5.2413730e-03
  -5.2164505e-03
  -5.2504315e-03
  -5.2059103e-03
  -5.1574530e-03
  -5.1836728e-03
  -5.2585231e-03
  -5.2532966e-03
  -5.2524097e-03
  -5.2668428e-03
  -5.2814899e-03
  -5.3622789e-03
  -5.3575301e-03
  -5.2510532e-03
  -5.2655814e-03
  -5.3252396e-03
  -5.2396992e-03
  -5.2948770e-03
  -5.3215094e-03
  -5.2705422e-03
  -5.2322967e-03
  -5.2967003e-03
  -5.3313349e-03
  -5.3217702e-03
  -5.3724999e-03
  -5.2946265e-03
  -5.3194695e-03
  -5.3453382e-03
  -5.3245608e-03
  -5.3340260e-03
  -5.4194646e-03
  -5.3944395e-03
  -5.4194537e-03
  -5.5057402e-03
  -5.5445479e-03
  -5.5377641e-03
  -5.5371254e-03
  -5.4861346e-03
  -5.5282459e-03
  -5.5191294e-03
  -5.5545476e-03
  -5.5548978e-03
  -5.4325921e-03
  -5.5039142e-03
  -5.5300957e-03
  -5.5380085e-03
  -5.5265231e-03
  -5.4839596e-03
  -5.4954080e-03
  -5.5769087e-03
  -5.4913355e-03
  -5.5337570e-03
  -5.5479592e-03
  -5.5257245e-03
  -5.6614363e-03
  -5.6973003e-03
  -5.6222902e-03
  -5.6479433e-03
  -5.6317503e-03
  -5.5879469e-03
  -5.6213329e-03
  -5.4936461e-03
  -5.6404713e-03
  -5.5827852e-03
  -5.4898007e-03
  -5.2661565e-03
  -5.2872901e-03
  -5.5769853e-03
  -5.7168687e-03
  -5.8503723e-03
  -5.7855905e-03
  -4.9765072e-03
  -5.3242373e-03
  -6.2337683e-03
  -6.4565881e-03
  -6.1748467e-03
  -6.5590169e-03
  -7.9287197e-03
  -8.2227262e-03
  -9.2926382e-03
  -8.1093385e-03
  -9.8819683e-03
  -8.2276931e-03
  -7.6326219e-03
  -7.2489549e-03
  -5.7080369e-03
  -7.8500664e-03
  -7.7380368e-03
  -5.0893132e-03
  -6.2830722e-03
  -8.2949058e-03
  -1.1341540e-02
  -1.0148537e-02
  -9.3752274e-03
  -8.7633580e-03
  -9.2018856e-03
  -1.1750668e-02
  -9.9967875e-03
  -5.5082357e-03
  -1.1109004e-02
