   1.8029630e-02
   1.3332322e-02
   1.6253281e-02
   1.4469524e-02
   2.0304990e-02
   1.9000257e-02
   2.1067745e-02
   2.3920770e-02
   2.7293352e-02
   2.6000444e-02
   2.7010386e-02
   2.4503338e-02
   3.0218354e-02
   3.2776172e-02
   3.8252022e-02
   6.0959491e-02
   8.1226629e-02
   9.1834609e-02
   1.1096042e-01
   1.2369440e-01
   1.4719606e-01
   1.4536041e-01
   1.6121215e-01
   1.6808594e-01
   1.7927417e-01
   1.8422587e-01
   1.8172150e-01
   1.9385552e-01
   1.9512742e-01
   1.9548624e-01
   1.9866556e-01
   1.9988019e-01
   2.0886847e-01
   1.9906770e-01
   2.0428217e-01
   2.0793102e-01
   2.0187224e-01
   2.0306926e-01
   2.0058115e-01
   2.0021158e-01
   1.9833110e-01
   2.0556967e-01
   2.1057846e-01
   2.1339360e-01
   2.1089503e-01
   2.0749365e-01
   1.8427271e-01
   1.8489070e-01
   1.8714588e-01
   1.8401088e-01
   1.8868322e-01
   1.9101006e-01
   1.8974471e-01
   1.9036555e-01
   1.9245005e-01
   1.8916644e-01
   1.8561895e-01
   1.8528123e-01
   1.8246189e-01
   1.7794348e-01
   1.8032076e-01
   1.7918665e-01
   1.7881050e-01
   1.8023621e-01
   1.7571331e-01
   1.7488072e-01
   1.7253839e-01
   1.7188515e-01
   1.6929586e-01
   1.6765943e-01
   1.6642439e-01
   1.6730701e-01
   1.6414558e-01
   1.6199827e-01
   1.6002606e-01
   1.5910678e-01
   1.5680716e-01
   1.5550142e-01
   1.5273009e-01
   1.4953987e-01
   1.4626598e-01
   1.4421950e-01
   1.4075965e-01
   1.3786470e-01
   1.3555795e-01
   1.3455887e-01
   1.3281888e-01
   1.3095758e-01
   1.2865116e-01
   1.2666792e-01
   1.2487716e-01
   1.2302455e-01
   1.2070598e-01
   1.1867572e-01
   1.1676010e-01
   1.1516651e-01
   1.1251219e-01
   1.1091250e-01
   1.0898148e-01
   1.0762291e-01
   1.0637179e-01
   1.0452127e-01
   1.0354158e-01
   1.0152799e-01
   1.0023315e-01
   9.8860676e-02
   9.7294526e-02
   9.5753045e-02
   9.4312325e-02
   9.2867990e-02
   9.1415283e-02
   8.9847000e-02
   8.8356793e-02
   8.7183656e-02
   8.5772593e-02
   8.4405789e-02
   8.3623232e-02
   8.2543821e-02
   8.1503666e-02
   8.0181649e-02
   7.8970652e-02
   7.7989493e-02
   7.6906669e-02
   7.5785503e-02
   7.4735047e-02
   7.3722734e-02
   7.2530497e-02
   7.1578951e-02
   7.0519597e-02
   6.9564997e-02
   6.8392510e-02
   6.7559778e-02
   6.6607529e-02
   6.5630636e-02
   6.4754172e-02
   6.3992823e-02
   6.3220725e-02
   6.2344912e-02
   6.1447371e-02
   6.0558352e-02
   5.9813791e-02
   5.8958070e-02
   5.8186307e-02
   5.7316663e-02
   5.6606716e-02
   5.5751072e-02
   5.4932878e-02
   5.4127736e-02
   5.3411461e-02
   5.2624264e-02
   5.1956732e-02
   5.1252640e-02
   5.0536763e-02
   4.9761015e-02
   4.9112058e-02
   4.8438938e-02
   4.7841275e-02
   4.7279154e-02
   4.6643847e-02
   4.6038224e-02
   4.5351174e-02
   4.4717052e-02
   4.4072647e-02
   4.3554974e-02
   4.2886253e-02
   4.2345140e-02
   4.1846377e-02
   4.1159953e-02
   4.0644734e-02
   4.0067002e-02
   3.9492554e-02
   3.9001157e-02
   3.8378351e-02
   3.7765018e-02
   3.7198287e-02
   3.6644888e-02
   3.6229012e-02
   3.5662460e-02
   3.5159645e-02
   3.4701411e-02
   3.4190011e-02
   3.3642800e-02
   3.3233680e-02
   3.2781330e-02
   3.2362490e-02
   3.1941139e-02
   3.1389112e-02
   3.0968175e-02
   3.0525343e-02
   3.0042645e-02
   2.9608232e-02
   2.9217718e-02
   2.8740504e-02
   2.8304368e-02
   2.7896119e-02
   2.7514267e-02
   2.7116398e-02
   2.6679209e-02
   2.6364333e-02
   2.6053931e-02
   2.5672418e-02
   2.5258315e-02
   2.4851826e-02
   2.4435104e-02
   2.4037662e-02
   2.3589137e-02
   2.3192893e-02
   2.2832688e-02
   2.2530127e-02
   2.2156523e-02
   2.1790140e-02
   2.1485044e-02
   2.1230820e-02
   2.0885789e-02
   2.0531110e-02
   2.0219758e-02
   1.9906861e-02
   1.9561584e-02
   1.9284429e-02
   1.9030241e-02
   1.9037953e-02
   1.9000254e-02
   1.8859446e-02
   1.8656158e-02
   1.8420163e-02
   1.8150118e-02
   1.7744724e-02
   1.7323250e-02
   1.6887371e-02
   1.6457431e-02
   1.6115654e-02
   1.5749620e-02
   1.5391621e-02
   1.5111503e-02
   1.4816164e-02
   1.4571681e-02
   1.4319438e-02
   1.4139869e-02
   1.3931252e-02
   1.3785055e-02
   1.3510817e-02
   1.3364365e-02
   1.3182931e-02
   1.3035522e-02
   1.2938788e-02
   1.2689397e-02
   1.2436196e-02
   1.2206241e-02
   1.2024924e-02
   1.1822214e-02
   1.1426199e-02
   1.1004208e-02
   1.0805567e-02
   1.0609202e-02
   1.0430413e-02
   1.0208698e-02
   1.0067873e-02
   9.8732932e-03
   9.6212116e-03
   9.5119612e-03
   9.3231088e-03
   9.1519507e-03
   8.9546395e-03
   8.7863146e-03
   8.7700005e-03
   8.7324739e-03
   8.5251787e-03
   8.2848475e-03
   8.0701478e-03
   7.9793557e-03
   7.8212936e-03
   7.5393141e-03
   7.3765212e-03
   7.2963962e-03
   7.1456124e-03
   7.0103154e-03
   6.8221529e-03
   6.6674272e-03
   6.5099965e-03
   6.3041851e-03
   6.1490821e-03
   5.9279826e-03
   5.8694547e-03
   5.8294938e-03
   5.8783095e-03
   6.1525201e-03
   6.2657403e-03
   6.0254906e-03
   5.7962254e-03
   5.7182814e-03
   5.6059803e-03
   5.5805274e-03
   5.5075892e-03
   5.3416797e-03
   5.2179219e-03
   4.9570907e-03
   4.6985738e-03
   4.5028674e-03
   4.3538727e-03
   4.2980889e-03
   4.1771207e-03
   3.9854725e-03
   3.8537252e-03
   3.6919648e-03
   3.6339960e-03
   3.5365099e-03
   3.4518399e-03
   3.3470838e-03
   3.2843780e-03
   3.1458995e-03
   3.0318003e-03
   2.8310712e-03
   2.6832497e-03
   2.7376685e-03
   3.2922849e-03
   4.3141078e-03
   4.2239520e-03
   3.3445308e-03
   2.7091463e-03
   2.2109802e-03
   2.0278827e-03
   1.8526001e-03
   1.6983554e-03
   1.4935249e-03
   1.4810000e-03
   1.5033026e-03
   1.3078092e-03
   1.1019340e-03
   9.7411366e-04
   8.4780275e-04
   8.1174782e-04
   7.2362979e-04
   6.6575079e-04
   5.4057514e-04
   5.1438092e-04
   4.3015446e-04
   3.5138075e-04
   2.1427106e-04
   6.9299557e-05
   6.5270526e-05
   4.6399263e-05
  -7.3589734e-05
  -1.0983260e-04
  -2.7149489e-04
  -3.2284154e-04
  -4.2598711e-04
  -6.5783291e-04
  -6.8844654e-04
  -7.0971837e-04
  -6.9691902e-04
  -6.4004431e-04
  -6.4656811e-04
  -5.9091790e-04
  -6.3955554e-04
  -6.4139353e-04
  -7.8520202e-04
  -1.0026703e-03
  -1.0473370e-03
  -1.1786670e-03
  -1.2530948e-03
  -1.4676505e-03
  -1.4019814e-03
  -1.5895056e-03
  -1.5545978e-03
  -1.8092148e-03
  -1.9514042e-03
  -2.0932875e-03
  -2.2636509e-03
  -2.2578048e-03
  -2.4077862e-03
  -2.4688104e-03
  -2.5357235e-03
  -2.6712326e-03
  -2.8577743e-03
  -2.7508094e-03
  -2.8905812e-03
  -2.9118722e-03
  -3.0814865e-03
  -3.1829675e-03
  -3.1414205e-03
  -3.1937078e-03
  -3.3379044e-03
  -3.4046501e-03
  -3.3597472e-03
  -3.5028314e-03
  -3.4171356e-03
  -3.6094937e-03
  -3.7018933e-03
  -3.7141319e-03
  -3.7528457e-03
  -3.8363403e-03
  -3.9110911e-03
  -3.7263837e-03
  -4.0144530e-03
  -4.2050538e-03
  -3.8859155e-03
  -4.1085485e-03
  -4.0302188e-03
  -4.2151998e-03
  -4.2303707e-03
  -4.0259369e-03
  -4.2063675e-03
  -4.2794940e-03
  -4.5167180e-03
  -4.3065196e-03
  -4.5439826e-03
  -4.5556861e-03
  -4.5633448e-03
  -4.4352680e-03
  -4.2839352e-03
  -4.6695382e-03
  -4.4887375e-03
  -4.4105037e-03
  -4.1582284e-03
  -4.6265004e-03
  -4.5301643e-03
  -4.3427124e-03
  -4.4123612e-03
  -4.6995393e-03
  -4.3985127e-03
  -4.5076402e-03
  -4.2737059e-03
  -4.4315544e-03
  -4.2222454e-03
  -4.5975037e-03
  -4.7505365e-03
  -4.6987618e-03
  -5.1454968e-03
  -5.3956060e-03
  -5.2093379e-03
  -4.7686377e-03
  -5.2393868e-03
  -5.2406635e-03
  -5.3705959e-03
  -4.7578724e-03
  -4.3047826e-03
  -2.7149186e-03
  -3.8654651e-03
  -3.3104418e-03
  -2.8130374e-03
  -2.6488391e-03
  -4.2967991e-03
  -3.4942560e-03
  -4.5478096e-03
  -3.4779334e-03
  -3.2151524e-03
  -3.5785808e-03
  -4.5740843e-03
  -4.5568196e-03
  -4.5132667e-03
  -3.4197613e-03
  -4.2927912e-03
  -4.3589444e-03
  -3.9655607e-03
  -3.8028248e-03
  -3.3029713e-03
  -4.3065656e-03
  -3.8335631e-03
  -4.1950017e-03
  -5.1157316e-03
  -5.1341189e-03
  -4.7179636e-03
  -4.9746064e-03
  -5.6209905e-03
  -5.6209905e-03
  -6.4030691e-03
  -5.3095451e-03
  -5.5977076e-03
  -5.6221749e-03
  -5.4068797e-03
  -5.4754394e-03
  -5.5705144e-03
  -5.5874126e-03
  -5.1670919e-03
  -5.8461234e-03
  -6.4352912e-03
  -6.5400819e-03
  -6.1754505e-03
  -5.8690156e-03
  -5.3827673e-03
  -5.2388988e-03
  -5.6808007e-03
  -5.8741318e-03
  -6.5517389e-03
  -6.8534252e-03
  -5.5799752e-03
  -6.0661111e-03
  -5.9316535e-03
  -5.8721331e-03
  -6.3814546e-03
  -5.5531056e-03
  -6.1494091e-03
  -6.4268666e-03
  -5.3577034e-03
  -5.9139576e-03
  -5.9462170e-03
  -6.0136881e-03
  -5.6671944e-03
  -5.8032666e-03
  -5.6168649e-03
  -5.7002556e-03
  -6.2599469e-03
  -6.5764903e-03
  -6.7697876e-03
  -6.7872054e-03
  -6.8322519e-03
  -6.8769563e-03
  -6.9043090e-03
  -6.8895531e-03
  -6.8576485e-03
  -6.8258270e-03
  -6.8087337e-03
  -6.8319688e-03
  -6.8822459e-03
  -6.9324279e-03
  -6.9594112e-03
  -6.9462856e-03
  -6.9178502e-03
  -6.8894050e-03
  -6.8740853e-03
  -6.8724472e-03
  -6.8693961e-03
  -6.8663385e-03
  -6.8646906e-03
  -6.9091783e-03
  -7.0057464e-03
  -7.1025454e-03
  -7.1547621e-03
  -7.1940407e-03
  -7.4108417e-03
  -7.2061223e-03
  -7.2164209e-03
  -7.3569004e-03
  -7.2292798e-03
  -7.3063293e-03
  -7.3171876e-03
  -7.2840387e-03
  -7.3069895e-03
  -7.4065562e-03
  -7.5409946e-03
  -7.5888378e-03
  -7.5731284e-03
  -7.5586432e-03
  -7.4552307e-03
  -7.4340848e-03
  -7.2801075e-03
  -6.7422961e-03
  -6.4157344e-03
  -6.4735121e-03
  -6.2768762e-03
  -5.9759189e-03
  -6.0082404e-03
  -6.1821695e-03
  -6.4976914e-03
  -6.4991851e-03
  -6.6743232e-03
  -6.8957307e-03
  -6.5727844e-03
  -6.8278346e-03
  -7.5083756e-03
  -7.4180749e-03
  -7.4060413e-03
  -7.8166187e-03
  -8.3201927e-03
  -8.4296322e-03
  -8.2412073e-03
  -8.3266087e-03
  -8.2852133e-03
  -8.2957679e-03
  -8.2548397e-03
  -8.3055989e-03
  -8.6067029e-03
  -8.5179221e-03
  -8.3475925e-03
  -8.1835191e-03
  -8.2433606e-03
  -8.2381375e-03
  -8.2968799e-03
  -8.2233990e-03
  -8.3106229e-03
  -8.5071266e-03
  -8.6329767e-03
  -8.9188097e-03
  -9.0331487e-03
  -9.0631730e-03
  -9.2336592e-03
  -9.3698415e-03
  -9.2477328e-03
  -9.2421727e-03
  -9.3267604e-03
  -9.2116703e-03
  -9.4250645e-03
  -9.5232321e-03
  -9.4810257e-03
  -9.5170438e-03
  -9.6176350e-03
  -9.5834399e-03
  -9.4343250e-03
  -9.4380370e-03
  -9.2927889e-03
  -9.3460938e-03
  -9.4607320e-03
  -9.4526176e-03
  -9.3819825e-03
  -9.4575578e-03
  -9.5958773e-03
  -9.6154351e-03
  -9.6175072e-03
  -9.7516792e-03
  -9.9034637e-03
  -9.6357297e-03
  -8.9630073e-03
  -8.7375880e-03
  -8.6522800e-03
  -8.0101852e-03
  -8.5713248e-03
  -8.2246131e-03
  -7.7745916e-03
  -7.2108327e-03
  -6.0434158e-03
  -5.9748613e-03
  -3.1986948e-03
  -1.0268173e-03
  -3.0814722e-03
  -2.2072850e-03
  -9.9105231e-04
  -9.9042247e-04
  -1.6447508e-03
  -2.3238914e-03
  -4.1125071e-03
  -3.6499471e-03
  -5.3874286e-03
  -6.7558871e-03
  -6.4594104e-03
  -7.2363904e-03
  -8.1611854e-03
  -8.4777747e-03
  -8.4971337e-03
  -9.1985572e-03
  -1.0071582e-02
  -9.9183991e-03
  -9.6659859e-03
  -1.0190971e-02
  -1.0368314e-02
  -1.0103592e-02
  -1.0331418e-02
  -9.9819749e-03
  -1.0981947e-02
  -1.1179902e-02
  -1.0860248e-02
  -1.1311702e-02
  -1.1501918e-02
  -1.1522163e-02
  -1.1516496e-02
  -1.1471841e-02
  -1.1696352e-02
  -1.1667927e-02
  -1.1758172e-02
  -1.1874591e-02
  -1.1823538e-02
  -1.2039487e-02
  -1.2078960e-02
  -1.2000891e-02
  -1.2167123e-02
  -1.2230142e-02
  -1.2117098e-02
  -1.2219462e-02
  -1.2372069e-02
  -1.2324668e-02
  -1.2231552e-02
  -1.2266793e-02
  -1.2276163e-02
  -1.2111858e-02
  -1.2217099e-02
  -1.2453077e-02
  -1.2407002e-02
  -1.2317442e-02
  -1.2365333e-02
  -1.2442034e-02
  -1.2619738e-02
  -1.2534575e-02
  -1.2583903e-02
  -1.2624227e-02
  -1.2636219e-02
  -1.2559465e-02
  -1.2551545e-02
  -1.2608143e-02
  -1.2555502e-02
  -1.2525604e-02
  -1.2665695e-02
  -1.2685262e-02
  -1.2567452e-02
  -1.2638027e-02
  -1.2445035e-02
  -1.2621711e-02
  -1.2601746e-02
  -1.2570241e-02
  -1.2711524e-02
  -1.2715425e-02
  -1.2613079e-02
  -1.2562998e-02
  -1.2649225e-02
  -1.2811830e-02
  -1.3051709e-02
  -1.2993088e-02
  -1.2898235e-02
  -1.2785908e-02
  -1.2769592e-02
  -1.3055199e-02
  -1.3102528e-02
  -1.2834105e-02
  -1.2810688e-02
  -1.3087686e-02
  -1.3050825e-02
  -1.2743143e-02
  -1.2784170e-02
  -1.2829103e-02
  -1.3006985e-02
  -1.2677807e-02
  -1.2682340e-02
  -1.2878083e-02
  -1.2765200e-02
  -1.2900486e-02
  -1.3116585e-02
  -1.2980156e-02
  -1.2581420e-02
  -1.3063348e-02
  -1.3194027e-02
  -1.2752094e-02
  -1.2826361e-02
  -1.2976644e-02
  -1.2783695e-02
  -1.2480829e-02
  -1.1828557e-02
  -1.2572718e-02
  -1.3257026e-02
  -1.3117399e-02
  -1.1620445e-02
  -1.1031164e-02
  -1.2932352e-02
  -1.1126603e-02
  -7.7900068e-03
  -8.1073395e-03
  -1.1885079e-02
  -1.5231251e-02
  -1.3958835e-02
  -8.9685586e-03
  -1.9375073e-02
  -2.4273285e-02
  -1.4924248e-02
  -1.4195336e-02
  -1.2547679e-02
  -1.1793601e-02
  -1.2219576e-02
  -1.1454296e-02
  -5.2120651e-03
   5.4578636e-04
  -1.0787386e-02
  -1.6214339e-02
  -2.3837460e-02
  -2.3639704e-02
  -1.0599341e-02
  -4.3661560e-03
  -4.5112007e-03
  -2.4791342e-02
  -1.7706826e-02
   7.6837475e-03
   2.3338152e-03
