   1.6631125e-03   1.4827750e-02   3.8166900e-01
   1.8792000e-03   1.6416000e-02   4.6194200e-01
   2.0102000e-03   1.7043000e-02   4.4800367e-01
   2.1157500e-03   1.9110000e-02   4.6385138e-01
   2.4043875e-03   2.1813000e-02   5.1785872e-01
   2.1934000e-03   2.2432500e-02   5.2184808e-01
   2.2793000e-03   2.1306500e-02   5.4931800e-01
   2.3700000e-03   2.0243750e-02   5.4929300e-01
   2.7795000e-03   2.6160000e-02   5.7942365e-01
   2.8016000e-03   2.5024000e-02   5.6815250e-01
   2.6965125e-03   2.8871750e-02   6.3770100e-01
   3.0415000e-03   3.0968000e-02   6.7170188e-01
   3.1991500e-03   3.4046000e-02   7.4866727e-01
   4.2256000e-03   3.8912000e-02   8.3563990e-01
   5.5691375e-03   4.9157750e-02   1.0304315e+00
   7.8157500e-03   6.3752000e-02   1.2342395e+00
   1.1473088e-02   9.6412500e-02   1.6577025e+00
   1.7395650e-02   1.4766080e-01   2.3190485e+00
   2.4184875e-02   2.0768550e-01   2.9994225e+00
   3.8306100e-02   3.2242200e-01   4.2715417e+00
   5.6731100e-02   4.8521100e-01   5.4616593e+00
   7.3585600e-02   6.2596600e-01   7.5858750e+00
   9.5025000e-02   8.2075000e-01   8.7710892e+00
   1.1921813e-01   1.0411630e+00   1.0338750e+01
   1.5399025e-01   1.3621070e+00   1.2332783e+01
   1.8471000e-01   1.6348800e+00   1.4962220e+01
   2.1775165e-01   1.9379590e+00   1.7046148e+01
   2.4626527e-01   2.2011410e+00   1.8296318e+01
   2.7965413e-01   2.5002970e+00   2.0431708e+01
   3.3457287e-01   2.9972730e+00   2.3637900e+01
   3.8570240e-01   3.4563800e+00   2.8077150e+01
   4.5153505e-01   4.0556690e+00   3.0957980e+01
   4.8434040e-01   4.3545240e+00   3.2545540e+01
   5.1030250e-01   4.5954250e+00   3.3658842e+01
   5.1807912e-01   4.6735150e+00   3.3769937e+01
   5.2397650e-01   4.7123760e+00   3.3663087e+01
   5.1208925e-01   4.5961670e+00   3.3372857e+01
   5.3373705e-01   4.7732690e+00   3.3641038e+01
   5.7250862e-01   5.1114700e+00   3.5266593e+01
   6.0398292e-01   5.3815630e+00   3.7011095e+01
   6.0422783e-01   5.3675380e+00   3.7712307e+01
   6.2446998e-01   5.5341490e+00   3.6537310e+01
   6.3419990e-01   5.6047490e+00   3.6129032e+01
   6.6462560e-01   5.8556590e+00   3.7061425e+01
   6.8734800e-01   6.0307650e+00   3.8389962e+01
   7.2710157e-01   6.3365630e+00   3.9608115e+01
   7.5612460e-01   6.5612470e+00   4.5876945e+01
   7.7748885e-01   6.7122270e+00   4.7037095e+01
   7.9145897e-01   6.7912900e+00   4.6395862e+01
   7.5456545e-01   6.4303000e+00   4.3739985e+01
   7.5756390e-01   6.4090230e+00   4.2864220e+01
   7.7724260e-01   6.5500690e+00   4.3616073e+01
   8.4468590e-01   7.0945880e+00   4.5759065e+01
   8.7214783e-01   7.3154270e+00   4.7164478e+01
   9.3370628e-01   7.8275630e+00   4.9864685e+01
   9.8460250e-01   8.2278750e+00   5.1854223e+01
   1.0065924e+00   8.3810570e+00   5.3857393e+01
   1.0191382e+00   8.4463230e+00   5.3629335e+01
   1.0057793e+00   8.3050310e+00   5.2852610e+01
   9.6779145e-01   7.9502000e+00   5.1062497e+01
   9.6854937e-01   7.9134740e+00   5.0513323e+01
   1.0491537e+00   8.5852190e+00   5.4158480e+01
   1.1354490e+00   9.2966830e+00   5.8168792e+01
   1.1480765e+00   9.3681190e+00   5.8332913e+01
   1.0841475e+00   8.7936340e+00   5.4820067e+01
   9.6745015e-01   7.8059610e+00   4.8970792e+01
   9.0236598e-01   7.2453920e+00   4.5471912e+01
   9.4450777e-01   7.5635440e+00   4.7241503e+01
   1.0175791e+00   8.1457200e+00   5.1081415e+01
   1.0961993e+00   8.7719620e+00   5.5065505e+01
   1.1937248e+00   9.5750750e+00   5.9669307e+01
   1.1651725e+00   9.3160930e+00   5.7878237e+01
   1.0905050e+00   8.6647790e+00   5.4303827e+01
   1.0775734e+00   8.5454180e+00   5.3439005e+01
   1.1363410e+00   9.0053810e+00   5.6507982e+01
   1.2766700e+00   1.0169590e+01   6.3563760e+01
   1.4935735e+00   1.1963600e+01   7.5571460e+01
   1.6526778e+00   1.3284860e+01   8.4025018e+01
   1.6549200e+00   1.3342480e+01   8.5156267e+01
   1.6009137e+00   1.2925100e+01   8.2618630e+01
   1.5468055e+00   1.2487890e+01   8.1049858e+01
   1.6273258e+00   1.3126360e+01   8.6477978e+01
   1.7935890e+00   1.4482180e+01   9.6669213e+01
   1.9490530e+00   1.5810030e+01   1.0625275e+02
   1.9394720e+00   1.5783730e+01   1.0610175e+02
   1.8709670e+00   1.5266140e+01   1.0289648e+02
   1.8248605e+00   1.4915220e+01   1.0076339e+02
   1.7827057e+00   1.4586740e+01   9.9023062e+01
   1.7382128e+00   1.4235340e+01   9.7429533e+01
   1.7161340e+00   1.4076130e+01   9.7092942e+01
   1.6903310e+00   1.3896040e+01   9.6587410e+01
   1.6680267e+00   1.3740920e+01   9.6029975e+01
   1.6322953e+00   1.3478880e+01   9.5082615e+01
   1.5970975e+00   1.3211540e+01   9.3937958e+01
   1.5394548e+00   1.2748440e+01   9.1433665e+01
   1.4464270e+00   1.1980590e+01   8.6336698e+01
   1.4317655e+00   1.1872870e+01   8.6545185e+01
   1.5365955e+00   1.2782830e+01   9.3859403e+01
   1.6708450e+00   1.3958440e+01   1.0348365e+02
   1.7145590e+00   1.4387730e+01   1.0709723e+02
   1.7077007e+00   1.4368170e+01   1.0717185e+02
   1.6960343e+00   1.4310610e+01   1.0754710e+02
   1.6956780e+00   1.4349700e+01   1.0807242e+02
   1.7149428e+00   1.4547270e+01   1.1089903e+02
   1.7332030e+00   1.4718990e+01   1.1295613e+02
   1.7179660e+00   1.4614350e+01   1.1285120e+02
   1.7147880e+00   1.4625270e+01   1.1373128e+02
   1.7313915e+00   1.4833670e+01   1.1610255e+02
   1.7735520e+00   1.5269320e+01   1.2014332e+02
   1.7923763e+00   1.5481990e+01   1.2265565e+02
   1.7807023e+00   1.5383670e+01   1.2263690e+02
   1.7591900e+00   1.5178820e+01   1.2208723e+02
   1.7645835e+00   1.5208920e+01   1.2298553e+02
   1.7555715e+00   1.5110560e+01   1.2294285e+02
   1.7632397e+00   1.5148700e+01   1.2379313e+02
   1.8155120e+00   1.5538950e+01   1.2771168e+02
   1.8772955e+00   1.5990610e+01   1.3186418e+02
   1.8775630e+00   1.5912490e+01   1.3216255e+02
   1.8326720e+00   1.5468220e+01   1.2922240e+02
   1.7756230e+00   1.4936460e+01   1.2560650e+02
   1.7405915e+00   1.4590880e+01   1.2374413e+02
   1.7178440e+00   1.4362220e+01   1.2253140e+02
   1.7075688e+00   1.4241740e+01   1.2252593e+02
   1.7096625e+00   1.4237590e+01   1.2351415e+02
   1.7091620e+00   1.4200600e+01   1.2450345e+02
   1.7065570e+00   1.4150310e+01   1.2518057e+02
   1.7028432e+00   1.4111560e+01   1.2604705e+02
   1.7064763e+00   1.4164230e+01   1.2699145e+02
   1.6865678e+00   1.4071900e+01   1.2629470e+02
   1.6209462e+00   1.3609080e+01   1.2220428e+02
   1.5490620e+00   1.3061880e+01   1.1760730e+02
   1.5602668e+00   1.3184940e+01   1.1896747e+02
   1.6846708e+00   1.4237100e+01   1.2948205e+02
   1.7487403e+00   1.4827550e+01   1.3609355e+02
   1.7034363e+00   1.4528400e+01   1.3412480e+02
   1.6201725e+00   1.3912900e+01   1.2882842e+02
   1.5567780e+00   1.3480430e+01   1.2528745e+02
   1.5336015e+00   1.3401710e+01   1.2520798e+02
   1.5205697e+00   1.3419840e+01   1.2613803e+02
   1.4865360e+00   1.3260310e+01   1.2544168e+02
   1.4368375e+00   1.2939440e+01   1.2306155e+02
   1.3760808e+00   1.2509550e+01   1.2019883e+02
   1.3285287e+00   1.2164360e+01   1.1842878e+02
   1.2996430e+00   1.2000910e+01   1.1848265e+02
   1.2938425e+00   1.2105750e+01   1.2048132e+02
   1.2778175e+00   1.2160930e+01   1.2169388e+02
   1.2530975e+00   1.2200570e+01   1.2251648e+02
   1.2277015e+00   1.2262400e+01   1.2339073e+02
   1.1996703e+00   1.2293380e+01   1.2383350e+02
   1.1632200e+00   1.2176570e+01   1.2308795e+02
   1.1248015e+00   1.1941290e+01   1.2108652e+02
   1.0780558e+00   1.1518840e+01   1.1737970e+02
   1.0433280e+00   1.1188740e+01   1.1469300e+02
   1.0412900e+00   1.1204350e+01   1.1550858e+02
   1.0605525e+00   1.1447820e+01   1.1862875e+02
   1.0679970e+00   1.1563110e+01   1.2041193e+02
   1.0698010e+00   1.1606630e+01   1.2168410e+02
   1.0555987e+00   1.1458960e+01   1.2092833e+02
   1.0361332e+00   1.1261090e+01   1.1962240e+02
   1.0299454e+00   1.1222010e+01   1.1999125e+02
   1.0388901e+00   1.1364590e+01   1.2237193e+02
   1.0265912e+00   1.1271730e+01   1.2216487e+02
   1.0064391e+00   1.1089080e+01   1.2100945e+02
   9.9321710e-01   1.1004120e+01   1.2057985e+02
   9.8438350e-01   1.0969320e+01   1.2094490e+02
   9.7308050e-01   1.0895310e+01   1.2073213e+02
   9.5104600e-01   1.0689650e+01   1.1916523e+02
   9.3028210e-01   1.0491240e+01   1.1806880e+02
   9.1808825e-01   1.0395710e+01   1.1795398e+02
   9.1066950e-01   1.0383460e+01   1.1860425e+02
   8.9780090e-01   1.0313710e+01   1.1834633e+02
   8.7578100e-01   1.0137000e+01   1.1678590e+02
   8.5928412e-01   1.0038960e+01   1.1617845e+02
   8.6832572e-01   1.0247480e+01   1.1899172e+02
   8.9646920e-01   1.0665600e+01   1.2440840e+02
   9.1306577e-01   1.0940040e+01   1.2804398e+02
   9.0223760e-01   1.0862890e+01   1.2767557e+02
   8.7399700e-01   1.0555860e+01   1.2477695e+02
   8.4048638e-01   1.0178180e+01   1.2099860e+02
   8.1677500e-01   9.9204400e+00   1.1860823e+02
   8.0227193e-01   9.7712750e+00   1.1760855e+02
   7.9347052e-01   9.7028730e+00   1.1755488e+02
   7.8249547e-01   9.5964750e+00   1.1693893e+02
   7.6767840e-01   9.4389840e+00   1.1597073e+02
   7.5203082e-01   9.2523860e+00   1.1487625e+02
   7.3364130e-01   9.0227850e+00   1.1369530e+02
   7.1481165e-01   8.7823240e+00   1.1240143e+02
   7.0364160e-01   8.6668800e+00   1.1216027e+02
   6.9776750e-01   8.6418100e+00   1.1275425e+02
   6.9018075e-01   8.5840470e+00   1.1316468e+02
   6.7976093e-01   8.5167030e+00   1.1296985e+02
   6.7000320e-01   8.4676780e+00   1.1268150e+02
   6.6585450e-01   8.5138200e+00   1.1328068e+02
   6.6625915e-01   8.6483780e+00   1.1455010e+02
   6.6810800e-01   8.8093920e+00   1.1621975e+02
   6.6498500e-01   8.8855600e+00   1.1705815e+02
   6.5305510e-01   8.7976190e+00   1.1640440e+02
   6.2914875e-01   8.5022500e+00   1.1447753e+02
   5.9193565e-01   7.9338940e+00   1.1027635e+02
   5.6021923e-01   7.4605640e+00   1.0706543e+02
   5.4807830e-01   7.3117660e+00   1.0642875e+02
   5.4998103e-01   7.4135020e+00   1.0786193e+02
   5.4988268e-01   7.5023960e+00   1.0883638e+02
   5.5176458e-01   7.5997520e+00   1.0989785e+02
   5.5448738e-01   7.7499290e+00   1.1102173e+02
   5.5513585e-01   7.8805710e+00   1.1172568e+02
   5.5326917e-01   7.9610090e+00   1.1169995e+02
   5.5100640e-01   8.0246660e+00   1.1161430e+02
   5.4988560e-01   8.0745780e+00   1.1173030e+02
   5.4815640e-01   8.0871540e+00   1.1191980e+02
   5.4327160e-01   8.0321430e+00   1.1144733e+02
   5.3578060e-01   7.9369520e+00   1.1039215e+02
   5.2910470e-01   7.8289880e+00   1.0923882e+02
   5.2209600e-01   7.7420880e+00   1.0846690e+02
   5.1795985e-01   7.7083680e+00   1.0835130e+02
   5.1732800e-01   7.7217280e+00   1.0867557e+02
   5.1533047e-01   7.7035390e+00   1.0880622e+02
   5.1439083e-01   7.6950140e+00   1.0909813e+02
   5.1417537e-01   7.6889170e+00   1.0943370e+02
   5.1590972e-01   7.7003100e+00   1.1014422e+02
   5.1561132e-01   7.6465060e+00   1.1012653e+02
   5.1137767e-01   7.5465960e+00   1.0931842e+02
   5.0343360e-01   7.4072340e+00   1.0813153e+02
   4.9403853e-01   7.2483230e+00   1.0714655e+02
   4.8587660e-01   7.0702170e+00   1.0636558e+02
   4.7620303e-01   6.8999030e+00   1.0558613e+02
   4.7099700e-01   6.8108300e+00   1.0527510e+02
   4.6923733e-01   6.8093440e+00   1.0542655e+02
   4.7101653e-01   6.8907520e+00   1.0613315e+02
   4.7507410e-01   6.9852930e+00   1.0705110e+02
   4.7815955e-01   7.0567090e+00   1.0779818e+02
   4.7874645e-01   7.1245980e+00   1.0854618e+02
   4.7958815e-01   7.1606050e+00   1.0879298e+02
   4.7594738e-01   7.1285920e+00   1.0835038e+02
   4.7133158e-01   7.0763220e+00   1.0768180e+02
   4.6766632e-01   7.0302960e+00   1.0722915e+02
   4.6042035e-01   6.9155940e+00   1.0640443e+02
   4.4549893e-01   6.6481030e+00   1.0437320e+02
   4.3000013e-01   6.3485980e+00   1.0212206e+02
   4.2250650e-01   6.2166200e+00   1.0107468e+02
   4.2655605e-01   6.2792660e+00   1.0187104e+02
   4.3351605e-01   6.4102500e+00   1.0339788e+02
   4.3450157e-01   6.4434380e+00   1.0368760e+02
   4.2362470e-01   6.2808370e+00   1.0091871e+02
   4.1000175e-01   6.1026840e+00   9.7963295e+01
   4.1196225e-01   6.1520300e+00   9.8330530e+01
   4.2643685e-01   6.4093310e+00   1.0176223e+02
   4.3699340e-01   6.6001390e+00   1.0414648e+02
   4.4090720e-01   6.6786160e+00   1.0502415e+02
   4.4080470e-01   6.6740310e+00   1.0505298e+02
   4.3596398e-01   6.6267340e+00   1.0459685e+02
   4.3284420e-01   6.5872930e+00   1.0434860e+02
   4.3103158e-01   6.5634470e+00   1.0422848e+02
   4.2947813e-01   6.5393330e+00   1.0407085e+02
   4.2693318e-01   6.5043300e+00   1.0370062e+02
   4.2475555e-01   6.4740920e+00   1.0353080e+02
   4.2461355e-01   6.4625810e+00   1.0356958e+02
   4.2488205e-01   6.4528850e+00   1.0367422e+02
   4.2358692e-01   6.4323370e+00   1.0369988e+02
   4.2205145e-01   6.4009580e+00   1.0366248e+02
   4.2023588e-01   6.3740480e+00   1.0349730e+02
   4.1885625e-01   6.3339850e+00   1.0325990e+02
   4.1290645e-01   6.2487170e+00   1.0248673e+02
   3.9826438e-01   6.0204350e+00   9.9925743e+01
   3.6298145e-01   5.3910590e+00   9.3169175e+01
   3.2979570e-01   4.7880720e+00   8.7103430e+01
   3.2015072e-01   4.5870150e+00   8.5740810e+01
   3.2854288e-01   4.7370450e+00   8.8056623e+01
   3.3200365e-01   4.7953390e+00   8.9306718e+01
   3.2913312e-01   4.7420880e+00   8.9095695e+01
   3.2998177e-01   4.7848580e+00   8.9459100e+01
   3.3819800e-01   4.9780680e+00   9.1212513e+01
   3.4109845e-01   5.0608190e+00   9.2138373e+01
   3.3517837e-01   4.9405230e+00   9.1303965e+01
   3.3067805e-01   4.8304080e+00   9.0752340e+01
   3.3381563e-01   4.8981560e+00   9.1719342e+01
   3.4197810e-01   5.0268940e+00   9.3149765e+01
   3.4446515e-01   5.0991410e+00   9.4078573e+01
   3.4614940e-01   5.1183540e+00   9.4161687e+01
   3.4566705e-01   5.1360340e+00   9.4067822e+01
   3.4424035e-01   5.1414720e+00   9.3752303e+01
   3.4195200e-01   5.1227040e+00   9.3234415e+01
   3.3735825e-01   5.0457060e+00   9.2077178e+01
   3.2400000e-01   4.8093750e+00   8.9593058e+01
   2.9219070e-01   4.2363630e+00   8.3137265e+01
   2.4952400e-01   3.4709730e+00   7.3986900e+01
   2.1616920e-01   2.8846740e+00   6.6724185e+01
   2.1778750e-01   2.9108860e+00   6.7106590e+01
   2.3434065e-01   3.2082500e+00   7.0959535e+01
   2.3975315e-01   3.2987500e+00   7.2345180e+01
   2.2848995e-01   3.1126830e+00   7.0167972e+01
   2.2185110e-01   2.9832010e+00   6.8806313e+01
   2.2192723e-01   2.9839680e+00   6.8948230e+01
   2.2458615e-01   3.0230760e+00   6.9663453e+01
   2.3240643e-01   3.1660730e+00   7.1401377e+01
   2.4905400e-01   3.4772400e+00   7.5049527e+01
   2.6772903e-01   3.8590130e+00   7.9204043e+01
   2.7961028e-01   4.0802200e+00   8.1713580e+01
   2.8514448e-01   4.1870810e+00   8.2727788e+01
   2.8916887e-01   4.2776150e+00   8.3495770e+01
   2.9649745e-01   4.4146750e+00   8.4660950e+01
   3.0207570e-01   4.5733650e+00   8.5923617e+01
   3.1030030e-01   4.7146120e+00   8.7383450e+01
   3.1500370e-01   4.8235500e+00   8.8525612e+01
   3.1878000e-01   4.8762000e+00   8.9078178e+01
   3.1761345e-01   4.8914810e+00   8.9005750e+01
   3.1730908e-01   4.8744190e+00   8.8630085e+01
   3.1341445e-01   4.8413020e+00   8.7909607e+01
   3.1061475e-01   4.8001620e+00   8.7234742e+01
   3.0829832e-01   4.7636120e+00   8.6884772e+01
   3.0744445e-01   4.7456000e+00   8.6807718e+01
   3.0383803e-01   4.6974650e+00   8.6255828e+01
   2.9170192e-01   4.5111060e+00   8.3463948e+01
   2.4373580e-01   3.7184140e+00   7.1155368e+01
   1.7139060e-01   2.5208280e+00   5.3134425e+01
   1.1813177e-01   1.5821850e+00   4.0246243e+01
   1.1302425e-01   1.3992660e+00   3.9961368e+01
   1.3614575e-01   1.7339790e+00   4.6886103e+01
   1.7723502e-01   2.4163230e+00   5.7705085e+01
   2.2464640e-01   3.2261010e+00   6.9085457e+01
   2.6109892e-01   3.8557720e+00   7.7416673e+01
   2.7970063e-01   4.2163360e+00   8.1698912e+01
   2.8907530e-01   4.3764690e+00   8.3369722e+01
   2.9206695e-01   4.4258970e+00   8.3797798e+01
   2.9055000e-01   4.4325000e+00   8.3758107e+01
   2.9032980e-01   4.4227880e+00   8.3317055e+01
   2.8854240e-01   4.4022080e+00   8.3077048e+01
   2.8715888e-01   4.3714230e+00   8.2828487e+01
   2.8621438e-01   4.3388590e+00   8.2804682e+01
   2.8338713e-01   4.3080450e+00   8.2427740e+01
   2.8189565e-01   4.2617660e+00   8.1832157e+01
   2.7722480e-01   4.1851060e+00   8.1119145e+01
   2.7277912e-01   4.0759140e+00   8.0143833e+01
   2.6451475e-01   3.9259910e+00   7.8718462e+01
   2.5649085e-01   3.7760910e+00   7.7276845e+01
   2.5060637e-01   3.6817920e+00   7.6087620e+01
   2.5004348e-01   3.6642230e+00   7.5521803e+01
   2.4923060e-01   3.6827890e+00   7.5424275e+01
   2.4709960e-01   3.6673340e+00   7.5187240e+01
   2.4675612e-01   3.6254320e+00   7.5043065e+01
   2.4330955e-01   3.5780810e+00   7.4947207e+01
   2.4346675e-01   3.5609010e+00   7.4769897e+01
   2.4062688e-01   3.4948450e+00   7.4130287e+01
   2.3683883e-01   3.4248810e+00   7.3431502e+01
   2.3504520e-01   3.4051420e+00   7.2978823e+01
   2.3390440e-01   3.4347580e+00   7.2842790e+01
   2.3454475e-01   3.4817980e+00   7.2934825e+01
   2.3426150e-01   3.4902860e+00   7.3218998e+01
   2.3111333e-01   3.4011890e+00   7.2912985e+01
   2.2226367e-01   3.1825660e+00   7.1047352e+01
   2.0610933e-01   2.8928580e+00   6.7372833e+01
   1.8646720e-01   2.5549400e+00   6.2785618e+01
   1.6740610e-01   2.2428640e+00   5.8033783e+01
   1.5606635e-01   2.0710600e+00   5.5020922e+01
   1.5630995e-01   2.0217330e+00   5.4357502e+01
   1.6313590e-01   2.1590730e+00   5.6203558e+01
   1.6807185e-01   2.2973850e+00   5.7943717e+01
   1.6868512e-01   2.2805480e+00   5.7541765e+01
   1.7099775e-01   2.2772750e+00   5.7617870e+01
   1.7488975e-01   2.3903850e+00   5.9414515e+01
   1.8329605e-01   2.5132350e+00   6.1395567e+01
   1.7982000e-01   2.4948000e+00   6.1159970e+01
   1.7752840e-01   2.4524820e+00   6.0626333e+01
   1.7852232e-01   2.4828500e+00   6.0819412e+01
   1.8236815e-01   2.5504520e+00   6.1615362e+01
   1.8871275e-01   2.6371050e+00   6.2744895e+01
   1.9455513e-01   2.7552920e+00   6.4287255e+01
   2.0135122e-01   2.8944240e+00   6.6187757e+01
   2.0678700e-01   2.9980680e+00   6.7546775e+01
   2.1060450e-01   3.0806070e+00   6.8717735e+01
   2.1426600e-01   3.1672910e+00   6.9637690e+01
   2.1615865e-01   3.2143870e+00   7.0070927e+01
   2.2067540e-01   3.2640440e+00   7.0329630e+01
   2.2110110e-01   3.2996540e+00   7.0471798e+01
   2.2246292e-01   3.3181360e+00   7.0501395e+01
   2.1837180e-01   3.3118380e+00   6.9961405e+01
   2.1674625e-01   3.2310000e+00   6.8663875e+01
   2.1215223e-01   3.1572370e+00   6.7504393e+01
   2.0892650e-01   3.1093500e+00   6.6432105e+01
   2.0542252e-01   3.0448280e+00   6.5022855e+01
   2.0320303e-01   3.0340890e+00   6.4494460e+01
   2.0385982e-01   3.0684930e+00   6.5267075e+01
   2.1094500e-01   3.1713500e+00   6.7254055e+01
   2.1288622e-01   3.2181160e+00   6.8061217e+01
   2.1277810e-01   3.2221960e+00   6.8057020e+01
   2.1192755e-01   3.2101010e+00   6.7821337e+01
   2.1085800e-01   3.1908600e+00   6.7422145e+01
   2.0769460e-01   3.1186050e+00   6.5899975e+01
   2.0091075e-01   3.0316880e+00   6.4183932e+01
   1.9735430e-01   3.0000560e+00   6.3342190e+01
   2.0082540e-01   3.0290140e+00   6.4210977e+01
   2.0297290e-01   3.0818440e+00   6.5231758e+01
   2.0576775e-01   3.0996820e+00   6.6027260e+01
   2.0495868e-01   3.1139810e+00   6.6157480e+01
   2.0561773e-01   3.0989950e+00   6.6244270e+01
   2.0144740e-01   3.0851590e+00   6.6200908e+01
   2.0474532e-01   3.0701830e+00   6.6248160e+01
   2.0371502e-01   3.0527330e+00   6.5883918e+01
   2.0210908e-01   3.0036760e+00   6.5509415e+01
   1.9889940e-01   2.9974980e+00   6.5110560e+01
   1.9927362e-01   2.9520540e+00   6.5025087e+01
   1.9727088e-01   2.9480480e+00   6.4799100e+01
   1.9467947e-01   2.8961570e+00   6.4423855e+01
   1.9431393e-01   2.8625170e+00   6.3841193e+01
   1.8970803e-01   2.8204740e+00   6.3417902e+01
   1.8896350e-01   2.7808960e+00   6.2906838e+01
   1.8322963e-01   2.6640490e+00   6.1486587e+01
   1.7702288e-01   2.4738080e+00   5.9136180e+01
   1.5738815e-01   2.2270730e+00   5.5401720e+01
   1.4064140e-01   1.9311950e+00   5.0938350e+01
   1.2444310e-01   1.6492970e+00   4.6648690e+01
   1.1101440e-01   1.4830830e+00   4.3059845e+01
   1.0612800e-01   1.3663980e+00   4.1294783e+01
   1.0484661e-01   1.3196210e+00   4.0773533e+01
   1.0716373e-01   1.4034850e+00   4.2643343e+01
   1.2014222e-01   1.5521160e+00   4.5140327e+01
   1.2382815e-01   1.6355670e+00   4.6655840e+01
   1.2051150e-01   1.5811430e+00   4.5462565e+01
   1.0850892e-01   1.4146420e+00   4.2464608e+01
   1.0181164e-01   1.2642050e+00   4.0126928e+01
   9.9187957e-02   1.2380370e+00   3.9664237e+01
   9.8005210e-02   1.2144660e+00   3.9262723e+01
   9.6324713e-02   1.1773920e+00   3.9001693e+01
   9.3876822e-02   1.1203420e+00   3.8157910e+01
   9.6280697e-02   1.1174050e+00   3.8285612e+01
   9.4137075e-02   1.1557240e+00   3.9126422e+01
   1.0400532e-01   1.2979930e+00   4.1234410e+01
   1.1073223e-01   1.4167980e+00   4.3437382e+01
   1.1867160e-01   1.4969720e+00   4.4480238e+01
   1.1151879e-01   1.4136190e+00   4.3705587e+01
   1.0899432e-01   1.3526130e+00   4.2206595e+01
   1.0081841e-01   1.2284000e+00   4.0151358e+01
   8.6800520e-02   1.0784820e+00   3.6923697e+01
   7.5359925e-02   8.7037420e-01   3.1991550e+01
   5.5077827e-02   5.8345400e-01   2.5470968e+01
   3.7489637e-02   3.9237560e-01   1.9343873e+01
   2.4284522e-02   2.5281240e-01   1.4351240e+01
   1.7993485e-02   2.0185660e-01   1.1215685e+01
   1.5419460e-02   1.6595450e-01   1.0051410e+01
   1.8155005e-02   1.7835440e-01   1.0586268e+01
   1.8541797e-02   2.3468190e-01   1.2484488e+01
   2.4441985e-02   2.4828840e-01   1.4766020e+01
   3.1136562e-02   3.0206570e-01   1.6856482e+01
   2.8611430e-02   2.8385910e-01   1.6671052e+01
   2.8414542e-02   2.4884600e-01   1.5473135e+01
   2.9847258e-02   2.7163800e-01   1.4453743e+01
   2.3779705e-02   2.2995240e-01   1.4186467e+01
   2.5375970e-02   2.4782970e-01   1.4788058e+01
   2.4785440e-02   2.6692530e-01   1.5332592e+01
   3.0496653e-02   2.6667570e-01   1.6103305e+01
   3.1054165e-02   2.7276240e-01   1.6241155e+01
   3.0735248e-02   3.0477390e-01   1.6891855e+01
   3.2727908e-02   3.2364710e-01   1.6933750e+01
   3.7625252e-02   3.3573290e-01   1.7867515e+01
   3.8943750e-02   4.1185660e-01   1.8753120e+01
   4.1526463e-02   3.9636930e-01   1.9514703e+01
   4.6363368e-02   4.1711030e-01   2.0669295e+01
   4.9993135e-02   4.5523560e-01   2.1287745e+01
   5.1658560e-02   5.2620300e-01   2.3229235e+01
   5.5326955e-02   5.9278580e-01   2.5062320e+01
   6.1291058e-02   6.1451720e-01   2.6636250e+01
   6.8113090e-02   7.1404300e-01   2.8658282e+01
   7.3307485e-02   8.4404170e-01   3.1487045e+01
   9.0689355e-02   1.0003270e+00   3.4716170e+01
   9.0689355e-02   1.0003270e+00   3.4716170e+01
   9.4171063e-02   1.1290680e+00   3.6983688e+01
   9.5881023e-02   1.1547620e+00   3.7534022e+01
   9.1103213e-02   1.0935860e+00   3.6782435e+01
   9.0705075e-02   1.0884880e+00   3.6719803e+01
   8.8230460e-02   1.0367190e+00   3.5287080e+01
   8.7163833e-02   1.0292810e+00   3.4548325e+01
   8.9295590e-02   1.0322880e+00   3.4951680e+01
   8.9683205e-02   1.0328350e+00   3.5025018e+01
   8.7092037e-02   1.0932160e+00   3.6222535e+01
   9.1471100e-02   1.1641710e+00   3.7457808e+01
   9.9588223e-02   1.2487260e+00   3.8580582e+01
   1.0106406e-01   1.2641000e+00   3.8784723e+01
   1.0939456e-01   1.3983730e+00   4.0197268e+01
   1.1208817e-01   1.4477200e+00   4.1656910e+01
   1.0837491e-01   1.4930970e+00   4.2727715e+01
   1.0726094e-01   1.5067100e+00   4.3048955e+01
   1.1184744e-01   1.5273770e+00   4.3895493e+01
   1.2238743e-01   1.5728560e+00   4.4682180e+01
   1.2869765e-01   1.6627360e+00   4.4900132e+01
   1.3150220e-01   1.7026830e+00   4.4997000e+01
   1.2343629e-01   1.7689900e+00   4.5506608e+01
   1.2905678e-01   1.7688870e+00   4.5684962e+01
   1.3355543e-01   1.7551520e+00   4.5638300e+01
   1.3555482e-01   1.7490470e+00   4.5617562e+01
   1.2317385e-01   1.7586740e+00   4.5773400e+01
   1.2667930e-01   1.7770810e+00   4.5679268e+01
   1.3275682e-01   1.8112000e+00   4.5308718e+01
   1.3514385e-01   1.8268340e+00   4.5106615e+01
   1.1990817e-01   1.7375870e+00   4.4653037e+01
   1.2351660e-01   1.7629670e+00   4.4613815e+01
   1.1162055e-01   1.7650610e+00   4.4411195e+01
   1.0644745e-01   1.7649660e+00   4.4296587e+01
   1.0885625e-01   1.7583970e+00   4.4148720e+01
   1.2009975e-01   1.7543820e+00   4.4282000e+01
   1.2034184e-01   1.7989220e+00   4.4778737e+01
   1.1941127e-01   1.8176850e+00   4.5028995e+01
   1.2090612e-01   1.8133500e+00   4.5129278e+01
   1.2020664e-01   1.8305000e+00   4.5399710e+01
   1.1977620e-01   1.8410540e+00   4.5566133e+01
   1.1943404e-01   1.8468500e+00   4.5665545e+01
   1.1854434e-01   1.8619200e+00   4.5924015e+01
   1.1765469e-01   1.8769890e+00   4.6182485e+01
   1.1710720e-01   1.8862620e+00   4.6341540e+01
   1.1708880e-01   1.8920370e+00   4.6414935e+01
   1.1704895e-01   1.9045480e+00   4.6573950e+01
   1.1700910e-01   1.9170600e+00   4.6732967e+01
   1.1698763e-01   1.9237970e+00   4.6818590e+01
   1.1777140e-01   1.9260050e+00   4.6854440e+01
   1.1946963e-01   1.9307900e+00   4.6932112e+01
   1.2116785e-01   1.9355740e+00   4.7009785e+01
   1.2208228e-01   1.9381510e+00   4.7051607e+01
   1.2235668e-01   1.9375940e+00   4.7059335e+01
   1.2295115e-01   1.9363880e+00   4.7076077e+01
   1.2354565e-01   1.9351820e+00   4.7092827e+01
   1.2386575e-01   1.9345330e+00   4.7101840e+01
   1.2349038e-01   1.9345050e+00   4.7082178e+01
   1.2279328e-01   1.9344530e+00   4.7045655e+01
   1.2209613e-01   1.9344010e+00   4.7009133e+01
   1.2172075e-01   1.9343730e+00   4.6989468e+01
   1.2198375e-01   1.9343730e+00   4.6957207e+01
   1.2255350e-01   1.9343720e+00   4.6887297e+01
   1.2312330e-01   1.9343720e+00   4.6817393e+01
   1.2343013e-01   1.9343720e+00   4.6779750e+01
   1.2332018e-01   1.9328340e+00   4.6747550e+01
   1.2271552e-01   1.9243750e+00   4.6570455e+01
   1.1877593e-01   1.9122330e+00   4.6329082e+01
   1.1727817e-01   1.8995600e+00   4.6029495e+01
   1.1665780e-01   1.8801160e+00   4.5696382e+01
   1.1591140e-01   1.8434900e+00   4.5309730e+01
   1.1535450e-01   1.8086720e+00   4.4822620e+01
   1.1416365e-01   1.7626010e+00   4.4212640e+01
   1.1120730e-01   1.7250180e+00   4.3594270e+01
   1.0841150e-01   1.6875380e+00   4.2887468e+01
   1.0592200e-01   1.6425440e+00   4.2189240e+01
   1.0454250e-01   1.6135050e+00   4.1607190e+01
   1.0257620e-01   1.5928340e+00   4.0993408e+01
   1.0058898e-01   1.5426820e+00   4.0158400e+01
   9.6975250e-02   1.4797000e+00   3.9250808e+01
   9.5719625e-02   1.4287910e+00   3.8295270e+01
   9.2325000e-02   1.3645640e+00   3.6987365e+01
   8.9300250e-02   1.2657740e+00   3.5205467e+01
   8.2441500e-02   1.1424680e+00   3.3089427e+01
   7.3492350e-02   1.0129550e+00   3.0744438e+01
   6.4272075e-02   8.7095220e-01   2.7949418e+01
   5.5571200e-02   6.9811320e-01   2.3865355e+01
   4.1582400e-02   5.1631480e-01   1.8744748e+01
   2.8378350e-02   3.7149840e-01   1.4231435e+01
   2.2059700e-02   2.8338230e-01   1.1309022e+01
   1.8894375e-02   2.2505300e-01   9.8978927e+00
   1.6654000e-02   1.9485180e-01   9.2904720e+00
   1.6443000e-02   1.7922870e-01   9.3625915e+00
   1.7781500e-02   1.7296550e-01   9.8466945e+00
   1.5965000e-02   1.5965000e-01   9.4648930e+00
   1.5453750e-02   1.3948000e-01   8.8339068e+00
   1.4992900e-02   1.4045980e-01   9.1579670e+00
   1.7233700e-02   1.7390370e-01   1.0692248e+01
   2.3232000e-02   2.4471040e-01   1.3235795e+01
   2.9506400e-02   3.4334720e-01   1.6166020e+01
   3.8359800e-02   4.4664480e-01   1.8874173e+01
   4.5222000e-02   5.3814180e-01   2.0966780e+01
   4.7980800e-02   6.0875640e-01   2.2433775e+01
   5.0493400e-02   6.5344400e-01   2.3232133e+01
   5.3348400e-02   6.7379760e-01   2.3591400e+01
   5.5122075e-02   6.8884580e-01   2.4019073e+01
   5.6299350e-02   7.3688010e-01   2.4949948e+01
   5.8951200e-02   7.8741960e-01   2.5883133e+01
   5.9375475e-02   8.0417310e-01   2.6050755e+01
   5.8123800e-02   8.0542980e-01   2.5861420e+01
   5.9690700e-02   8.2057560e-01   2.6014962e+01
   6.0073200e-02   8.4239010e-01   2.6339253e+01
   5.9615600e-02   8.5900660e-01   2.6706085e+01
   6.2956500e-02   8.9344650e-01   2.7273285e+01
   6.5914200e-02   9.3744640e-01   2.7884363e+01
   6.7360800e-02   9.6946720e-01   2.8344150e+01
   6.9318700e-02   9.9923560e-01   2.8769545e+01
   6.9396625e-02   1.0328800e+00   2.9168032e+01
   7.0551600e-02   1.0563670e+00   2.9499855e+01
   7.2116500e-02   1.0635620e+00   2.9644137e+01
   7.0990000e-02   1.0651600e+00   2.9574440e+01
   6.8594400e-02   1.0570890e+00   2.9397560e+01
   6.7279100e-02   1.0378480e+00   2.9101328e+01
   6.7850300e-02   1.0019130e+00   2.8619688e+01
   6.7493700e-02   9.3780720e-01   2.7694022e+01
   6.2466600e-02   8.5818600e-01   2.6393412e+01
   5.6284250e-02   7.8333750e-01   2.5137283e+01
   5.5376525e-02   7.5518660e-01   2.4675335e+01
   5.7461700e-02   7.8418320e-01   2.5111228e+01
   5.7981825e-02   8.2450710e-01   2.5538925e+01
   5.8876200e-02   8.5370490e-01   2.5687785e+01
   6.0597650e-02   8.7025700e-01   2.5788427e+01
   6.0447600e-02   8.7336360e-01   2.5751148e+01
   5.8356600e-02   8.5589680e-01   2.5389972e+01
   5.7234500e-02   8.2255600e-01   2.4744635e+01
   5.5599900e-02   7.8240580e-01   2.3916043e+01
   5.1662000e-02   7.2922900e-01   2.2873505e+01
   4.7597900e-02   6.6833340e-01   2.1611172e+01
   4.4459850e-02   5.9862880e-01   2.0248560e+01
   4.1458950e-02   5.3145040e-01   1.9027438e+01
   3.8168850e-02   4.8121740e-01   1.7927183e+01
   3.3896400e-02   4.3464320e-01   1.6804508e+01
   2.9461575e-02   3.6695230e-01   1.5105525e+01
   2.5302200e-02   2.8644000e-01   1.2924835e+01
   2.1177550e-02   2.3128740e-01   1.1442438e+01
   1.9140300e-02   1.9849200e-01   1.0563067e+01
   1.6803000e-02   1.6429600e-01   9.1795742e+00
   1.2505050e-02   1.2134530e-01   7.0139170e+00
   8.1007500e-03   8.5173600e-02   4.9013583e+00
   6.0404500e-03   6.2263100e-02   3.4985643e+00
   4.4578750e-03   4.8802000e-02   2.6904020e+00
   2.5984750e-03   4.0630700e-02   2.1621718e+00
   1.4167500e-03   3.5891000e-02   1.7655493e+00
   2.1368250e-03   3.2289800e-02   1.4546443e+00
   1.9036000e-03   2.9505800e-02   1.2032113e+00
   1.1885000e-03   2.6622400e-02   1.0024784e+00
   1.4311500e-03   2.4806600e-02   8.7648900e-01
   1.1956250e-03   2.5825500e-02   8.0436720e-01
   1.6836750e-03   2.6938800e-02   7.6119108e-01
   1.4506500e-03   2.7078800e-02   7.5842663e-01
   1.2115000e-03   2.9076000e-02   7.8012403e-01
   1.2126250e-03   2.9103000e-02   7.9394850e-01
   9.6570000e-04   3.1868100e-02   7.9355193e-01
   2.4030000e-03   3.2680800e-02   7.8121610e-01
   4.0863750e-03   2.9806500e-02   7.5991557e-01
   2.1620250e-03   2.6905200e-02   7.4729270e-01
   1.1880000e-03   2.2809600e-02   7.4379358e-01
   1.4143500e-03   1.7915100e-02   7.7066388e-01
   9.4520000e-04   1.7013600e-02   8.5948100e-01
   1.6539250e-03   1.7956900e-02   9.5896430e-01
   2.8269000e-03   1.7903700e-02   1.0392350e+00
   1.8820000e-03   1.7879000e-02   1.0697043e+00
   1.4085000e-03   1.5963000e-02   1.0949107e+00
   1.8682000e-03   1.4945600e-02   1.2301803e+00
   1.6310000e-03   1.7708000e-02   1.4885018e+00
   1.6341500e-03   2.1477400e-02   1.8634457e+00
   3.0368000e-03   2.7097600e-02   2.4701060e+00
   4.8982500e-03   3.3588000e-02   3.1038225e+00
   4.6590000e-03   3.6340200e-02   3.4092888e+00
   4.4350750e-03   3.6414300e-02   3.2435135e+00
   3.9712000e-03   3.3638400e-02   2.8678543e+00
   4.4232000e-03   3.4454400e-02   2.9105235e+00
   4.8914250e-03   3.8199700e-02   3.2474250e+00
   2.8023000e-03   4.1100400e-02   3.6037670e+00
   3.7328000e-03   4.5726800e-02   4.0313280e+00
   6.2808750e-03   5.9552000e-02   4.7680620e+00
   8.6034250e-03   8.2778900e-02   5.9459478e+00
   1.0025450e-02   1.0818160e-01   7.2934307e+00
   1.1911050e-02   1.4013000e-01   8.6112665e+00
   1.3550250e-02   1.7101350e-01   9.5722313e+00
   1.4258750e-02   2.0196000e-01   1.0386087e+01
   1.7049150e-02   2.3635260e-01   1.1407248e+01
   1.9605600e-02   2.6420880e-01   1.2333795e+01
   2.2196750e-02   2.8785680e-01   1.2995225e+01
   2.2461600e-02   3.1259060e-01   1.3658805e+01
   2.1710850e-02   3.3616800e-01   1.4315352e+01
   2.3502700e-02   3.5556560e-01   1.4803190e+01
   2.5279825e-02   3.7293540e-01   1.5185288e+01
   2.5506000e-02   3.8937600e-01   1.5513125e+01
   2.7059900e-02   4.0496540e-01   1.5770858e+01
   2.8314600e-02   4.1804320e-01   1.5969413e+01
   2.8008150e-02   4.2609120e-01   1.6148728e+01
   2.8056300e-02   4.3612720e-01   1.6248658e+01
   2.9219200e-02   4.4650590e-01   1.6276405e+01
   2.9171200e-02   4.5215360e-01   1.6287238e+01
   2.7648250e-02   4.5325000e-01   1.6238140e+01
   2.8113900e-02   4.5072930e-01   1.6100968e+01
   2.7893325e-02   4.3631510e-01   1.5798625e+01
   2.7021925e-02   4.1418480e-01   1.5333700e+01
   2.6794850e-02   4.0146860e-01   1.4945140e+01
   2.7114150e-02   4.0375020e-01   1.4808467e+01
   2.6824350e-02   4.1282220e-01   1.4955532e+01
   2.6873175e-02   4.2093780e-01   1.5097893e+01
   2.7822600e-02   4.2887520e-01   1.5103193e+01
   2.8985600e-02   4.3478400e-01   1.5087467e+01
   2.8064300e-02   4.3092280e-01   1.4984672e+01
   2.6304525e-02   4.1637590e-01   1.4708470e+01
   2.5419350e-02   4.0221060e-01   1.4435405e+01
   2.5373600e-02   3.9691560e-01   1.4306520e+01
   2.7189000e-02   4.0058460e-01   1.4321410e+01
   2.8665000e-02   4.1223000e-01   1.4449155e+01
   2.7938000e-02   4.2502400e-01   1.4546273e+01
   2.7492000e-02   4.3070800e-01   1.4618952e+01
   2.7528000e-02   4.3586000e-01   1.4695858e+01
   2.7600000e-02   4.3792000e-01   1.4679260e+01
   2.9371925e-02   4.3479700e-01   1.4539850e+01
   2.9109375e-02   4.2662700e-01   1.4315733e+01
   2.7337050e-02   4.1589700e-01   1.4070315e+01
   2.7076750e-02   4.0874120e-01   1.3915453e+01
   2.6237625e-02   4.0561950e-01   1.3847980e+01
   2.5262450e-02   4.0419920e-01   1.3737373e+01
   2.6551250e-02   4.0454450e-01   1.3657280e+01
   2.6179075e-02   4.0637610e-01   1.3675185e+01
   2.5698600e-02   4.0165960e-01   1.3574790e+01
   2.5685100e-02   3.9383820e-01   1.3346738e+01
   2.5173750e-02   3.9031300e-01   1.3201962e+01
   2.5188800e-02   3.8945760e-01   1.3173632e+01
   2.6311500e-02   3.8687650e-01   1.3071012e+01
   2.5281350e-02   3.8388380e-01   1.2928665e+01
   2.4029325e-02   3.8347830e-01   1.2861885e+01
   2.5461600e-02   3.8068800e-01   1.2749540e+01
   2.6062750e-02   3.7471350e-01   1.2576045e+01
   2.5516400e-02   3.6409940e-01   1.2406625e+01
   2.4527500e-02   3.6006370e-01   1.2235438e+01
   2.4201100e-02   3.5462020e-01   1.2088658e+01
   2.4832500e-02   3.4765500e-01   1.1916510e+01
   2.3481200e-02   3.3872880e-01   1.1647360e+01
   2.1458250e-02   3.3121440e-01   1.1431170e+01
   2.1602750e-02   3.3039500e-01   1.1367352e+01
   2.3006250e-02   3.2822250e-01   1.1272675e+01
   2.1876875e-02   3.1399750e-01   1.0907882e+01
   2.0862000e-02   2.9936970e-01   1.0556103e+01
   2.1162000e-02   2.9838420e-01   1.0381083e+01
   2.0533975e-02   2.8907570e-01   1.0128200e+01
   1.9582250e-02   2.7468800e-01   9.8125172e+00
   1.8805500e-02   2.6435160e-01   9.5765035e+00
   1.8322600e-02   2.5328300e-01   9.3492320e+00
   1.7514250e-02   2.4358280e-01   9.1338567e+00
   1.6479150e-02   2.3989320e-01   9.0409283e+00
   1.6236000e-02   2.3379840e-01   8.9125505e+00
   1.6285500e-02   2.2473990e-01   8.6981238e+00
   1.3763750e-02   2.1691670e-01   8.4634887e+00
   1.1679150e-02   1.9910170e-01   8.0416902e+00
   1.1377500e-02   1.7538000e-01   7.5947885e+00
   1.2480750e-02   1.5753480e-01   7.2322293e+00
   1.2041075e-02   1.4113260e-01   6.7037433e+00
   9.5514500e-03   1.2248330e-01   6.0300530e+00
   8.7567250e-03   1.0508070e-01   5.4582265e+00
   6.8556000e-03   8.9122800e-02   4.9697810e+00
   6.3371000e-03   7.8349600e-02   4.5374602e+00
   4.6596000e-03   6.8729100e-02   3.9789592e+00
   3.8142000e-03   5.3985600e-02   3.2699825e+00
   2.9512500e-03   4.0137000e-02   2.6510162e+00
   1.7824500e-03   2.9707500e-02   2.1068105e+00
   5.9730000e-04   2.3892000e-02   1.6224690e+00
   1.7985000e-03   2.0383000e-02   1.2653485e+00
   1.7928000e-03   1.7928000e-02   1.0058598e+00
   8.9430000e-04   1.3116400e-02   7.9953025e-01
   3.0130000e-04   9.6416000e-03   6.3825178e-01
   3.0555000e-04   1.2222000e-02   5.3519400e-01
   1.2152000e-03   1.0936800e-02   4.6542878e-01
   0.0000000e+00   9.5952000e-03   4.1140817e-01
   5.9780000e-04   9.5648000e-03   3.7369500e-01
   5.9920000e-04   7.1904000e-03   3.4513875e-01
   6.0410000e-04   7.2492000e-03   3.2318700e-01
   6.0775000e-04   8.5085000e-03   3.1108263e-01
   6.0085000e-04   7.2102000e-03   2.9615520e-01
   5.9745000e-04   5.9745000e-03   2.8330163e-01
   2.9995000e-04   5.9990000e-03   2.7452520e-01
  -9.0577500e-04   6.0385000e-03   2.5765480e-01
  -3.0357500e-04   6.0715000e-03   2.4543090e-01
   9.0997500e-04   8.4931000e-03   2.4073238e-01
   1.2252000e-03   8.5764000e-03   2.3018860e-01
   6.1785000e-04   1.2357000e-03   2.3057590e-01
   3.0982500e-04   3.7179000e-03   2.2775545e-01
  -3.0890000e-04   3.7068000e-03   2.2107750e-01
   3.0710000e-04   3.6852000e-03   2.1842920e-01
   0.0000000e+00   4.9140000e-03   2.1517275e-01
   3.0542500e-04   3.6651000e-03   2.1233497e-01
   0.0000000e+00   3.6504000e-03   2.0791083e-01
   3.0225000e-04   2.4180000e-03   2.1169250e-01
   1.2006000e-03   1.2006000e-03   2.1487960e-01
   3.0090000e-04   0.0000000e+00   2.1580225e-01
   3.0482500e-04   4.8772000e-03   2.1424375e-01
   1.2236000e-03   8.5652000e-03   2.0324043e-01
