   3.5573672e-03
   3.3361645e-03
   3.7035444e-03
   3.7127881e-03
   3.7754533e-03
   3.3178342e-03
   3.3505096e-03
   3.5556296e-03
   3.8671842e-03
   4.0239791e-03
   3.2960625e-03
   3.5785486e-03
   3.3365647e-03
   4.0977126e-03
   4.4221665e-03
   5.2686576e-03
   5.7232729e-03
   6.1898636e-03
   6.6371501e-03
   7.4132152e-03
   8.5575164e-03
   8.0009105e-03
   8.9067334e-03
   9.4571878e-03
   1.0211631e-02
   1.0094748e-02
   1.0432834e-02
   1.0982158e-02
   1.1166997e-02
   1.1542667e-02
   1.1201944e-02
   1.1887373e-02
   1.2126378e-02
   1.2349215e-02
   1.2491248e-02
   1.2682309e-02
   1.2508121e-02
   1.2943482e-02
   1.3248757e-02
   1.3324391e-02
   1.3090794e-02
   1.3971878e-02
   1.4358834e-02
   1.4679118e-02
   1.4669072e-02
   1.5062591e-02
   1.3536135e-02
   1.3590366e-02
   1.4044209e-02
   1.4223466e-02
   1.4594243e-02
   1.4727248e-02
   1.5266346e-02
   1.5297265e-02
   1.5491897e-02
   1.5720039e-02
   1.5485070e-02
   1.5759794e-02
   1.5793699e-02
   1.5746548e-02
   1.5947720e-02
   1.6107213e-02
   1.6228374e-02
   1.6373968e-02
   1.6472867e-02
   1.6472826e-02
   1.6562928e-02
   1.6695860e-02
   1.6636559e-02
   1.6626412e-02
   1.6700835e-02
   1.6816488e-02
   1.6795408e-02
   1.6871226e-02
   1.6827291e-02
   1.6789890e-02
   1.6503381e-02
   1.6412703e-02
   1.6207066e-02
   1.6155229e-02
   1.5911427e-02
   1.5691740e-02
   1.5468526e-02
   1.5279109e-02
   1.5215659e-02
   1.5127464e-02
   1.5061853e-02
   1.4969176e-02
   1.4831619e-02
   1.4689408e-02
   1.4537544e-02
   1.4422936e-02
   1.4247603e-02
   1.4105134e-02
   1.3965340e-02
   1.3895461e-02
   1.3718212e-02
   1.3566405e-02
   1.3368031e-02
   1.3242598e-02
   1.3173142e-02
   1.3029724e-02
   1.2955642e-02
   1.2762452e-02
   1.2660378e-02
   1.2556227e-02
   1.2429144e-02
   1.2281331e-02
   1.2144513e-02
   1.2013524e-02
   1.1936680e-02
   1.1848775e-02
   1.1801044e-02
   1.1748315e-02
   1.1723221e-02
   1.1709887e-02
   1.1739131e-02
   1.1726826e-02
   1.1717054e-02
   1.1687360e-02
   1.1637677e-02
   1.1605644e-02
   1.1542552e-02
   1.1467845e-02
   1.1378820e-02
   1.1304734e-02
   1.1203891e-02
   1.1140637e-02
   1.1059519e-02
   1.0970720e-02
   1.0884139e-02
   1.0832579e-02
   1.0746350e-02
   1.0605710e-02
   1.0469545e-02
   1.0352048e-02
   1.0209723e-02
   1.0044048e-02
   9.8637170e-03
   9.6733524e-03
   9.5102923e-03
   9.3049836e-03
   9.1025618e-03
   8.8830367e-03
   8.6696096e-03
   8.4422049e-03
   8.1770901e-03
   7.9030160e-03
   7.6432435e-03
   7.4129517e-03
   7.2582155e-03
   7.1633061e-03
   7.0875927e-03
   7.0171219e-03
   6.9526655e-03
   6.8918106e-03
   6.8272184e-03
   6.7775913e-03
   6.7229248e-03
   6.6573977e-03
   6.5769806e-03
   6.5031069e-03
   6.4297524e-03
   6.3575182e-03
   6.2712168e-03
   6.2012734e-03
   6.1334501e-03
   6.0491535e-03
   5.9683438e-03
   5.8751976e-03
   5.7914033e-03
   5.7113977e-03
   5.6166438e-03
   5.5237465e-03
   5.4402474e-03
   5.3712561e-03
   5.3143893e-03
   5.2621927e-03
   5.2138454e-03
   5.1637629e-03
   5.1104593e-03
   5.0499058e-03
   5.0013906e-03
   4.9433482e-03
   4.8876862e-03
   4.8183007e-03
   4.7503024e-03
   4.6821235e-03
   4.6099413e-03
   4.5366927e-03
   4.4645582e-03
   4.3983476e-03
   4.3300714e-03
   4.2614268e-03
   4.1875813e-03
   4.1175089e-03
   4.0537060e-03
   3.9662453e-03
   3.8860379e-03
   3.7973960e-03
   3.7348308e-03
   3.6834208e-03
   3.6327170e-03
   3.5965090e-03
   3.5567681e-03
   3.5160804e-03
   3.4853477e-03
   3.4560032e-03
   3.4331838e-03
   3.4096063e-03
   3.3903963e-03
   3.3727040e-03
   3.3675540e-03
   3.3434038e-03
   3.3152067e-03
   3.2969686e-03
   3.2780940e-03
   3.2623196e-03
   3.2514944e-03
   3.2441354e-03
   3.2520092e-03
   3.2561432e-03
   3.2449604e-03
   3.2176509e-03
   3.1990270e-03
   3.1642450e-03
   3.1415671e-03
   3.1206533e-03
   3.1008439e-03
   3.0939695e-03
   3.0875058e-03
   3.0587556e-03
   3.0527372e-03
   3.0376904e-03
   3.0236826e-03
   3.0111051e-03
   2.9885462e-03
   2.9565258e-03
   2.9303320e-03
   2.9134494e-03
   2.9177608e-03
   2.9158987e-03
   2.9106639e-03
   2.9159273e-03
   2.9022882e-03
   2.9010516e-03
   2.8933865e-03
   2.8907780e-03
   2.8884968e-03
   2.8876274e-03
   2.8632525e-03
   2.8479510e-03
   2.8385543e-03
   2.8326987e-03
   2.8252221e-03
   2.8148379e-03
   2.8147019e-03
   2.8163767e-03
   2.8072717e-03
   2.7997065e-03
   2.7919872e-03
   2.7930358e-03
   2.7731873e-03
   2.7447807e-03
   2.7042554e-03
   2.6541543e-03
   2.6321388e-03
   2.6231305e-03
   2.6117210e-03
   2.5979976e-03
   2.5870840e-03
   2.5838045e-03
   2.5708236e-03
   2.5566130e-03
   2.5475529e-03
   2.5396900e-03
   2.5598544e-03
   2.5452019e-03
   2.5566399e-03
   2.5501925e-03
   2.5423627e-03
   2.5360864e-03
   2.5352922e-03
   2.5108141e-03
   2.4651198e-03
   2.4063684e-03
   2.3493684e-03
   2.3520515e-03
   2.3713111e-03
   2.3749446e-03
   2.3427301e-03
   2.3313622e-03
   2.3274385e-03
   2.3301496e-03
   2.3417131e-03
   2.3643142e-03
   2.3768121e-03
   2.3934656e-03
   2.4044164e-03
   2.4081689e-03
   2.4282477e-03
   2.4194489e-03
   2.4398607e-03
   2.4361681e-03
   2.4512766e-03
   2.4366290e-03
   2.4474873e-03
   2.4310019e-03
   2.4274273e-03
   2.4192078e-03
   2.4157921e-03
   2.4009312e-03
   2.3818218e-03
   2.3491624e-03
   2.2485320e-03
   2.1255865e-03
   2.1071986e-03
   2.1420988e-03
   2.2090107e-03
   2.2899934e-03
   2.3469075e-03
   2.3606887e-03
   2.3862674e-03
   2.3976303e-03
   2.3790318e-03
   2.3913834e-03
   2.3818789e-03
   2.3799777e-03
   2.3773547e-03
   2.3616256e-03
   2.3722349e-03
   2.3549688e-03
   2.3562159e-03
   2.3331178e-03
   2.3127590e-03
   2.2970927e-03
   2.3116404e-03
   2.2987826e-03
   2.2819205e-03
   2.2932272e-03
   2.2631852e-03
   2.2753867e-03
   2.2750616e-03
   2.2647476e-03
   2.2597887e-03
   2.2399743e-03
   2.2326446e-03
   2.2177234e-03
   2.2090201e-03
   2.2058403e-03
   2.1749311e-03
   2.1318341e-03
   2.0886901e-03
   2.0612726e-03
   2.1096003e-03
   2.1114332e-03
   2.0840480e-03
   2.1152900e-03
   2.1538031e-03
   2.1149725e-03
   2.1424394e-03
   2.1000648e-03
   2.0951264e-03
   2.0945341e-03
   2.1072975e-03
   2.1420371e-03
   2.1436632e-03
   2.1414975e-03
   2.1472847e-03
   2.1415108e-03
   2.1401633e-03
   2.1400993e-03
   2.1819084e-03
   2.1731407e-03
   2.1861457e-03
   2.1463963e-03
   2.1875287e-03
   2.1795517e-03
   2.1810210e-03
   2.1948385e-03
   2.1818360e-03
   2.1552151e-03
   2.1653926e-03
   2.1540831e-03
   2.1513926e-03
   2.1500005e-03
   2.1527441e-03
   2.1770465e-03
   2.1574481e-03
   2.1402562e-03
   2.1560679e-03
   2.1385703e-03
   2.1495694e-03
   2.1286575e-03
   2.1404765e-03
   2.0831879e-03
   2.1361390e-03
   2.1377654e-03
   2.1408943e-03
   2.1066674e-03
   2.1295847e-03
   2.1073778e-03
   2.0960167e-03
   2.1202727e-03
   2.0754503e-03
   2.0934336e-03
   2.0876726e-03
   2.1319453e-03
   2.0129673e-03
   1.9802109e-03
   1.9395192e-03
   1.8688058e-03
   1.8885485e-03
   1.9048921e-03
   1.8352014e-03
   1.9533883e-03
   1.9321021e-03
   1.9345159e-03
   1.8691930e-03
   1.8883951e-03
   1.8578634e-03
   1.8591026e-03
   1.8480344e-03
   1.8555397e-03
   1.9137183e-03
   1.7976364e-03
   1.8740007e-03
   1.8774944e-03
   1.9748466e-03
   1.8854679e-03
   1.9223872e-03
   1.8808744e-03
   1.7492645e-03
   1.7953077e-03
   1.6906175e-03
   1.5203114e-03
   1.3293543e-03
   1.2336538e-03
   1.1940262e-03
   1.3679815e-03
   1.0980469e-03
   1.3089862e-03
   1.4780994e-03
   1.3655638e-03
   1.5051629e-03
   1.6779672e-03
   1.3423964e-03
   1.3708323e-03
   1.2579833e-03
   1.5527557e-03
   1.5661852e-03
   1.4479444e-03
   1.5390823e-03
   1.7188106e-03
   1.6243491e-03
   1.7096487e-03
   1.8274949e-03
   1.9080280e-03
   1.7573318e-03
   1.7204554e-03
   1.8259008e-03
   1.8635960e-03
   1.7761130e-03
   2.0188789e-03
   2.0188789e-03
   1.9175493e-03
   1.9208930e-03
   1.8645025e-03
   1.8596995e-03
   1.8952931e-03
   1.9093810e-03
   1.9465658e-03
   1.9532351e-03
   1.7827959e-03
   1.8018978e-03
   1.9147161e-03
   1.9345265e-03
   2.0049930e-03
   1.9750037e-03
   1.8167308e-03
   1.7707847e-03
   1.8314248e-03
   2.0141061e-03
   2.1036420e-03
   2.1431574e-03
   1.9119016e-03
   2.0275110e-03
   2.1343539e-03
   2.1819100e-03
   1.8996661e-03
   1.9720223e-03
   2.1067774e-03
   2.1619983e-03
   1.8839207e-03
   1.9547423e-03
   1.6948279e-03
   1.5824737e-03
   1.6453995e-03
   1.8962212e-03
   1.8601075e-03
   1.8205218e-03
   1.8515785e-03
   1.8173621e-03
   1.7965079e-03
   1.7824902e-03
   1.7463265e-03
   1.7105690e-03
   1.6887627e-03
   1.6831334e-03
   1.6709988e-03
   1.6589463e-03
   1.6524902e-03
   1.6669832e-03
   1.6983092e-03
   1.7295323e-03
   1.7463015e-03
   1.7520894e-03
   1.7646219e-03
   1.7771456e-03
   1.7838853e-03
   1.7766698e-03
   1.7632543e-03
   1.7498169e-03
   1.7425729e-03
   1.7493709e-03
   1.7641312e-03
   1.7789360e-03
   1.7869264e-03
   1.7864828e-03
   1.7840336e-03
   1.7136907e-03
   1.6979758e-03
   1.7055407e-03
   1.7202695e-03
   1.7425381e-03
   1.7611049e-03
   1.7360255e-03
   1.7174449e-03
   1.7088245e-03
   1.7139480e-03
   1.7020292e-03
   1.7136546e-03
   1.6942584e-03
   1.7311237e-03
   1.7363219e-03
   1.7960787e-03
   1.7804028e-03
   1.7118760e-03
   1.6578135e-03
   1.7260855e-03
   1.6510737e-03
   1.4564509e-03
   1.4345604e-03
   1.4406537e-03
   1.3606468e-03
   1.3619954e-03
   1.4440680e-03
   1.3393736e-03
   1.4241917e-03
   1.3212701e-03
   1.2768293e-03
   1.3744712e-03
   1.3878002e-03
   1.5450322e-03
   1.6282441e-03
   1.5799185e-03
   1.5941628e-03
   1.6731360e-03
   1.7042865e-03
   1.6482357e-03
   1.6510517e-03
   1.6434698e-03
   1.6061017e-03
   1.6448629e-03
   1.6220764e-03
   1.5698469e-03
   1.6336895e-03
   1.6714603e-03
   1.6721172e-03
   1.6941375e-03
   1.6499086e-03
   1.6541048e-03
   1.6938449e-03
   1.6586336e-03
   1.5927778e-03
   1.5774108e-03
   1.6497743e-03
   1.7397139e-03
   1.6971039e-03
   1.5972892e-03
   1.6139011e-03
   1.6451423e-03
   1.6054396e-03
   1.6075443e-03
   1.6548048e-03
   1.6488890e-03
   1.6041573e-03
   1.6283958e-03
   1.6510402e-03
   1.6020115e-03
   1.5655631e-03
   1.5868369e-03
   1.6036733e-03
   1.5762787e-03
   1.4844217e-03
   1.4500812e-03
   1.5012186e-03
   1.4345033e-03
   1.4250010e-03
   1.4618700e-03
   1.4265864e-03
   1.2948676e-03
   1.3600291e-03
   1.2833784e-03
   8.1477833e-04
   3.8377816e-04
   1.0118079e-03
   1.0770608e-03
   6.3863215e-04
   1.0499403e-03
   8.2518529e-04
   1.4830359e-03
   1.1773920e-03
   7.8536657e-04
   7.7240812e-04
   3.8986783e-04
   2.2144230e-03
   4.5696047e-03
   2.1516545e-03
   9.6564302e-04
   1.3564807e-03
   6.9205367e-04
   1.3390538e-03
   2.3653702e-03
   1.4151427e-03
   9.8614792e-04
   1.2684297e-03
   8.5072517e-04
   6.3958158e-04
   1.0034906e-03
   1.3552673e-03
   1.1470363e-03
   1.1361528e-03
   1.1431617e-03
   1.2759271e-03
   1.2639882e-03
   5.4272162e-04
   6.9234310e-04
   1.0600552e-03
   1.1602194e-03
   1.0691077e-03
   1.0480560e-03
   1.0476395e-03
   9.7239778e-04
   1.0678735e-03
   1.1484099e-03
   1.2518732e-03
   1.1731506e-03
   1.0329827e-03
   1.0929989e-03
   1.1589682e-03
   1.1272293e-03
   1.1869797e-03
   1.2339246e-03
   1.1909826e-03
   1.1739009e-03
   1.2302143e-03
   1.2193076e-03
   1.1278152e-03
   1.1695685e-03
   1.1967794e-03
   1.2059607e-03
   1.2396440e-03
   1.2694740e-03
   1.2251203e-03
   1.2057320e-03
   1.2573479e-03
   1.3276765e-03
   1.2806084e-03
   1.2053813e-03
   1.1870725e-03
   1.2021911e-03
   1.3224263e-03
   1.3962874e-03
   1.3188728e-03
   1.2738000e-03
   1.2623637e-03
   1.2658057e-03
   1.4042328e-03
   1.4196300e-03
   1.3341352e-03
   1.3408673e-03
   1.2914476e-03
   1.2329881e-03
   1.3340655e-03
   1.3023450e-03
   1.2837377e-03
   1.3167300e-03
   1.2979359e-03
   1.3032069e-03
   1.4033975e-03
   1.3439369e-03
   1.2542202e-03
   1.3821187e-03
   1.4587711e-03
   1.4522739e-03
   1.3985632e-03
   1.3978178e-03
   1.4830338e-03
   1.4170698e-03
   1.2804402e-03
   1.3018251e-03
   1.4412327e-03
   1.4127522e-03
   1.3922295e-03
   1.4465557e-03
   1.4395940e-03
   1.4191144e-03
   1.3952077e-03
   1.4018550e-03
   1.3682820e-03
   1.2762604e-03
   1.2814458e-03
   1.3401751e-03
   1.0984096e-03
   9.4242312e-04
   1.0224867e-03
   1.2771083e-03
   1.3625919e-03
   1.1656484e-03
   1.2078284e-03
   1.0101304e-03
   1.0410008e-03
   8.1532189e-04
   8.2641823e-04
   8.0144110e-04
   5.5563975e-04
   6.4868528e-05
   1.0895928e-03
   1.4152818e-03
   7.8067008e-04
   1.6095909e-04
   1.0059792e-04
   2.1269805e-03
  -4.8033069e-04
   1.0725702e-03
   1.3070529e-03
   1.4072460e-03
   1.3903653e-03
   1.5274316e-03
   1.6745612e-03
   6.4256880e-04
  -3.9981292e-03
  -1.7463848e-03
   3.0534349e-03
   4.5552651e-03
   2.5692230e-03
   1.0241481e-03
  -1.7425613e-03
   1.0584837e-03
  -4.7033479e-04
   1.0829243e-03
  -3.6159513e-04
   1.1925391e-03
   5.4722449e-03
   1.3943321e-03
   9.5395857e-04
   5.1525220e-03
