   1.4019076e-03
   7.5496683e-04
   2.0510261e-03
   1.2319690e-03
   5.2524672e-04
   4.9882569e-04
   9.0295837e-04
   1.1074494e-03
   1.5214044e-03
   1.0609010e-03
   1.5650582e-03
   1.8562020e-03
   1.9239008e-03
   2.3792385e-03
   1.9451780e-03
   3.1621961e-03
   3.9289474e-03
   3.9107999e-03
   4.6519921e-03
   5.4084995e-03
   6.7563231e-03
   6.0597038e-03
   7.1766127e-03
   7.7250719e-03
   8.5367640e-03
   8.3861071e-03
   8.7718021e-03
   9.3495119e-03
   9.5724376e-03
   9.9245555e-03
   9.6028030e-03
   1.0379636e-02
   1.0610721e-02
   1.0848822e-02
   1.1045540e-02
   1.1240468e-02
   1.1073825e-02
   1.1505166e-02
   1.1850658e-02
   1.1925462e-02
   1.1669662e-02
   1.2639124e-02
   1.3016970e-02
   1.3372780e-02
   1.3371072e-02
   1.3796217e-02
   1.2112936e-02
   1.2134016e-02
   1.2654559e-02
   1.2789327e-02
   1.3261822e-02
   1.3384740e-02
   1.3949201e-02
   1.3970098e-02
   1.4197524e-02
   1.4414357e-02
   1.4154385e-02
   1.4442253e-02
   1.4485274e-02
   1.4426842e-02
   1.4634855e-02
   1.4816725e-02
   1.4946311e-02
   1.5086601e-02
   1.5211590e-02
   1.5164285e-02
   1.5268714e-02
   1.5415558e-02
   1.5349930e-02
   1.5316989e-02
   1.5443604e-02
   1.5536076e-02
   1.5496105e-02
   1.5591697e-02
   1.5545711e-02
   1.5508203e-02
   1.5226841e-02
   1.5119911e-02
   1.4895548e-02
   1.4854264e-02
   1.4571376e-02
   1.4345014e-02
   1.4087989e-02
   1.3903543e-02
   1.3832724e-02
   1.3768141e-02
   1.3684792e-02
   1.3585851e-02
   1.3436843e-02
   1.3283188e-02
   1.3133256e-02
   1.3009311e-02
   1.2819874e-02
   1.2653246e-02
   1.2512544e-02
   1.2423768e-02
   1.2243589e-02
   1.2074610e-02
   1.1882313e-02
   1.1747723e-02
   1.1688548e-02
   1.1529019e-02
   1.1452144e-02
   1.1244300e-02
   1.1141037e-02
   1.1023615e-02
   1.0882983e-02
   1.0733140e-02
   1.0587602e-02
   1.0443233e-02
   1.0363714e-02
   1.0272705e-02
   1.0217467e-02
   1.0156681e-02
   1.0119038e-02
   1.0112368e-02
   1.0131812e-02
   1.0117910e-02
   1.0099774e-02
   1.0061279e-02
   1.0002765e-02
   9.9545636e-03
   9.8888645e-03
   9.8127035e-03
   9.7142103e-03
   9.6211330e-03
   9.5151449e-03
   9.4543717e-03
   9.3659506e-03
   9.2793980e-03
   9.1759209e-03
   9.1261531e-03
   9.0541927e-03
   8.8969790e-03
   8.7586129e-03
   8.6295706e-03
   8.4904928e-03
   8.3184100e-03
   8.1294024e-03
   7.9356341e-03
   7.7724796e-03
   7.5587014e-03
   7.3439229e-03
   7.1035754e-03
   6.8808161e-03
   6.6603014e-03
   6.3825763e-03
   6.1057254e-03
   5.8473455e-03
   5.6203732e-03
   5.4575886e-03
   5.3562764e-03
   5.2779073e-03
   5.1992524e-03
   5.1370795e-03
   5.0692307e-03
   5.0017243e-03
   4.9442239e-03
   4.8823944e-03
   4.8076110e-03
   4.7299618e-03
   4.6521644e-03
   4.5669503e-03
   4.4903262e-03
   4.4067110e-03
   4.3339800e-03
   4.2561570e-03
   4.1685906e-03
   4.0785542e-03
   3.9811775e-03
   3.8943649e-03
   3.8152673e-03
   3.7134116e-03
   3.6190382e-03
   3.5414922e-03
   3.4613904e-03
   3.4026463e-03
   3.3462825e-03
   3.2978434e-03
   3.2348892e-03
   3.1809448e-03
   3.1116905e-03
   3.0628564e-03
   2.9993296e-03
   2.9298182e-03
   2.8453385e-03
   2.7746225e-03
   2.7032950e-03
   2.6192156e-03
   2.5476689e-03
   2.4700091e-03
   2.4090148e-03
   2.3337979e-03
   2.2606964e-03
   2.2058692e-03
   2.1272096e-03
   2.0557580e-03
   1.9592729e-03
   1.8646196e-03
   1.7491052e-03
   1.6776136e-03
   1.6294949e-03
   1.5803878e-03
   1.5432698e-03
   1.5121686e-03
   1.4762843e-03
   1.4568561e-03
   1.4366029e-03
   1.4088126e-03
   1.3912360e-03
   1.3635073e-03
   1.3498709e-03
   1.3426659e-03
   1.3147008e-03
   1.2883442e-03
   1.2687271e-03
   1.2429464e-03
   1.2317762e-03
   1.2144190e-03
   1.2159421e-03
   1.2062507e-03
   1.2129967e-03
   1.1913487e-03
   1.1458183e-03
   1.1200693e-03
   1.0799939e-03
   1.0595856e-03
   1.0415477e-03
   1.0132628e-03
   1.0040951e-03
   1.0094113e-03
   9.8520763e-04
   9.7808595e-04
   9.5989994e-04
   9.5164920e-04
   9.2879915e-04
   9.0014357e-04
   8.5907565e-04
   8.1336549e-04
   7.9690267e-04
   8.1602669e-04
   8.1047932e-04
   8.0143771e-04
   8.0690503e-04
   7.8677494e-04
   8.0764146e-04
   7.9821434e-04
   8.0287605e-04
   7.8667425e-04
   7.9891856e-04
   7.7116590e-04
   7.6411084e-04
   7.4299740e-04
   7.4108881e-04
   7.2884672e-04
   7.0505106e-04
   7.2306340e-04
   6.8708535e-04
   7.0049186e-04
   7.0798281e-04
   6.8421622e-04
   6.9559239e-04
   6.6595313e-04
   6.1557057e-04
   5.6969953e-04
   4.8145285e-04
   4.3789702e-04
   4.4576932e-04
   4.2726783e-04
   4.2662155e-04
   4.0416556e-04
   4.2337677e-04
   3.9844846e-04
   3.7957892e-04
   3.6155224e-04
   3.6484790e-04
   3.9168084e-04
   3.6942837e-04
   3.8284766e-04
   3.8668629e-04
   3.7432910e-04
   3.5953383e-04
   3.7681499e-04
   3.2987856e-04
   2.6421707e-04
   1.6020892e-04
   7.6551233e-05
   9.4997255e-05
   1.2794889e-04
   1.1723852e-04
   7.3144147e-05
   5.8269742e-05
   4.9005997e-05
   6.2052314e-05
   7.4233595e-05
   1.4688639e-04
   1.6936383e-04
   1.9336337e-04
   2.1510342e-04
   2.2742192e-04
   2.5454820e-04
   2.3277599e-04
   2.7840871e-04
   2.7979807e-04
   2.8605949e-04
   2.7456298e-04
   2.9763489e-04
   2.8366444e-04
   2.6598484e-04
   2.5481298e-04
   2.5229923e-04
   2.3403749e-04
   2.1138921e-04
   1.5821279e-04
  -4.5152628e-06
  -2.0267710e-04
  -1.9168158e-04
  -1.9013812e-04
  -7.6111923e-05
   5.0025712e-05
   1.4293406e-04
   1.8026759e-04
   2.0200535e-04
   2.1356174e-04
   2.0774728e-04
   2.0519213e-04
   2.0560884e-04
   1.9762276e-04
   1.9500955e-04
   1.9188083e-04
   1.8263699e-04
   1.5245166e-04
   1.5707788e-04
   9.2467247e-05
   8.2009821e-05
   5.6625092e-05
   9.8614487e-05
   1.1620499e-04
   8.1046849e-05
   8.3375341e-05
   4.2067459e-05
   3.9315576e-05
   3.8990868e-05
   5.2019650e-05
   4.4746225e-05
  -2.0577514e-05
   2.1566360e-07
   5.8403835e-06
  -3.1753514e-05
  -1.8884982e-05
  -9.6551491e-05
  -1.6565362e-04
  -2.0017101e-04
  -2.9642601e-04
  -2.6499028e-04
  -2.1625612e-04
  -1.8915851e-04
  -1.6874487e-04
  -2.0520493e-04
  -1.4702911e-04
  -1.7333766e-04
  -1.5706119e-04
  -1.4121170e-04
  -2.3834131e-04
  -1.5671506e-04
  -1.0187643e-04
  -1.2924845e-04
  -1.6406015e-04
  -8.4013603e-05
  -1.0585274e-04
  -1.0121256e-04
  -9.6160778e-05
  -4.5158972e-05
  -6.2396697e-05
  -3.0232351e-05
  -7.8438190e-05
  -5.2221704e-05
  -2.9232686e-05
  -6.1000364e-05
  -5.8078222e-05
  -3.0643628e-05
  -1.4156279e-04
  -7.4230678e-05
  -8.3426986e-05
  -1.0243820e-04
  -4.9503301e-05
  -1.3387075e-04
  -8.3538325e-05
  -7.7314413e-05
  -8.9896213e-05
  -9.8323460e-05
  -9.1039070e-05
  -9.6670014e-05
  -1.4014825e-04
  -1.2876435e-04
  -1.0150155e-04
  -5.5464838e-05
  -1.0558038e-04
  -9.6840279e-05
  -1.7094065e-04
  -1.7497569e-04
  -1.1569638e-04
  -1.3400012e-04
  -1.6809650e-04
  -1.4329113e-04
  -2.1004175e-04
  -1.4669958e-04
  -1.8729815e-04
  -2.6690003e-04
  -3.2631418e-04
  -3.5954729e-04
  -5.3759190e-04
  -3.9674025e-04
  -3.9055025e-04
  -5.7742570e-04
  -2.5373028e-04
  -4.7832667e-04
  -4.3424962e-04
  -5.6681158e-04
  -4.0680607e-04
  -6.1634417e-04
  -5.1097617e-04
  -6.2286542e-04
  -5.8819899e-04
  -5.4702412e-04
  -5.6507187e-04
  -4.9455427e-04
  -5.8457124e-04
  -5.2474981e-04
  -4.1810683e-04
  -5.4092745e-04
  -6.1737587e-04
  -6.2625433e-04
  -7.5535072e-04
  -7.6432530e-04
  -1.0950743e-03
  -1.2995050e-03
  -1.4801563e-03
  -1.7939626e-03
  -1.8494422e-03
  -1.8760504e-03
  -1.1766814e-03
  -1.3339309e-03
  -1.2718440e-03
  -1.2344533e-03
  -8.0314366e-04
  -1.4220936e-03
  -1.2086143e-03
  -1.5732084e-03
  -1.2676548e-03
  -1.0017496e-03
  -1.2299292e-03
  -1.2266335e-03
  -1.2868905e-03
  -9.5267906e-04
  -1.0452048e-03
  -9.1184576e-04
  -5.3512642e-04
  -3.9245939e-04
  -4.2844414e-04
  -5.1635158e-04
  -3.2331614e-04
  -5.9617434e-04
  -2.5248194e-04
  -2.5248194e-04
  -5.8014169e-04
  -6.4130591e-04
  -5.7966903e-04
  -5.7441868e-04
  -3.6608077e-04
  -6.3375288e-04
  -3.7872654e-04
  -3.3298890e-04
  -4.5955661e-04
  -4.7839313e-04
  -2.4637165e-04
  -2.0562887e-04
  -2.4317080e-04
  -1.8448259e-04
  -4.0794219e-04
  -4.7281056e-04
  -3.4603322e-04
  -2.9184373e-04
  -2.9545016e-04
  -2.9704244e-04
  -1.3647314e-04
  -2.8139713e-04
  -2.0149786e-04
  -1.6593370e-04
  -3.1128760e-04
  -7.0646067e-04
  -5.0978474e-04
  -4.1096537e-04
  -9.9985215e-05
  -1.2413344e-04
  -4.9021684e-04
  -6.6596948e-04
  -4.4127210e-04
  -4.6009810e-04
  -4.6978021e-04
  -4.9356980e-04
  -5.4827626e-04
  -5.9576148e-04
  -6.2470318e-04
  -6.1865084e-04
  -6.0304049e-04
  -5.8760226e-04
  -5.7818749e-04
  -5.7952064e-04
  -5.8239123e-04
  -5.8524497e-04
  -5.8677320e-04
  -5.5514653e-04
  -4.8678922e-04
  -4.1865735e-04
  -3.8206501e-04
  -3.9405803e-04
  -4.2003011e-04
  -4.4598407e-04
  -4.5995166e-04
  -4.8779011e-04
  -5.3955185e-04
  -5.9139614e-04
  -6.1934441e-04
  -5.8488543e-04
  -5.1006022e-04
  -4.3501222e-04
  -3.9450863e-04
  -4.0913845e-04
  -4.8996107e-04
  -5.6988244e-04
  -6.6640593e-04
  -6.0020673e-04
  -4.7928033e-04
  -4.9695413e-04
  -4.0833929e-04
  -5.6856994e-04
  -6.2434437e-04
  -4.7887782e-04
  -4.8733967e-04
  -5.0101529e-04
  -5.2255533e-04
  -6.0829489e-04
  -6.6517065e-04
  -6.4202261e-04
  -5.0668002e-04
  -5.6164687e-04
  -7.1447841e-04
  -8.2935233e-04
  -6.8357152e-04
  -6.0715814e-04
  -8.6937543e-04
  -8.9329966e-04
  -1.0600411e-03
  -1.0880510e-03
  -1.0903369e-03
  -6.9138843e-04
  -6.1387928e-04
  -8.0006487e-04
  -1.2205213e-03
  -1.2046008e-03
  -9.0243749e-04
  -9.7941207e-04
  -8.6157442e-04
  -7.1213394e-04
  -6.4701791e-04
  -6.5024762e-04
  -7.3797902e-04
  -7.5867538e-04
  -8.3690512e-04
  -7.5999160e-04
  -7.0458243e-04
  -8.0780644e-04
  -7.4573433e-04
  -7.4670448e-04
  -8.5517486e-04
  -7.4869731e-04
  -6.9384742e-04
  -7.6944481e-04
  -6.6105165e-04
  -6.5713261e-04
  -6.5066396e-04
  -5.7448934e-04
  -6.4438040e-04
  -6.6017844e-04
  -7.4989648e-04
  -7.1708599e-04
  -5.8894724e-04
  -6.8754211e-04
  -8.2291837e-04
  -8.3963557e-04
  -8.0334094e-04
  -6.8576941e-04
  -7.6574669e-04
  -8.3858191e-04
  -8.1717984e-04
  -7.4153841e-04
  -6.9252470e-04
  -6.2086682e-04
  -7.2190354e-04
  -8.5804097e-04
  -8.3714728e-04
  -8.0766729e-04
  -9.1692456e-04
  -9.2894972e-04
  -1.0351646e-03
  -1.0159282e-03
  -9.6470412e-04
  -1.1358446e-03
  -1.1660868e-03
  -1.2674034e-03
  -1.2858675e-03
  -1.6663626e-03
  -1.6062028e-03
  -1.2669105e-03
  -2.5116591e-03
  -2.4322419e-03
  -7.5984618e-04
  -2.2264369e-03
  -2.1222903e-03
  -9.1092132e-04
  -8.2893579e-04
  -2.0881347e-03
  -2.1531818e-03
  -9.3914788e-04
   1.9577828e-04
   3.8928291e-03
   4.1558742e-03
  -7.9776265e-04
  -7.0398333e-04
  -6.5973072e-04
  -3.0356365e-03
  -2.0280597e-03
   6.4413809e-04
   5.4655076e-04
   5.0220154e-04
  -1.3595270e-03
  -1.6206983e-03
  -1.8630965e-03
  -2.0973203e-03
  -1.3478387e-03
  -1.4809204e-03
  -8.4410355e-04
  -9.1461262e-04
  -1.2720440e-03
  -8.6188614e-04
  -1.8260341e-03
  -2.1671006e-03
  -1.7142661e-03
  -1.3504180e-03
  -1.1432764e-03
  -1.3358077e-03
  -1.4338780e-03
  -1.6780650e-03
  -1.5805571e-03
  -1.4795469e-03
  -1.3581038e-03
  -1.3862863e-03
  -1.4808204e-03
  -1.3620425e-03
  -1.3009854e-03
  -1.3348034e-03
  -1.2634788e-03
  -1.1489761e-03
  -1.2948112e-03
  -1.2715608e-03
  -1.1733440e-03
  -1.1287982e-03
  -1.1931020e-03
  -1.2894108e-03
  -1.3594069e-03
  -1.3479516e-03
  -1.2363737e-03
  -1.2200046e-03
  -1.2508358e-03
  -1.1679492e-03
  -1.0560926e-03
  -1.0000973e-03
  -1.1056881e-03
  -1.1932943e-03
  -1.1448032e-03
  -1.2357404e-03
  -1.1156818e-03
  -1.0112412e-03
  -1.0886839e-03
  -1.1660995e-03
  -1.0533963e-03
  -1.0487838e-03
  -9.5331713e-04
  -1.0293890e-03
  -1.0447333e-03
  -8.6408850e-04
  -1.1146085e-03
  -1.3602713e-03
  -1.2585439e-03
  -1.2026719e-03
  -1.0637580e-03
  -1.0261233e-03
  -9.8497743e-04
  -1.2512090e-03
  -1.2245593e-03
  -9.6127578e-04
  -1.0077890e-03
  -7.6111472e-04
  -9.7367504e-04
  -1.0174771e-03
  -9.0865313e-04
  -1.0258566e-03
  -8.9485807e-04
  -1.1679931e-03
  -1.1045886e-03
  -8.1190017e-04
  -6.8784070e-04
  -6.7251216e-04
  -9.3928259e-04
  -1.0794753e-03
  -1.1093729e-03
  -1.1268298e-03
  -9.5221873e-04
  -9.9553737e-04
  -1.1711743e-03
  -1.0230077e-03
  -9.8217079e-04
  -1.2877816e-03
  -1.5945972e-03
  -1.7546920e-03
  -1.2035497e-03
  -1.0824042e-03
  -1.3906792e-03
  -1.1827835e-03
  -9.5435896e-04
  -1.3879168e-03
  -1.4599907e-03
  -1.8126349e-03
  -1.8912638e-03
  -2.0491661e-03
  -2.9183589e-03
  -1.4586603e-03
  -1.0645814e-03
  -1.8067936e-03
  -1.4744427e-03
  -2.9390684e-03
  -3.0982733e-03
   7.3318012e-03
  -3.1082874e-03
  -6.3544874e-03
  -3.0570173e-03
  -3.0899072e-03
  -3.1912525e-03
  -3.1293600e-03
  -3.0622786e-03
  -3.0780017e-03
  -7.7979057e-03
  -8.0850602e-03
  -3.3545493e-03
  -3.3952837e-03
  -2.7383286e-03
  -2.9641493e-03
  -2.9732705e-03
  -2.9754206e-03
  -3.0982915e-03
  -2.9834436e-03
  -8.8420610e-03
   2.8479179e-03
   2.8442881e-03
  -2.6279568e-03
   2.5943877e-03
  -3.4958906e-03
