   1.2444512e-03
   2.2086134e-03
   1.7730372e-03
   1.5359557e-03
   2.1836299e-03
   8.1820759e-04
   1.6150901e-03
   1.6404335e-03
   2.6020596e-03
   2.5279319e-03
   4.0741831e-04
   1.4314881e-03
   1.5619421e-03
   2.2531551e-03
   2.8377153e-03
   3.1607415e-03
   3.1929957e-03
   3.7566579e-03
   4.0559428e-03
   4.8468077e-03
   5.8750770e-03
   5.2782877e-03
   5.9941511e-03
   6.5876248e-03
   7.2347924e-03
   7.0985534e-03
   7.4061751e-03
   7.8926529e-03
   7.9974718e-03
   8.3470340e-03
   8.0750625e-03
   8.6558202e-03
   8.8494750e-03
   9.0673222e-03
   9.1493601e-03
   9.3588834e-03
   9.2256317e-03
   9.5954381e-03
   9.9094225e-03
   9.9960617e-03
   9.7127002e-03
   1.0564610e-02
   1.0914340e-02
   1.1220008e-02
   1.1246180e-02
   1.1585696e-02
   1.0241983e-02
   1.0362562e-02
   1.0743862e-02
   1.0901927e-02
   1.1267755e-02
   1.1419275e-02
   1.1872444e-02
   1.1933982e-02
   1.2123348e-02
   1.2339276e-02
   1.2165368e-02
   1.2424107e-02
   1.2465300e-02
   1.2404034e-02
   1.2627609e-02
   1.2771844e-02
   1.2880217e-02
   1.3017174e-02
   1.3119890e-02
   1.3132706e-02
   1.3264201e-02
   1.3330899e-02
   1.3360668e-02
   1.3327831e-02
   1.3385311e-02
   1.3505131e-02
   1.3491535e-02
   1.3566410e-02
   1.3534039e-02
   1.3503115e-02
   1.3210092e-02
   1.3152634e-02
   1.2962492e-02
   1.2902382e-02
   1.2705438e-02
   1.2503376e-02
   1.2312096e-02
   1.2126239e-02
   1.2079178e-02
   1.1993172e-02
   1.1934345e-02
   1.1842446e-02
   1.1705730e-02
   1.1587133e-02
   1.1451462e-02
   1.1335629e-02
   1.1187775e-02
   1.1059333e-02
   1.0934776e-02
   1.0881188e-02
   1.0711104e-02
   1.0584307e-02
   1.0391150e-02
   1.0270423e-02
   1.0200731e-02
   1.0068085e-02
   9.9964323e-03
   9.8148330e-03
   9.7244300e-03
   9.6322774e-03
   9.5107425e-03
   9.3698867e-03
   9.2502030e-03
   9.1291457e-03
   9.0643250e-03
   8.9792974e-03
   8.9385858e-03
   8.9020097e-03
   8.8979284e-03
   8.8905332e-03
   8.9158308e-03
   8.9202103e-03
   8.9198763e-03
   8.8979189e-03
   8.8562316e-03
   8.8363999e-03
   8.7750671e-03
   8.7149910e-03
   8.6366254e-03
   8.5746792e-03
   8.4888669e-03
   8.4349377e-03
   8.3570858e-03
   8.2606355e-03
   8.1851821e-03
   8.1479941e-03
   8.0595803e-03
   7.9259892e-03
   7.7880495e-03
   7.6743945e-03
   7.5349997e-03
   7.3682691e-03
   7.1973589e-03
   7.0027732e-03
   6.8435543e-03
   6.6426436e-03
   6.4479167e-03
   6.2391297e-03
   6.0299960e-03
   5.7995705e-03
   5.5436729e-03
   5.2587072e-03
   4.9839524e-03
   4.7539162e-03
   4.6026151e-03
   4.5167961e-03
   4.4410521e-03
   4.3796925e-03
   4.3145738e-03
   4.2609156e-03
   4.2025302e-03
   4.1568453e-03
   4.1112908e-03
   4.0499913e-03
   3.9653967e-03
   3.9004786e-03
   3.8257441e-03
   3.7586219e-03
   3.6683014e-03
   3.6062641e-03
   3.5487602e-03
   3.4704087e-03
   3.3931200e-03
   3.2978226e-03
   3.2233597e-03
   3.1501850e-03
   3.0492892e-03
   2.9614466e-03
   2.8873653e-03
   2.8253871e-03
   2.7602391e-03
   2.7076074e-03
   2.6666258e-03
   2.6200773e-03
   2.5729202e-03
   2.5182579e-03
   2.4619986e-03
   2.4147078e-03
   2.3687738e-03
   2.3068060e-03
   2.2528396e-03
   2.1893878e-03
   2.1216854e-03
   2.0504730e-03
   1.9828464e-03
   1.9144334e-03
   1.8531441e-03
   1.7845993e-03
   1.7015354e-03
   1.6220996e-03
   1.5762415e-03
   1.4857996e-03
   1.4322018e-03
   1.3672749e-03
   1.3127274e-03
   1.2489017e-03
   1.2060692e-03
   1.1673036e-03
   1.1097061e-03
   1.0685215e-03
   1.0276810e-03
   9.8974725e-04
   9.7036620e-04
   9.3537911e-04
   9.2018028e-04
   9.0191602e-04
   8.9674122e-04
   8.7143512e-04
   8.5142254e-04
   8.2673810e-04
   8.1428343e-04
   7.9270573e-04
   7.8777938e-04
   7.7641398e-04
   8.0656336e-04
   8.1542198e-04
   8.0304573e-04
   7.8250729e-04
   7.9377606e-04
   7.5390319e-04
   7.3126145e-04
   7.2358051e-04
   7.0317674e-04
   6.9487911e-04
   6.7957812e-04
   6.4572539e-04
   6.4374892e-04
   6.2538834e-04
   6.2141711e-04
   6.0650719e-04
   5.9177866e-04
   5.6404077e-04
   5.6699691e-04
   5.4692823e-04
   5.5683131e-04
   5.3394996e-04
   5.2628467e-04
   5.3717118e-04
   5.2677028e-04
   5.2326242e-04
   5.1037353e-04
   5.0783011e-04
   5.0496726e-04
   5.0061658e-04
   4.7744847e-04
   4.5090596e-04
   4.5804065e-04
   4.3645218e-04
   4.5368413e-04
   4.2587610e-04
   4.3280152e-04
   4.5865543e-04
   4.3856867e-04
   4.3055664e-04
   4.2616787e-04
   4.2622649e-04
   4.0947812e-04
   3.8951715e-04
   3.6756569e-04
   3.3906182e-04
   3.4763154e-04
   3.2256919e-04
   3.0530690e-04
   3.0120835e-04
   2.9468398e-04
   2.7005419e-04
   2.5968354e-04
   2.5942189e-04
   2.6071453e-04
   2.4751089e-04
   2.5908611e-04
   2.3538751e-04
   2.4103107e-04
   2.3333239e-04
   2.2460712e-04
   2.1290112e-04
   2.0415665e-04
   2.1033959e-04
   1.6167705e-04
   1.5870409e-04
   1.2834982e-04
   1.3816782e-04
   1.3935012e-04
   1.5254517e-04
   1.4046014e-04
   1.1296087e-04
   1.2355267e-04
   1.1385601e-04
   1.4160746e-04
   1.2898483e-04
   1.1171344e-04
   1.0737168e-04
   1.3833030e-04
   1.2153731e-04
   1.5483692e-04
   1.2562765e-04
   1.4070508e-04
   1.3116994e-04
   1.3995849e-04
   1.2415185e-04
   1.4591834e-04
   1.2273319e-04
   1.0289104e-04
   9.8014425e-05
   1.1981237e-04
   9.3793475e-05
   9.2202178e-05
   4.5895384e-05
   3.4428909e-06
  -4.1743581e-05
  -1.3219022e-05
   1.1198544e-05
   2.0712059e-05
   6.9587602e-05
   1.0048147e-04
   7.5763385e-05
   8.6644288e-05
   8.3265397e-05
   5.7997344e-05
   8.2838698e-05
   6.2615762e-05
   6.5367629e-05
   8.7005527e-05
   6.4069802e-05
   5.8802371e-05
   7.0271994e-05
   6.3539216e-05
   4.5949032e-05
   5.5650829e-05
   2.2969587e-05
   2.1756146e-05
   1.4525164e-05
  -5.5820776e-06
   3.7199569e-05
   1.0222005e-05
   4.8328781e-05
   7.3815239e-05
   7.1536178e-07
   4.1577022e-05
   2.0506855e-06
  -1.4838555e-06
  -1.9854035e-05
  -2.1030420e-05
  -3.6007275e-05
  -4.9884898e-05
  -8.5249849e-05
  -1.0659774e-04
  -9.5360297e-05
   4.7018055e-05
  -1.0045563e-05
  -8.4955246e-05
  -4.3598082e-05
   4.1855458e-05
  -4.5500618e-05
   1.5696001e-05
  -9.4478595e-05
  -1.3871677e-04
  -1.0014712e-04
  -8.8532324e-05
  -3.7836894e-05
  -9.8964569e-05
  -5.6853961e-05
  -7.8364026e-05
  -6.2639211e-05
  -1.2384643e-04
  -1.2342871e-04
  -8.5460444e-05
  -5.8067275e-05
  -6.7559002e-05
  -9.9644770e-05
  -2.2365188e-05
  -4.3230549e-05
  -5.5293391e-05
  -3.0040109e-05
  -4.6962766e-05
  -8.0219553e-05
  -1.1198681e-04
  -1.0050177e-04
  -1.1130395e-04
  -9.0141426e-05
  -6.2399077e-05
  -4.1757120e-05
  -1.0393247e-04
  -8.3741356e-05
  -4.5627061e-05
  -7.8766345e-05
  -7.0117541e-05
  -6.5190537e-05
  -6.6314020e-05
  -2.1530099e-04
  -7.7763594e-05
  -8.5231739e-05
   2.7447063e-05
  -1.1432313e-04
   1.5329487e-05
  -1.1328263e-04
  -1.7413451e-04
  -6.7930133e-05
  -2.0241736e-04
  -1.2710174e-04
  -8.7635192e-05
  -1.6248186e-05
  -1.3791311e-04
  -1.4257495e-04
  -1.6133397e-04
  -1.8888153e-04
  -2.3237251e-04
  -2.5171153e-04
  -2.8919384e-04
  -2.1461620e-04
  -2.8336343e-04
  -2.0550469e-04
  -2.5345315e-04
  -2.8724730e-04
  -2.7115896e-04
  -3.5112375e-04
  -1.6878353e-04
  -1.9211715e-04
  -2.2441379e-04
  -2.5055837e-04
  -1.6623514e-04
  -2.4695005e-04
  -1.2065647e-04
  -2.1115929e-04
  -6.3854926e-05
  -1.6675023e-04
  -3.0836053e-04
  -2.7704225e-04
  -3.3375169e-04
  -4.0444134e-04
  -9.4765767e-04
  -6.1820842e-04
  -6.2263164e-04
   6.4536203e-05
  -6.4905096e-04
  -5.0411071e-04
  -1.3891838e-04
  -4.9821771e-04
  -1.6020888e-04
  -3.5925540e-05
  -7.0484879e-04
  -7.3784243e-04
  -5.8528096e-04
   3.0463612e-06
  -7.6044320e-04
  -1.2069938e-04
  -3.7355181e-04
  -5.8493089e-06
  -5.3999929e-05
   9.1757831e-05
  -2.2516414e-04
   4.1009976e-05
  -4.0873299e-04
  -3.8270164e-04
  -1.0707871e-04
  -2.3364176e-04
  -2.7963465e-04
  -6.1141018e-05
  -6.1141018e-05
  -1.1292901e-04
   8.6096335e-05
  -1.3255094e-04
  -1.5117565e-04
  -9.8233947e-05
   1.9620211e-05
   1.2647851e-04
   1.4564275e-04
  -4.6410183e-04
  -2.7596571e-04
  -9.8960660e-06
   3.6825062e-05
   2.8349086e-06
  -1.9862208e-04
  -4.0010241e-04
  -4.5859199e-04
  -2.6736886e-04
  -8.1585215e-05
   4.1426577e-04
   6.3310173e-04
  -5.9022063e-04
   3.1129306e-04
   3.7593779e-04
   4.0470995e-04
   2.0298407e-04
   4.8096307e-04
   4.5209233e-04
   4.1826406e-04
   1.4081359e-04
  -7.3570847e-05
  -1.6966828e-04
  -2.1709172e-04
  -5.3716422e-04
  -1.6147263e-04
  -3.4487361e-04
  -4.4208888e-04
  -4.2552358e-04
  -4.3514436e-04
  -4.4100822e-04
  -4.3667012e-04
  -4.2547887e-04
  -4.1441243e-04
  -4.0766339e-04
  -4.1184493e-04
  -4.2085707e-04
  -4.2980839e-04
  -4.3460429e-04
  -4.1806600e-04
  -3.8231795e-04
  -3.4668760e-04
  -3.2755017e-04
  -3.1059727e-04
  -2.7388898e-04
  -2.3720491e-04
  -2.1746336e-04
  -2.3937136e-04
  -2.8010604e-04
  -3.2090401e-04
  -3.4289845e-04
  -3.3844285e-04
  -3.2876894e-04
  -3.1906674e-04
  -3.1382911e-04
  -2.9243654e-04
  -1.7425094e-04
  -1.8754310e-04
  -2.7591637e-04
  -3.5208814e-04
  -3.2115490e-04
  -1.8711377e-04
  -2.8803373e-04
  -3.9461339e-04
  -3.5183677e-04
  -3.9545686e-04
  -4.0073287e-04
  -3.6387758e-04
  -2.9480057e-04
  -3.4246070e-04
  -3.0911483e-04
  -2.4870992e-04
  -2.9055478e-04
  -2.6815296e-04
  -2.2514583e-04
  -3.1225765e-04
  -3.0040028e-04
  -5.4650196e-04
  -5.8109913e-04
  -7.5100411e-04
  -8.4623421e-04
  -1.0918084e-03
  -7.2467301e-04
  -6.1968504e-04
  -9.0207385e-04
  -8.0463923e-04
  -8.4497654e-04
  -6.0511699e-04
  -5.9498035e-04
  -5.6095567e-04
  -3.7149193e-04
  -2.5096482e-04
  -3.5601120e-04
  -3.9695434e-04
  -3.4108004e-04
  -3.4612339e-04
  -2.2999976e-04
  -3.0128132e-04
  -3.4519675e-04
  -3.4336637e-04
  -3.8066280e-04
  -4.2435428e-04
  -3.6850769e-04
  -1.9995806e-04
  -2.3109947e-04
  -2.9629571e-04
  -3.5951092e-04
  -4.2855859e-04
  -3.6141106e-04
  -3.1658013e-04
  -4.2269274e-04
  -4.3430879e-04
  -3.9645494e-04
  -3.2585403e-04
  -2.5224477e-04
  -2.8162631e-04
  -3.9204601e-04
  -4.1221869e-04
  -3.5948748e-04
  -4.0155067e-04
  -4.2498534e-04
  -3.6010639e-04
  -3.6983444e-04
  -3.3287725e-04
  -3.3218366e-04
  -4.4042902e-04
  -3.9401524e-04
  -4.1962072e-04
  -4.2454543e-04
  -3.2287810e-04
  -3.4779566e-04
  -4.3697170e-04
  -3.9633584e-04
  -3.4501082e-04
  -4.8807479e-04
  -5.1175212e-04
  -5.7862907e-04
  -3.7486617e-04
  -7.7110314e-04
  -7.7382534e-04
  -3.6483299e-04
  -1.2484019e-03
  -1.0841609e-03
  -8.8683026e-04
  -2.2404583e-03
  -2.2823491e-03
  -1.4120546e-04
  -1.2075176e-03
  -2.4642790e-03
  -1.1955975e-03
  -1.8278045e-05
  -1.2684783e-03
  -2.5624853e-03
  -1.3619121e-04
   2.5178671e-03
  -1.1910670e-03
  -1.0892200e-03
  -9.9068409e-04
  -1.0433659e-03
   8.3556235e-04
   1.5366753e-03
  -1.1999592e-03
  -2.0356778e-03
  -4.6698981e-04
  -1.3542941e-03
  -9.7055929e-04
  -8.2649974e-04
  -1.0564956e-03
  -1.1350075e-03
  -1.1030337e-03
  -3.4789391e-04
  -3.7950681e-04
  -5.4315740e-04
  -1.1926979e-03
  -1.0430764e-03
  -8.2172885e-04
  -7.7073250e-04
  -1.1458187e-03
  -1.0941852e-03
  -8.3421921e-04
  -8.7555209e-04
  -8.5181049e-04
  -6.6270412e-04
  -5.3748534e-04
  -6.9930878e-04
  -7.8397519e-04
  -7.8389693e-04
  -8.3609241e-04
  -8.6461827e-04
  -7.8510424e-04
  -8.3304123e-04
  -8.5719530e-04
  -7.1593755e-04
  -6.7350411e-04
  -7.3999279e-04
  -7.4716770e-04
  -7.9115422e-04
  -8.1136799e-04
  -7.5159211e-04
  -7.0849016e-04
  -5.7365084e-04
  -7.8390027e-04
  -7.5404830e-04
  -7.0272611e-04
  -7.6796250e-04
  -7.5688647e-04
  -7.8989024e-04
  -8.1326170e-04
  -8.4993713e-04
  -7.2940762e-04
  -6.2253968e-04
  -6.9991833e-04
  -7.1236256e-04
  -7.2281333e-04
  -6.5763420e-04
  -6.9703132e-04
  -7.2246620e-04
  -7.5000790e-04
  -5.1299253e-04
  -4.9517974e-04
  -6.0652339e-04
  -5.7809132e-04
  -5.9114003e-04
  -5.9191237e-04
  -6.3251702e-04
  -7.4620665e-04
  -7.2637603e-04
  -5.5568493e-04
  -5.2437725e-04
  -6.5454288e-04
  -7.9924638e-04
  -3.9395477e-04
  -4.4135146e-04
  -8.1796709e-04
  -6.2359713e-04
  -5.0245051e-04
  -6.1860665e-04
  -7.4207591e-04
  -6.3481539e-04
  -6.1165808e-04
  -7.2378782e-04
  -5.4081977e-04
  -4.9271543e-04
  -5.3279505e-04
  -4.5299283e-04
  -5.0853009e-04
  -5.6412894e-04
  -6.3263872e-04
  -7.2808615e-04
  -4.5397372e-04
  -3.9524439e-04
  -7.0205997e-04
  -8.6215476e-04
  -1.3340824e-03
  -9.5685046e-04
  -1.6397043e-04
  -4.7659620e-04
  -8.8985627e-04
  -9.5519867e-04
  -1.0753147e-03
  -9.2009764e-04
  -1.3576276e-03
  -2.0472308e-03
  -2.0258217e-03
  -2.0386936e-03
   7.7552082e-04
  -2.1024935e-03
  -2.0732812e-03
  -2.0465312e-03
  -4.4893940e-03
  -2.2193648e-03
  -5.1311031e-03
  -2.2625496e-03
  -2.1644800e-03
  -2.1973700e-03
  -2.2987153e-03
   1.8208469e-03
  -2.1697414e-03
  -1.0926374e-02
  -6.9053685e-03
  -2.2448982e-03
  -2.4620121e-03
  -2.5027465e-03
  -1.8457914e-03
   3.3697505e-03
  -1.3258714e-02
  -1.3330464e-02
  -7.9151204e-03
  -2.0909064e-03
   3.7554945e-03
  -1.9706589e-03
  -1.8504896e-03
  -1.7354195e-03
   3.4869249e-03
   1.5458014e-02
