   1.3200133e-03
   1.0988106e-03
   1.4661905e-03
   1.4754342e-03
   1.5380994e-03
   1.0804803e-03
   1.1131557e-03
   1.3182757e-03
   1.6298303e-03
   1.7866252e-03
   1.0587086e-03
   1.3411947e-03
   1.0992108e-03
   1.8603587e-03
   2.1848126e-03
   3.0313037e-03
   3.4859190e-03
   3.9525097e-03
   4.3997962e-03
   5.1758613e-03
   6.3201625e-03
   5.7635566e-03
   6.6693795e-03
   7.2198339e-03
   7.9742770e-03
   7.8573945e-03
   8.1954797e-03
   8.7448038e-03
   8.9296430e-03
   9.3053129e-03
   8.9645906e-03
   9.6500187e-03
   9.8890238e-03
   1.0111861e-02
   1.0253894e-02
   1.0444956e-02
   1.0270767e-02
   1.0706128e-02
   1.1011403e-02
   1.1087037e-02
   1.0853440e-02
   1.1734524e-02
   1.2121480e-02
   1.2441764e-02
   1.2431718e-02
   1.2825237e-02
   1.1298781e-02
   1.1353012e-02
   1.1806855e-02
   1.1986112e-02
   1.2356889e-02
   1.2489894e-02
   1.3028992e-02
   1.3059911e-02
   1.3254543e-02
   1.3482685e-02
   1.3247716e-02
   1.3522440e-02
   1.3556345e-02
   1.3509194e-02
   1.3710367e-02
   1.3869859e-02
   1.3991021e-02
   1.4136614e-02
   1.4235513e-02
   1.4235472e-02
   1.4325574e-02
   1.4458506e-02
   1.4399205e-02
   1.4389058e-02
   1.4463481e-02
   1.4579134e-02
   1.4558054e-02
   1.4633872e-02
   1.4589937e-02
   1.4552536e-02
   1.4266027e-02
   1.4175349e-02
   1.3969712e-02
   1.3917875e-02
   1.3674074e-02
   1.3454386e-02
   1.3231173e-02
   1.3041755e-02
   1.2978305e-02
   1.2890110e-02
   1.2824499e-02
   1.2731822e-02
   1.2594265e-02
   1.2452054e-02
   1.2300190e-02
   1.2185582e-02
   1.2010249e-02
   1.1867780e-02
   1.1727986e-02
   1.1658107e-02
   1.1480858e-02
   1.1329051e-02
   1.1130677e-02
   1.1005244e-02
   1.0935789e-02
   1.0792370e-02
   1.0718288e-02
   1.0525098e-02
   1.0423024e-02
   1.0318873e-02
   1.0191790e-02
   1.0043977e-02
   9.9071595e-03
   9.7761698e-03
   9.6993262e-03
   9.6114211e-03
   9.5636906e-03
   9.5109614e-03
   9.4858668e-03
   9.4725326e-03
   9.5017772e-03
   9.4894720e-03
   9.4797006e-03
   9.4500065e-03
   9.4003227e-03
   9.3682903e-03
   9.3051980e-03
   9.2304907e-03
   9.1414663e-03
   9.0673800e-03
   8.9665370e-03
   8.9032832e-03
   8.8221655e-03
   8.7333663e-03
   8.6467849e-03
   8.5952247e-03
   8.5089960e-03
   8.3683557e-03
   8.2321911e-03
   8.1146940e-03
   7.9723693e-03
   7.8066942e-03
   7.6263631e-03
   7.4359986e-03
   7.2729384e-03
   7.0676297e-03
   6.8652079e-03
   6.6456828e-03
   6.4322557e-03
   6.2048510e-03
   5.9397362e-03
   5.6656621e-03
   5.4058896e-03
   5.1755978e-03
   5.0208616e-03
   4.9259522e-03
   4.8502388e-03
   4.7797680e-03
   4.7153116e-03
   4.6544567e-03
   4.5898645e-03
   4.5402374e-03
   4.4855709e-03
   4.4200438e-03
   4.3396267e-03
   4.2657530e-03
   4.1923985e-03
   4.1201643e-03
   4.0338629e-03
   3.9639195e-03
   3.8960962e-03
   3.8117996e-03
   3.7309899e-03
   3.6378437e-03
   3.5540494e-03
   3.4740438e-03
   3.3792899e-03
   3.2863926e-03
   3.2028935e-03
   3.1339022e-03
   3.0770354e-03
   3.0248388e-03
   2.9764916e-03
   2.9264090e-03
   2.8731054e-03
   2.8125519e-03
   2.7640367e-03
   2.7059943e-03
   2.6503323e-03
   2.5809468e-03
   2.5129485e-03
   2.4447696e-03
   2.3725874e-03
   2.2993388e-03
   2.2272043e-03
   2.1609937e-03
   2.0927175e-03
   2.0240729e-03
   1.9502274e-03
   1.8801550e-03
   1.8163521e-03
   1.7288914e-03
   1.6486840e-03
   1.5600421e-03
   1.4974769e-03
   1.4460669e-03
   1.3953631e-03
   1.3591551e-03
   1.3194142e-03
   1.2787265e-03
   1.2479938e-03
   1.2186494e-03
   1.1958299e-03
   1.1722524e-03
   1.1530424e-03
   1.1353501e-03
   1.1302002e-03
   1.1060499e-03
   1.0778528e-03
   1.0596147e-03
   1.0407401e-03
   1.0249657e-03
   1.0141406e-03
   1.0067815e-03
   1.0146553e-03
   1.0187894e-03
   1.0076065e-03
   9.8029705e-04
   9.6167308e-04
   9.2689107e-04
   9.0421317e-04
   8.8329945e-04
   8.6348998e-04
   8.5661565e-04
   8.5015189e-04
   8.2140173e-04
   8.1538332e-04
   8.0033649e-04
   7.8632872e-04
   7.7375117e-04
   7.5119226e-04
   7.1917187e-04
   6.9297809e-04
   6.7609554e-04
   6.8040689e-04
   6.7854485e-04
   6.7331002e-04
   6.7857340e-04
   6.6493433e-04
   6.6369772e-04
   6.5603258e-04
   6.5342414e-04
   6.5114288e-04
   6.5027348e-04
   6.2589865e-04
   6.1059715e-04
   6.0120040e-04
   5.9534479e-04
   5.8786816e-04
   5.7748396e-04
   5.7734804e-04
   5.7902280e-04
   5.6991785e-04
   5.6235257e-04
   5.5463328e-04
   5.5568195e-04
   5.3583342e-04
   5.0742682e-04
   4.6690154e-04
   4.1680038e-04
   3.9478488e-04
   3.8577659e-04
   3.7436709e-04
   3.6064370e-04
   3.4973013e-04
   3.4645057e-04
   3.3346968e-04
   3.1925914e-04
   3.1019900e-04
   3.0233614e-04
   3.2250046e-04
   3.0784803e-04
   3.1928597e-04
   3.1283862e-04
   3.0500885e-04
   2.9873255e-04
   2.9793831e-04
   2.7346017e-04
   2.2776594e-04
   1.6901446e-04
   1.1201449e-04
   1.1469764e-04
   1.3395720e-04
   1.3759073e-04
   1.0537624e-04
   9.4008354e-05
   9.0084651e-05
   9.2795744e-05
   1.0435916e-04
   1.2696034e-04
   1.3945816e-04
   1.5611170e-04
   1.6706255e-04
   1.7081500e-04
   1.9089380e-04
   1.8209505e-04
   2.0250676e-04
   1.9881424e-04
   2.1392275e-04
   1.9927515e-04
   2.1013344e-04
   1.9364804e-04
   1.9007345e-04
   1.8185388e-04
   1.7843819e-04
   1.6357730e-04
   1.4446788e-04
   1.1180855e-04
   1.1178106e-05
  -1.1176744e-04
  -1.3015530e-04
  -9.5255091e-05
  -2.8343239e-05
   5.2639532e-05
   1.0955363e-04
   1.2333481e-04
   1.4891355e-04
   1.6027644e-04
   1.4167793e-04
   1.5402949e-04
   1.4452497e-04
   1.4262379e-04
   1.4000083e-04
   1.2427174e-04
   1.3488100e-04
   1.1761487e-04
   1.1886202e-04
   9.5763885e-05
   7.5405078e-05
   5.9738826e-05
   7.4286501e-05
   6.1428691e-05
   4.4566599e-05
   5.5873272e-05
   2.5831274e-05
   3.8032780e-05
   3.7707681e-05
   2.7393701e-05
   2.2434772e-05
   2.6204133e-06
  -4.7092690e-06
  -1.9630472e-05
  -2.8333751e-05
  -3.1513549e-05
  -6.2422813e-05
  -1.0551976e-04
  -1.4866375e-04
  -1.7608126e-04
  -1.2775356e-04
  -1.2592073e-04
  -1.5330593e-04
  -1.2206394e-04
  -8.3550756e-05
  -1.2238144e-04
  -9.4914510e-05
  -1.3728912e-04
  -1.4222745e-04
  -1.4281981e-04
  -1.3005635e-04
  -9.5316772e-05
  -9.3690699e-05
  -9.5856414e-05
  -9.0069211e-05
  -9.5843050e-05
  -9.7190596e-05
  -9.7254608e-05
  -5.5445471e-05
  -6.4213235e-05
  -5.1208231e-05
  -9.0957599e-05
  -4.9825165e-05
  -5.7802183e-05
  -5.6332893e-05
  -4.2515420e-05
  -5.5517931e-05
  -8.2138787e-05
  -7.1961284e-05
  -8.3270790e-05
  -8.5961333e-05
  -8.7353364e-05
  -8.4609753e-05
  -6.0307385e-05
  -7.9905758e-05
  -9.7097728e-05
  -8.1286012e-05
  -9.8783600e-05
  -8.7784498e-05
  -1.0869639e-04
  -9.6877426e-05
  -1.5416603e-04
  -1.0121486e-04
  -9.9588462e-05
  -9.6459577e-05
  -1.3068649e-04
  -1.0776917e-04
  -1.2997607e-04
  -1.4133721e-04
  -1.1708121e-04
  -1.6190356e-04
  -1.4392031e-04
  -1.4968134e-04
  -1.0540859e-04
  -2.2438655e-04
  -2.5714302e-04
  -2.9783470e-04
  -3.6854813e-04
  -3.4880539e-04
  -3.3246182e-04
  -4.0215248e-04
  -2.8396564e-04
  -3.0525178e-04
  -3.0283804e-04
  -3.6816093e-04
  -3.4895876e-04
  -3.7949046e-04
  -3.7825126e-04
  -3.8931953e-04
  -3.8181423e-04
  -3.2363558e-04
  -4.3971752e-04
  -3.6335315e-04
  -3.5985948e-04
  -2.6250733e-04
  -3.5188595e-04
  -3.1496670e-04
  -3.5647946e-04
  -4.8808935e-04
  -4.4204624e-04
  -5.4673639e-04
  -7.1704249e-04
  -9.0799964e-04
  -1.0037000e-03
  -1.0433277e-03
  -8.6937241e-04
  -1.1393070e-03
  -9.2836774e-04
  -7.5925452e-04
  -8.7179005e-04
  -7.3219095e-04
  -5.5938668e-04
  -8.9495746e-04
  -8.6652155e-04
  -9.7937055e-04
  -6.8459817e-04
  -6.7116869e-04
  -7.8940953e-04
  -6.9827159e-04
  -5.1854328e-04
  -6.1300480e-04
  -5.2770523e-04
  -4.0985897e-04
  -3.2932590e-04
  -4.8002209e-04
  -5.1689849e-04
  -4.1145307e-04
  -3.7375786e-04
  -4.6124092e-04
  -2.1847501e-04
  -2.1847501e-04
  -3.1980457e-04
  -3.1646092e-04
  -3.7285139e-04
  -3.7765442e-04
  -3.4206081e-04
  -3.2797288e-04
  -2.9078810e-04
  -2.8411878e-04
  -4.5455798e-04
  -4.3545611e-04
  -3.2263778e-04
  -3.0282736e-04
  -2.3236086e-04
  -2.6235015e-04
  -4.2062307e-04
  -4.6656918e-04
  -4.0592907e-04
  -2.2324777e-04
  -1.3371188e-04
  -9.4196542e-05
  -3.2545232e-04
  -2.0984291e-04
  -1.0299999e-04
  -5.5443902e-05
  -3.3768780e-04
  -2.6533161e-04
  -1.3057650e-04
  -7.5355556e-05
  -3.5343317e-04
  -2.8261163e-04
  -5.4252596e-04
  -6.5488017e-04
  -5.9195442e-04
  -3.4113270e-04
  -3.7724644e-04
  -4.1683205e-04
  -3.8577544e-04
  -4.1999183e-04
  -4.4084598e-04
  -4.5486368e-04
  -4.9102744e-04
  -5.2678488e-04
  -5.4859119e-04
  -5.5422046e-04
  -5.6635506e-04
  -5.7840760e-04
  -5.8486371e-04
  -5.7037074e-04
  -5.3904465e-04
  -5.0782164e-04
  -4.9105242e-04
  -4.8526447e-04
  -4.7273203e-04
  -4.6020826e-04
  -4.5346862e-04
  -4.6068414e-04
  -4.7409964e-04
  -4.8753704e-04
  -4.9478096e-04
  -4.8798296e-04
  -4.7322269e-04
  -4.5841790e-04
  -4.5042751e-04
  -4.5087108e-04
  -4.5332029e-04
  -5.2366315e-04
  -5.3937809e-04
  -5.3181319e-04
  -5.1708435e-04
  -4.9481584e-04
  -4.7624898e-04
  -5.0132839e-04
  -5.1990903e-04
  -5.2852940e-04
  -5.2340586e-04
  -5.3532466e-04
  -5.2369928e-04
  -5.4309553e-04
  -5.0623022e-04
  -5.0103202e-04
  -4.4127523e-04
  -4.5695105e-04
  -5.2547787e-04
  -5.7954043e-04
  -5.1126837e-04
  -5.8628019e-04
  -7.8090303e-04
  -8.0279347e-04
  -7.9670018e-04
  -8.7670710e-04
  -8.7535847e-04
  -7.9328587e-04
  -8.9798030e-04
  -8.1316222e-04
  -9.1608384e-04
  -9.6052463e-04
  -8.6288268e-04
  -8.4955366e-04
  -6.9232166e-04
  -6.0910982e-04
  -6.5743539e-04
  -6.4319113e-04
  -5.6421789e-04
  -5.3306744e-04
  -5.8911819e-04
  -5.8630221e-04
  -5.9388413e-04
  -6.3125216e-04
  -5.9249103e-04
  -6.1527754e-04
  -6.6750703e-04
  -6.0366443e-04
  -5.6589356e-04
  -5.6523667e-04
  -5.4321640e-04
  -5.8744530e-04
  -5.8324914e-04
  -5.4350902e-04
  -5.7872030e-04
  -6.4457609e-04
  -6.5994314e-04
  -5.8757963e-04
  -4.9764002e-04
  -5.4024997e-04
  -6.4006470e-04
  -6.2345284e-04
  -5.9221159e-04
  -6.3191428e-04
  -6.2980962e-04
  -5.8254911e-04
  -5.8846492e-04
  -6.3319659e-04
  -6.0895810e-04
  -5.8631368e-04
  -6.3534241e-04
  -6.7179075e-04
  -6.5051696e-04
  -6.3368058e-04
  -6.6107517e-04
  -7.5293215e-04
  -7.8727274e-04
  -7.3613526e-04
  -8.0285061e-04
  -8.1235292e-04
  -7.7548393e-04
  -8.1076753e-04
  -9.4248627e-04
  -8.7732483e-04
  -9.5397551e-04
  -1.4225756e-03
  -1.8535757e-03
  -1.2255460e-03
  -1.1602931e-03
  -1.5987217e-03
  -1.1874136e-03
  -1.4121686e-03
  -7.5431798e-04
  -1.0599619e-03
  -1.4519873e-03
  -1.4649458e-03
  -1.8474861e-03
  -2.2930879e-05
   2.3322508e-03
  -8.5699410e-05
  -1.2717109e-03
  -8.8087316e-04
  -1.5453002e-03
  -8.9830005e-04
   1.2801629e-04
  -8.2221118e-04
  -1.2512060e-03
  -9.6892417e-04
  -1.3866287e-03
  -1.5977723e-03
  -1.2338633e-03
  -8.8208656e-04
  -1.0903176e-03
  -1.1012011e-03
  -1.0941922e-03
  -9.6142679e-04
  -9.7336571e-04
  -1.6946323e-03
  -1.5450108e-03
  -1.1772987e-03
  -1.0771345e-03
  -1.1682462e-03
  -1.1892979e-03
  -1.1897144e-03
  -1.2649561e-03
  -1.1694804e-03
  -1.0889440e-03
  -9.8548066e-04
  -1.0642033e-03
  -1.2043712e-03
  -1.1443550e-03
  -1.0783857e-03
  -1.1101246e-03
  -1.0503742e-03
  -1.0034293e-03
  -1.0463713e-03
  -1.0634530e-03
  -1.0071396e-03
  -1.0180463e-03
  -1.1095387e-03
  -1.0677854e-03
  -1.0405745e-03
  -1.0313932e-03
  -9.9770989e-04
  -9.6787993e-04
  -1.0122335e-03
  -1.0316219e-03
  -9.8000598e-04
  -9.0967736e-04
  -9.5674549e-04
  -1.0319726e-03
  -1.0502814e-03
  -1.0351628e-03
  -9.1492761e-04
  -8.4106647e-04
  -9.1848113e-04
  -9.6355392e-04
  -9.7499023e-04
  -9.7154819e-04
  -8.3312112e-04
  -8.1772385e-04
  -9.0321873e-04
  -8.9648662e-04
  -9.4590627e-04
  -1.0043658e-03
  -9.0328844e-04
  -9.3500889e-04
  -9.5361621e-04
  -9.2062385e-04
  -9.3941797e-04
  -9.3414703e-04
  -8.3395644e-04
  -8.9341699e-04
  -9.8313368e-04
  -8.5523524e-04
  -7.7858278e-04
  -7.8508003e-04
  -8.3879074e-04
  -8.3953613e-04
  -7.5432005e-04
  -8.2028413e-04
  -9.5691367e-04
  -9.3552875e-04
  -7.9612121e-04
  -8.2460171e-04
  -8.4512437e-04
  -7.9079822e-04
  -7.9775987e-04
  -8.1823953e-04
  -8.4214623e-04
  -8.3549891e-04
  -8.6907188e-04
  -9.6109348e-04
  -9.5590809e-04
  -8.9717876e-04
  -1.1389443e-03
  -1.2949308e-03
  -1.2148672e-03
  -9.6024559e-04
  -8.7476198e-04
  -1.0717055e-03
  -1.0295255e-03
  -1.2272235e-03
  -1.1963531e-03
  -1.4220320e-03
  -1.4109357e-03
  -1.4359128e-03
  -1.6817141e-03
  -2.1724854e-03
  -1.1477611e-03
  -8.2207214e-04
  -1.4566838e-03
  -2.0763948e-03
  -2.1367560e-03
  -1.1037337e-04
  -2.7176846e-03
  -1.1647837e-03
  -9.3030104e-04
  -8.3010790e-04
  -8.4698862e-04
  -7.0992230e-04
  -5.6279272e-04
  -1.5947851e-03
  -6.2354831e-03
  -3.9837387e-03
   8.1608103e-04
   2.3179112e-03
   3.3186912e-04
  -1.2132058e-03
  -3.9799152e-03
  -1.1788702e-03
  -2.7076887e-03
  -1.1544296e-03
  -2.5989490e-03
  -1.0448148e-03
   3.2348910e-03
  -8.4302182e-04
  -1.2833953e-03
   2.9151681e-03
