   5.0616000e-03   3.3351450e-01   3.4956600e-01
   5.3211550e-03   4.1108600e-01   4.1532400e-01
   6.2255700e-03   3.9662710e-01   4.1101250e-01
   6.3963900e-03   4.1977500e-01   4.1977500e-01
   7.2104250e-03   4.4163710e-01   4.8423150e-01
   7.7509300e-03   4.6032015e-01   4.8310830e-01
   7.7204550e-03   4.8035600e-01   5.3267200e-01
   9.0070500e-03   4.9582200e-01   5.3471000e-01
   9.0373500e-03   4.8604545e-01   5.3632600e-01
   9.6317450e-03   4.9255160e-01   5.4982500e-01
   1.0631925e-02   5.4770287e-01   6.0684450e-01
   1.1340000e-02   5.9267813e-01   6.6379950e-01
   1.3565475e-02   6.2931452e-01   7.4866730e-01
   1.7720220e-02   7.5037050e-01   7.9584750e-01
   2.4650120e-02   8.8748125e-01   9.7682500e-01
   4.2515155e-02   1.1145213e+00   1.1971840e+00
   6.6632800e-02   1.4977488e+00   1.5704550e+00
   1.0328042e-01   2.0640433e+00   2.1960460e+00
   1.5166763e-01   2.7012517e+00   2.8577180e+00
   2.2702701e-01   3.8220690e+00   4.0173570e+00
   3.3343494e-01   4.9587328e+00   5.1887300e+00
   4.5561564e-01   6.8441450e+00   7.1071220e+00
   5.7881381e-01   7.8863878e+00   8.2396080e+00
   7.0466685e-01   9.3022613e+00   9.7567480e+00
   8.8168075e-01   1.1118265e+01   1.1585640e+01
   1.0992785e+00   1.3438538e+01   1.4051360e+01
   1.2362766e+00   1.5290207e+01   1.5992580e+01
   1.3998549e+00   1.6422500e+01   1.7183320e+01
   1.5667004e+00   1.8312913e+01   1.9122450e+01
   1.8186383e+00   2.1236892e+01   2.2132740e+01
   2.1822421e+00   2.5153370e+01   2.6279750e+01
   2.4079059e+00   2.7734742e+01   2.8971840e+01
   2.6285797e+00   2.9125457e+01   3.0439090e+01
   2.6073905e+00   3.0113740e+01   3.1506220e+01
   2.6691767e+00   3.0182807e+01   3.1610570e+01
   2.6981974e+00   3.0058060e+01   3.1450320e+01
   2.5952868e+00   2.9810327e+01   3.1297730e+01
   2.6284500e+00   3.0043570e+01   3.1561460e+01
   2.7211069e+00   3.1501585e+01   3.3101970e+01
   2.8362895e+00   3.3020663e+01   3.4607050e+01
   2.8570122e+00   3.3542262e+01   3.5243810e+01
   2.8525380e+00   3.2510460e+01   3.4117800e+01
   2.8689888e+00   3.2139900e+01   3.3857400e+01
   2.9719045e+00   3.2963255e+01   3.4755010e+01
   3.0425233e+00   3.4157448e+01   3.6036460e+01
   3.0945898e+00   3.5236365e+01   3.7174100e+01
   3.2123278e+00   4.0785830e+01   4.3018530e+01
   3.2976853e+00   4.1785330e+01   4.4202070e+01
   3.2719788e+00   4.1144305e+01   4.3486600e+01
   3.0311338e+00   3.8650100e+01   4.0901730e+01
   3.0209626e+00   3.7857878e+01   4.0077990e+01
   3.1016458e+00   3.8608812e+01   4.0880680e+01
   3.2313827e+00   4.0536068e+01   4.2911600e+01
   3.3403771e+00   4.1788507e+01   4.4304980e+01
   3.5642911e+00   4.4229080e+01   4.6914630e+01
   3.6473005e+00   4.5986857e+01   4.8849370e+01
   3.7097246e+00   4.7665663e+01   5.0628080e+01
   3.6823130e+00   4.7368308e+01   5.0337700e+01
   3.5681430e+00   4.6649035e+01   4.9529390e+01
   3.3619405e+00   4.4924835e+01   4.7798620e+01
   3.3583785e+00   4.4491912e+01   4.7422930e+01
   3.5791742e+00   4.7818695e+01   5.0993500e+01
   3.8271978e+00   5.1436478e+01   5.4846870e+01
   3.8580958e+00   5.1568960e+01   5.5016170e+01
   3.5368458e+00   4.8371660e+01   5.1587250e+01
   3.1421710e+00   4.3093375e+01   4.6016230e+01
   2.8856445e+00   4.0028257e+01   4.2761670e+01
   2.9895369e+00   4.1673735e+01   4.4565480e+01
   3.1798290e+00   4.4988735e+01   4.8067050e+01
   3.3906862e+00   4.8467030e+01   5.1803460e+01
   3.6417159e+00   5.2526542e+01   5.6209010e+01
   3.5352576e+00   5.0822555e+01   5.4429560e+01
   3.2599683e+00   4.7612563e+01   5.0979620e+01
   3.1705858e+00   4.6933593e+01   5.0265170e+01
   3.3165928e+00   4.9694673e+01   5.3226990e+01
   3.7149920e+00   5.6007213e+01   6.0070660e+01
   4.3515812e+00   6.6722252e+01   7.1557780e+01
   4.7918548e+00   7.4073848e+01   7.9482140e+01
   4.7702385e+00   7.4795950e+01   8.0289440e+01
   4.5463290e+00   7.2346275e+01   7.7722340e+01
   4.3735318e+00   7.0829358e+01   7.6112730e+01
   4.5921759e+00   7.5597157e+01   8.1275650e+01
   5.0237704e+00   8.4755302e+01   9.1124030e+01
   5.4293659e+00   9.3350612e+01   1.0041170e+02
   5.3457739e+00   9.3160385e+01   1.0022430e+02
   5.1377739e+00   9.0202035e+01   9.7086580e+01
   4.9700074e+00   8.8293537e+01   9.5078340e+01
   4.8315896e+00   8.6837862e+01   9.3548260e+01
   4.6792621e+00   8.5449283e+01   9.2100230e+01
   4.5989573e+00   8.5206452e+01   9.1850150e+01
   4.5173670e+00   8.4779873e+01   9.1407200e+01
   4.4362810e+00   8.4258130e+01   9.0881020e+01
   4.3209925e+00   8.3377747e+01   8.9956060e+01
   4.2036279e+00   8.2297178e+01   8.8847070e+01
   4.0333541e+00   8.0001230e+01   8.6391840e+01
   3.7605818e+00   7.5313847e+01   8.1344420e+01
   3.6986993e+00   7.5435537e+01   8.1470750e+01
   3.9608323e+00   8.1955708e+01   8.8577270e+01
   4.2987979e+00   9.0427738e+01   9.7733800e+01
   4.3955552e+00   9.3537873e+01   1.0115570e+02
   4.3564137e+00   9.3612635e+01   1.0127900e+02
   4.3179646e+00   9.4052777e+01   1.0176800e+02
   4.3157146e+00   9.4684468e+01   1.0245270e+02
   4.3614519e+00   9.7330247e+01   1.0537520e+02
   4.3986020e+00   9.9177503e+01   1.0737770e+02
   4.3468070e+00   9.9024000e+01   1.0726400e+02
   4.3248829e+00   9.9743805e+01   1.0805700e+02
   4.3640235e+00   1.0180448e+02   1.1031300e+02
   4.4622153e+00   1.0526953e+02   1.1409040e+02
   4.4979603e+00   1.0734265e+02   1.1640500e+02
   4.4400426e+00   1.0716402e+02   1.1620630e+02
   4.3608400e+00   1.0651812e+02   1.1553820e+02
   4.3327275e+00   1.0720435e+02   1.1629560e+02
   4.2852526e+00   1.0704930e+02   1.1615100e+02
   4.2680912e+00   1.0776000e+02   1.1696250e+02
   4.3555967e+00   1.1135940e+02   1.2086830e+02
   4.4649966e+00   1.1517745e+02   1.2503640e+02
   4.4285087e+00   1.1551502e+02   1.2543860e+02
   4.2913982e+00   1.1299598e+02   1.2274320e+02
   4.1242098e+00   1.0987695e+02   1.1936730e+02
   4.0192350e+00   1.0832395e+02   1.1768270e+02
   3.9468232e+00   1.0729553e+02   1.1660730e+02
   3.9082725e+00   1.0730125e+02   1.1664540e+02
   3.8962845e+00   1.0813825e+02   1.1759010e+02
   3.8805490e+00   1.0890910e+02   1.1846070e+02
   3.8589030e+00   1.0936687e+02   1.1894500e+02
   3.8380902e+00   1.0999585e+02   1.1968840e+02
   3.8319552e+00   1.1071910e+02   1.2050030e+02
   3.7780873e+00   1.0994885e+02   1.1967370e+02
   3.6245523e+00   1.0613705e+02   1.1558510e+02
   3.4542067e+00   1.0188593e+02   1.1096250e+02
   3.4781852e+00   1.0321195e+02   1.1239050e+02
   3.7614544e+00   1.1296755e+02   1.2299870e+02
   3.9094406e+00   1.1903153e+02   1.2965640e+02
   3.8138444e+00   1.1722583e+02   1.2768940e+02
   3.6357270e+00   1.1247837e+02   1.2253220e+02
   3.5106201e+00   1.0935392e+02   1.1918410e+02
   3.4798258e+00   1.0937033e+02   1.1918190e+02
   3.4754183e+00   1.1026943e+02   1.2020780e+02
   3.4265557e+00   1.0974775e+02   1.1965070e+02
   3.3398473e+00   1.0771525e+02   1.1745960e+02
   3.2337172e+00   1.0526873e+02   1.1480460e+02
   3.1610579e+00   1.0388875e+02   1.1332950e+02
   3.1358695e+00   1.0416990e+02   1.1359890e+02
   3.1649390e+00   1.0599000e+02   1.1562220e+02
   3.1628395e+00   1.0691263e+02   1.1662970e+02
   3.1490981e+00   1.0740155e+02   1.1724010e+02
   3.1341787e+00   1.0792293e+02   1.1781530e+02
   3.1109856e+00   1.0808582e+02   1.1800780e+02
   3.0565305e+00   1.0724788e+02   1.1707790e+02
   2.9812678e+00   1.0541835e+02   1.1510280e+02
   2.8649374e+00   1.0207157e+02   1.1149510e+02
   2.7773154e+00   9.9682870e+01   1.0886850e+02
   2.7737346e+00   1.0047338e+02   1.0973670e+02
   2.8279888e+00   1.0327730e+02   1.1282450e+02
   2.8514511e+00   1.0489977e+02   1.1462440e+02
   2.8635133e+00   1.0612030e+02   1.1595100e+02
   2.8276218e+00   1.0555485e+02   1.1534350e+02
   2.7784099e+00   1.0449173e+02   1.1418810e+02
   2.7673934e+00   1.0490942e+02   1.1467180e+02
   2.7995541e+00   1.0708192e+02   1.1706220e+02
   2.7726300e+00   1.0687523e+02   1.1681360e+02
   2.7237106e+00   1.0578563e+02   1.1566680e+02
   2.6971807e+00   1.0539515e+02   1.1526590e+02
   2.6826890e+00   1.0573438e+02   1.1566740e+02
   2.6591577e+00   1.0550747e+02   1.1540420e+02
   2.6060732e+00   1.0414415e+02   1.1390590e+02
   2.5609911e+00   1.0319442e+02   1.1289490e+02
   2.5389955e+00   1.0310235e+02   1.1279840e+02
   2.5282244e+00   1.0356485e+02   1.1329550e+02
   2.5008074e+00   1.0320300e+02   1.1293130e+02
   2.4445914e+00   1.0165630e+02   1.1124750e+02
   2.4063946e+00   1.0095722e+02   1.1053420e+02
   2.4446788e+00   1.0345083e+02   1.1324810e+02
   2.5353423e+00   1.0832870e+02   1.1859840e+02
   2.5908818e+00   1.1160292e+02   1.2216370e+02
   2.5658950e+00   1.1123105e+02   1.2178480e+02
   2.4856870e+00   1.0864010e+02   1.1895470e+02
   2.3935571e+00   1.0532125e+02   1.1533760e+02
   2.3298010e+00   1.0325020e+02   1.1306240e+02
   2.2926540e+00   1.0242820e+02   1.1215590e+02
   2.2731731e+00   1.0246112e+02   1.1222140e+02
   2.2459451e+00   1.0197455e+02   1.1168880e+02
   2.2091549e+00   1.0118887e+02   1.1082900e+02
   2.1725996e+00   1.0035992e+02   1.0992520e+02
   2.1323889e+00   9.9561350e+01   1.0906600e+02
   2.0846663e+00   9.8511170e+01   1.0796970e+02
   2.0554035e+00   9.8273787e+01   1.0768670e+02
   2.0395181e+00   9.8713157e+01   1.0815530e+02
   2.0183834e+00   9.8962255e+01   1.0844690e+02
   1.9867217e+00   9.8631078e+01   1.0812210e+02
   1.9539437e+00   9.8186717e+01   1.0763730e+02
   1.9342443e+00   9.8575485e+01   1.0802970e+02
   1.9296881e+00   9.9609598e+01   1.0918110e+02
   1.9305964e+00   1.0103927e+02   1.1078040e+02
   1.9176971e+00   1.0180335e+02   1.1162420e+02
   1.8794565e+00   1.0140885e+02   1.1120490e+02
   1.8238747e+00   1.0027110e+02   1.0995760e+02
   1.7405147e+00   9.7570287e+01   1.0699250e+02
   1.6706569e+00   9.5630148e+01   1.0482070e+02
   1.6350537e+00   9.5444305e+01   1.0462340e+02
   1.6247495e+00   9.6605915e+01   1.0591870e+02
   1.6065410e+00   9.7240383e+01   1.0662010e+02
   1.5870763e+00   9.7914995e+01   1.0740010e+02
   1.5661251e+00   9.8400922e+01   1.0792680e+02
   1.5363882e+00   9.8489220e+01   1.0801570e+02
   1.5014217e+00   9.7969212e+01   1.0745550e+02
   1.4706915e+00   9.7509502e+01   1.0696860e+02
   1.4487514e+00   9.7391990e+01   1.0687340e+02
   1.4308735e+00   9.7459595e+01   1.0694400e+02
   1.4093176e+00   9.7004275e+01   1.0646560e+02
   1.3832098e+00   9.6069870e+01   1.0541350e+02
   1.3581791e+00   9.5038650e+01   1.0429240e+02
   1.3356156e+00   9.4362333e+01   1.0358640e+02
   1.3224369e+00   9.4269268e+01   1.0350940e+02
   1.3162644e+00   9.4610350e+01   1.0385490e+02
   1.3076709e+00   9.4757058e+01   1.0404850e+02
   1.3008462e+00   9.5035935e+01   1.0436390e+02
   1.2940504e+00   9.5376170e+01   1.0472960e+02
   1.2929894e+00   9.6033403e+01   1.0544780e+02
   1.2882643e+00   9.5956682e+01   1.0532190e+02
   1.2747796e+00   9.5132643e+01   1.0442930e+02
   1.2517557e+00   9.3946593e+01   1.0312460e+02
   1.2283659e+00   9.2938922e+01   1.0201130e+02
   1.2050519e+00   9.2227465e+01   1.0122930e+02
   1.1802736e+00   9.1395522e+01   1.0034010e+02
   1.1577782e+00   9.1059590e+01   1.0001050e+02
   1.1432000e+00   9.1127450e+01   1.0010040e+02
   1.1377693e+00   9.1735165e+01   1.0076240e+02
   1.1353308e+00   9.2557200e+01   1.0167380e+02
   1.1315158e+00   9.3214562e+01   1.0239880e+02
   1.1286836e+00   9.3830617e+01   1.0307300e+02
   1.1199873e+00   9.4032230e+01   1.0326520e+02
   1.1038149e+00   9.3613055e+01   1.0284990e+02
   1.0885913e+00   9.3067805e+01   1.0225890e+02
   1.0767593e+00   9.2723793e+01   1.0189010e+02
   1.0612870e+00   9.2259798e+01   1.0138760e+02
   1.0381482e+00   9.1188825e+01   1.0017540e+02
   1.0148921e+00   9.0094093e+01   9.8958380e+01
   1.0001920e+00   8.9520858e+01   9.8352410e+01
   9.9822282e-01   9.0101782e+01   9.9002080e+01
   1.0049398e+00   9.1238453e+01   1.0025810e+02
   9.9949846e-01   9.1390482e+01   1.0041720e+02
   9.6556005e-01   8.8810137e+01   9.7563490e+01
   9.3008582e-01   8.6079503e+01   9.4588650e+01
   9.2189886e-01   8.6186305e+01   9.4701080e+01
   9.4062906e-01   8.8853100e+01   9.7626710e+01
   9.5261300e-01   9.0646933e+01   9.9636980e+01
   9.5113084e-01   9.1189270e+01   1.0021640e+02
   9.4297020e-01   9.1085780e+01   1.0011470e+02
   9.2568616e-01   9.0634380e+01   9.9620070e+01
   9.0908874e-01   9.0372883e+01   9.9333780e+01
   9.0049858e-01   9.0204017e+01   9.9185320e+01
   8.9330805e-01   9.0011423e+01   9.8950600e+01
   8.8465000e-01   8.9633733e+01   9.8547380e+01
   8.7697211e-01   8.9463565e+01   9.8353250e+01
   8.7267228e-01   8.9447947e+01   9.8354610e+01
   8.6766294e-01   8.9504562e+01   9.8392000e+01
   8.6300500e-01   8.9437715e+01   9.8349700e+01
   8.5736400e-01   8.9401875e+01   9.8296330e+01
   8.5038274e-01   8.9220417e+01   9.8100860e+01
   8.4203932e-01   8.8986313e+01   9.7857700e+01
   8.2934593e-01   8.8281470e+01   9.7110260e+01
   8.0032680e-01   8.6037642e+01   9.4586460e+01
   7.3194568e-01   7.9893158e+01   8.7846490e+01
   6.6890814e-01   7.4282930e+01   8.1695270e+01
   6.4751098e-01   7.3105717e+01   8.0391510e+01
   6.6616626e-01   7.5860920e+01   8.3440800e+01
   6.8350642e-01   7.8432322e+01   8.6311780e+01
   6.8856633e-01   7.9746773e+01   8.7731330e+01
   6.8980734e-01   8.0463493e+01   8.8498240e+01
   6.9228644e-01   8.1421553e+01   8.9559110e+01
   6.9170243e-01   8.1948960e+01   9.0121540e+01
   6.8170236e-01   8.1704800e+01   8.9825870e+01
   6.7362969e-01   8.1608770e+01   8.9716830e+01
   6.7187270e-01   8.2281395e+01   9.0494120e+01
   6.7254360e-01   8.3151763e+01   9.1434230e+01
   6.7068343e-01   8.3616160e+01   9.1957860e+01
   6.6258859e-01   8.3420442e+01   9.1719810e+01
   6.5209000e-01   8.3012757e+01   9.1256020e+01
   6.4264086e-01   8.2489413e+01   9.0726620e+01
   6.3188866e-01   8.1910352e+01   9.0107810e+01
   6.1810694e-01   8.1024960e+01   8.9142620e+01
   5.9921748e-01   7.9612642e+01   8.7592100e+01
   5.6377735e-01   7.6060778e+01   8.3681170e+01
   5.1248406e-01   7.0586100e+01   7.7617800e+01
   4.6859644e-01   6.5874742e+01   7.2440430e+01
   4.6220876e-01   6.5733965e+01   7.2295460e+01
   4.7726851e-01   6.8087270e+01   7.4893890e+01
   4.8035305e-01   6.8997510e+01   7.5874740e+01
   4.6653270e-01   6.7866287e+01   7.4642230e+01
   4.5675736e-01   6.7135250e+01   7.3846940e+01
   4.5370325e-01   6.7183755e+01   7.3920200e+01
   4.5164481e-01   6.7613817e+01   7.4345580e+01
   4.5659322e-01   6.8600360e+01   7.5440170e+01
   4.7105911e-01   7.0620137e+01   7.7652080e+01
   4.8414841e-01   7.2752567e+01   8.0058370e+01
   4.9145685e-01   7.3924635e+01   8.1283370e+01
   4.9175534e-01   7.4183365e+01   8.1597070e+01
   4.8959820e-01   7.4305035e+01   8.1736380e+01
   4.9060298e-01   7.4577793e+01   8.2065450e+01
   4.9217142e-01   7.4993070e+01   8.2559490e+01
   4.9545415e-01   7.5732710e+01   8.3343600e+01
   4.9704472e-01   7.6314585e+01   8.4015100e+01
   4.9669741e-01   7.6518267e+01   8.4238820e+01
   4.9425391e-01   7.6293103e+01   8.3975150e+01
   4.8683665e-01   7.5855305e+01   8.3445740e+01
   4.8110784e-01   7.5159098e+01   8.2662430e+01
   4.7394600e-01   7.4529233e+01   8.1979570e+01
   4.7029135e-01   7.4159470e+01   8.1622630e+01
   4.6494957e-01   7.4087288e+01   8.1595920e+01
   4.5860120e-01   7.3611397e+01   8.1044950e+01
   4.4121636e-01   7.1270422e+01   7.8457530e+01
   3.7183944e-01   6.0625240e+01   6.6789580e+01
   2.6718639e-01   4.4451100e+01   4.8904010e+01
   1.8978219e-01   3.2669070e+01   3.5982520e+01
   1.7992555e-01   3.2162188e+01   3.5414540e+01
   2.1208061e-01   3.8372548e+01   4.2214250e+01
   2.7024101e-01   4.8219315e+01   5.3059100e+01
   3.3482592e-01   5.8582555e+01   6.4525710e+01
   3.8391441e-01   6.6023802e+01   7.2740040e+01
   4.0841346e-01   6.9808515e+01   7.6861370e+01
   4.1657801e-01   7.1204125e+01   7.8452220e+01
   4.1798544e-01   7.1528512e+01   7.8824270e+01
   4.1815230e-01   7.1456252e+01   7.8688930e+01
   4.1439668e-01   7.1106455e+01   7.8307760e+01
   4.1017571e-01   7.0867925e+01   7.8074990e+01
   4.0733862e-01   7.0675945e+01   7.7827130e+01
   4.0297486e-01   7.0653598e+01   7.7809020e+01
   3.9981016e-01   7.0358465e+01   7.7489540e+01
   3.9571000e-01   6.9970102e+01   7.7040530e+01
   3.9058143e-01   6.9501257e+01   7.6527780e+01
   3.8414873e-01   6.8970540e+01   7.5966060e+01
   3.7857910e-01   6.8279360e+01   7.5214190e+01
   3.6991549e-01   6.7511803e+01   7.4335440e+01
   3.6456274e-01   6.6667595e+01   7.3461230e+01
   3.5942832e-01   6.6034482e+01   7.2690450e+01
   3.5519311e-01   6.5621825e+01   7.2229230e+01
   3.5312376e-01   6.5391623e+01   7.1955230e+01
   3.5163977e-01   6.5454213e+01   7.2072270e+01
   3.4941542e-01   6.5538113e+01   7.2144900e+01
   3.4719907e-01   6.5357682e+01   7.1927550e+01
   3.4329479e-01   6.4920885e+01   7.1450390e+01
   3.3867512e-01   6.4405898e+01   7.0891760e+01
   3.3402230e-01   6.3891565e+01   7.0423590e+01
   3.3327878e-01   6.3511705e+01   6.9984980e+01
   3.3088982e-01   6.3311645e+01   6.9683540e+01
   3.2802929e-01   6.3548943e+01   6.9994300e+01
   3.2839600e-01   6.3862460e+01   7.0302890e+01
   3.2168987e-01   6.3165218e+01   6.9512520e+01
   3.0935648e-01   6.1254443e+01   6.7480680e+01
   2.9238665e-01   5.8740283e+01   6.4642500e+01
   2.7193800e-01   5.5673882e+01   6.1283280e+01
   2.5645060e-01   5.3355605e+01   5.8822100e+01
   2.5166766e-01   5.2416018e+01   5.7706160e+01
   2.5372713e-01   5.3207232e+01   5.8603880e+01
   2.5880400e-01   5.4075893e+01   5.9560430e+01
   2.5664580e-01   5.3725575e+01   5.9224660e+01
   2.5364724e-01   5.3787058e+01   5.9178870e+01
   2.6031491e-01   5.4969812e+01   6.0428220e+01
   2.6586843e-01   5.6210563e+01   6.1908330e+01
   2.6188800e-01   5.5987195e+01   6.1598200e+01
   2.5905132e-01   5.5577895e+01   6.1203650e+01
   2.5550461e-01   5.5620227e+01   6.1228480e+01
   2.5564815e-01   5.5949958e+01   6.1648110e+01
   2.6042747e-01   5.6515077e+01   6.2248970e+01
   2.6340832e-01   5.7339060e+01   6.3174400e+01
   2.6911890e-01   5.8425022e+01   6.4349320e+01
   2.7044505e-01   5.9168722e+01   6.5183840e+01
   2.7182107e-01   5.9702035e+01   6.5783070e+01
   2.7505594e-01   6.0067890e+01   6.6177330e+01
   2.7352609e-01   6.0143017e+01   6.6317640e+01
   2.7272182e-01   6.0076117e+01   6.6223330e+01
   2.7083142e-01   5.9980575e+01   6.6121080e+01
   2.6976076e-01   5.9820955e+01   6.5908480e+01
   2.6556309e-01   5.9253070e+01   6.5372120e+01
   2.5967184e-01   5.8163055e+01   6.4137520e+01
   2.5483360e-01   5.7235340e+01   6.3092930e+01
   2.4765320e-01   5.6393515e+01   6.2160800e+01
   2.4308284e-01   5.5167282e+01   6.0784300e+01
   2.4096240e-01   5.4635513e+01   6.0197610e+01
   2.4116063e-01   5.5198695e+01   6.0883270e+01
   2.4835635e-01   5.6845637e+01   6.2681890e+01
   2.4932987e-01   5.7499092e+01   6.3390180e+01
   2.5014120e-01   5.7412843e+01   6.3216740e+01
   2.4599918e-01   5.7229923e+01   6.3031390e+01
   2.4257150e-01   5.6839945e+01   6.2696290e+01
   2.3550730e-01   5.5567837e+01   6.1243640e+01
   2.2950792e-01   5.4072198e+01   5.9608070e+01
   2.2765479e-01   5.3306143e+01   5.8778980e+01
   2.3213120e-01   5.4016280e+01   5.9690980e+01
   2.3141010e-01   5.4933995e+01   6.0578890e+01
   2.3155276e-01   5.5555780e+01   6.1265970e+01
   2.3128463e-01   5.5701920e+01   6.1473670e+01
   2.3240018e-01   5.5776987e+01   6.1569510e+01
   2.3286024e-01   5.5837187e+01   6.1594810e+01
   2.3255571e-01   5.5801585e+01   6.1487920e+01
   2.3139645e-01   5.5585133e+01   6.1332880e+01
   2.2319408e-01   5.5285742e+01   6.0869800e+01
   2.2173499e-01   5.4954187e+01   6.0619570e+01
   2.1940314e-01   5.4920438e+01   6.0533480e+01
   2.1998232e-01   5.4834542e+01   6.0400540e+01
   2.1705810e-01   5.4491620e+01   6.0065230e+01
   2.1497665e-01   5.4083010e+01   5.9587480e+01
   2.1049625e-01   5.3829550e+01   5.9256250e+01
   2.0909126e-01   5.3612570e+01   5.9051530e+01
   2.0653689e-01   5.2852705e+01   5.8195220e+01
   1.9781993e-01   5.1633602e+01   5.6892020e+01
   1.9022752e-01   4.9630710e+01   5.4697050e+01
   1.7585623e-01   4.6987878e+01   5.1853780e+01
   1.6617293e-01   4.4274822e+01   4.8823180e+01
   1.5406570e-01   4.1818160e+01   4.5866310e+01
   1.4851213e-01   4.0325880e+01   4.4388830e+01
   1.4333040e-01   3.9805240e+01   4.3764030e+01
   1.4741918e-01   4.0873625e+01   4.5087380e+01
   1.5160808e-01   4.2607650e+01   4.6849790e+01
   1.5689481e-01   4.3630575e+01   4.8022450e+01
   1.5153981e-01   4.3009828e+01   4.7381210e+01
   1.4399975e-01   4.1120000e+01   4.5314570e+01
   1.3840465e-01   3.9723487e+01   4.3785760e+01
   1.3809431e-01   3.9630860e+01   4.3607300e+01
   1.4057541e-01   3.9460825e+01   4.3437470e+01
   1.3662141e-01   3.9452655e+01   4.3517960e+01
   1.3531496e-01   3.9019672e+01   4.2937580e+01
   1.3418309e-01   3.9002510e+01   4.3002680e+01
   1.3531565e-01   3.9431508e+01   4.3514830e+01
   1.3694892e-01   4.0663463e+01   4.4818660e+01
   1.4302390e-01   4.1822277e+01   4.6094790e+01
   1.4591514e-01   4.2262615e+01   4.6517480e+01
   1.4016614e-01   4.1818045e+01   4.6042060e+01
   1.3555278e-01   4.1000488e+01   4.5141870e+01
   1.3470134e-01   3.9914972e+01   4.3976190e+01
   1.2847339e-01   3.8003075e+01   4.1906570e+01
   1.1819349e-01   3.4860178e+01   3.8445570e+01
   9.8985539e-02   3.0146535e+01   3.3324040e+01
   7.7892189e-02   2.5131197e+01   2.7639860e+01
   6.7631891e-02   2.0500203e+01   2.2469340e+01
   5.7390792e-02   1.7385180e+01   1.9069400e+01
   5.1384811e-02   1.5966688e+01   1.7768120e+01
   5.0610060e-02   1.6345732e+01   1.8022050e+01
   5.5876143e-02   1.8124475e+01   1.9849370e+01
   6.2889963e-02   2.0360100e+01   2.2470290e+01
   7.3734906e-02   2.2462695e+01   2.4748490e+01
   7.0127312e-02   2.2440225e+01   2.4858990e+01
   6.4885609e-02   2.1151575e+01   2.3336900e+01
   6.6438216e-02   2.0084105e+01   2.2251090e+01
   6.1427864e-02   1.9802950e+01   2.1948590e+01
   5.9283280e-02   2.0468905e+01   2.2721710e+01
   6.4348211e-02   2.1034200e+01   2.3120340e+01
   6.7829592e-02   2.1788950e+01   2.3987780e+01
   6.5232520e-02   2.1886650e+01   2.4187720e+01
   6.7496100e-02   2.2646395e+01   2.5057140e+01
   6.6989306e-02   2.2626923e+01   2.5073510e+01
   6.8475608e-02   2.3402955e+01   2.5905750e+01
   6.8913376e-02   2.4008275e+01   2.6572340e+01
   7.6791488e-02   2.4557938e+01   2.7080600e+01
   7.4061749e-02   2.5556545e+01   2.8306400e+01
   8.1404854e-02   2.6103137e+01   2.8809370e+01
   8.6555374e-02   2.7514628e+01   3.0512740e+01
   8.4106514e-02   2.8750693e+01   3.1837990e+01
   9.2010353e-02   2.9867355e+01   3.2890370e+01
   9.4657032e-02   3.1064440e+01   3.4371200e+01
   1.0211034e-01   3.3016825e+01   3.6555100e+01
   1.0421243e-01   3.4901283e+01   3.8671400e+01
   1.0421243e-01   3.4901283e+01   3.8671400e+01
   1.1377254e-01   3.6467447e+01   4.0245260e+01
   1.0847326e-01   3.6619690e+01   4.0525860e+01
   1.0213134e-01   3.6112910e+01   3.9967680e+01
   1.0160285e-01   3.6070678e+01   3.9921170e+01
   1.1193007e-01   3.5084170e+01   3.9211530e+01
   1.0463069e-01   3.4501352e+01   3.8172360e+01
   1.0105395e-01   3.4848445e+01   3.8530580e+01
   1.0040363e-01   3.4911550e+01   3.8595710e+01
   1.0781030e-01   3.5358373e+01   3.9377620e+01
   1.1196097e-01   3.6231935e+01   4.0156160e+01
   1.1078195e-01   3.6902627e+01   4.1045530e+01
   1.1056760e-01   3.7024575e+01   4.1207240e+01
   1.2115986e-01   3.7767105e+01   4.2010720e+01
   1.1507177e-01   3.8613135e+01   4.2787090e+01
   1.2306418e-01   3.9169675e+01   4.3284570e+01
   1.2546193e-01   3.9336638e+01   4.3433810e+01
   1.2832792e-01   3.9610575e+01   4.3748230e+01
   1.1423408e-01   3.9881417e+01   4.4156120e+01
   1.2870957e-01   4.0007810e+01   4.4300210e+01
   1.3514310e-01   4.0063983e+01   4.4364250e+01
   1.1647428e-01   4.0232112e+01   4.4972520e+01
   1.2642733e-01   4.0039600e+01   4.4403340e+01
   1.1865464e-01   4.0164060e+01   4.4267110e+01
   1.1520013e-01   4.0219380e+01   4.4206570e+01
   1.2396797e-01   3.9966535e+01   4.4140720e+01
   1.2999823e-01   3.9760060e+01   4.4283970e+01
   1.2503851e-01   3.9602653e+01   4.3744990e+01
   1.2211844e-01   3.9506883e+01   4.3460750e+01
   1.1325695e-01   3.8818502e+01   4.3200840e+01
   1.2192487e-01   3.8825052e+01   4.2697620e+01
   1.0506290e-01   3.8652457e+01   4.2799880e+01
   9.6949036e-02   3.8561650e+01   4.2831350e+01
   1.1352117e-01   3.8553965e+01   4.2470360e+01
   1.0986022e-01   3.8563563e+01   4.2514260e+01
   1.0675772e-01   3.8778498e+01   4.2663890e+01
   1.0521399e-01   3.8950590e+01   4.2847290e+01
   1.0532678e-01   3.9189825e+01   4.3198760e+01
   1.0770644e-01   3.9399680e+01   4.3430450e+01
   1.0917088e-01   3.9528818e+01   4.3573020e+01
   1.0928633e-01   3.9606912e+01   4.3669330e+01
   1.0958654e-01   3.9809955e+01   4.3919740e+01
   1.0988671e-01   4.0012995e+01   4.4170150e+01
   1.1007145e-01   4.0137945e+01   4.4324250e+01
   1.0980993e-01   4.0201790e+01   4.4403330e+01
   1.0924330e-01   4.0340115e+01   4.4574660e+01
   1.0867666e-01   4.0478437e+01   4.4745990e+01
   1.0837156e-01   4.0552923e+01   4.4838250e+01
   1.0798063e-01   4.0591920e+01   4.4879260e+01
   1.0713357e-01   4.0676408e+01   4.4968100e+01
   1.0628654e-01   4.0760895e+01   4.5056940e+01
   1.0583045e-01   4.0806390e+01   4.5104780e+01
   1.0609173e-01   4.0813752e+01   4.5108380e+01
   1.0665788e-01   4.0829703e+01   4.5116160e+01
   1.0722400e-01   4.0845655e+01   4.5123940e+01
   1.0752885e-01   4.0854245e+01   4.5128140e+01
   1.0751747e-01   4.0828145e+01   4.5089320e+01
   1.0749637e-01   4.0779673e+01   4.5017230e+01
   1.0747524e-01   4.0731198e+01   4.4945150e+01
   1.0746386e-01   4.0705098e+01   4.4906330e+01
   1.0773389e-01   4.0667122e+01   4.4860580e+01
   1.0831893e-01   4.0584838e+01   4.4761440e+01
   1.0890401e-01   4.0502560e+01   4.4662310e+01
   1.0921904e-01   4.0458250e+01   4.4608930e+01
   1.0924087e-01   4.0418855e+01   4.4576340e+01
   1.0936090e-01   4.0202177e+01   4.4397100e+01
   1.0583221e-01   3.9908620e+01   4.4097370e+01
   1.0501764e-01   3.9592125e+01   4.3731520e+01
   1.0569896e-01   3.9266977e+01   4.3362740e+01
   1.0397382e-01   3.8897973e+01   4.2954390e+01
   1.0269831e-01   3.8479552e+01   4.2469230e+01
   1.0022971e-01   3.7927985e+01   4.1897680e+01
   9.6699490e-02   3.7377792e+01   4.1294390e+01
   9.4041640e-02   3.6819543e+01   4.0644220e+01
   9.2086110e-02   3.6306247e+01   4.0102320e+01
   9.0226240e-02   3.5951345e+01   3.9703190e+01
   8.9780500e-02   3.5620742e+01   3.9339710e+01
   8.9700240e-02   3.5126957e+01   3.8810470e+01
   8.7339000e-02   3.4614177e+01   3.8221800e+01
   8.5995560e-02   3.4048230e+01   3.7600210e+01
   8.6025360e-02   3.3265250e+01   3.6748830e+01
   8.7753720e-02   3.2320615e+01   3.5675750e+01
   8.8717440e-02   3.1229797e+01   3.4480130e+01
   8.5420620e-02   2.9962647e+01   3.3092060e+01
   7.7812650e-02   2.8248680e+01   3.1168210e+01
   6.6960270e-02   2.5283663e+01   2.7874390e+01
   5.6340640e-02   2.1101810e+01   2.3281430e+01
   4.5338400e-02   1.7066437e+01   1.8816060e+01
   3.5963620e-02   1.4300265e+01   1.5751020e+01
   3.1896010e-02   1.3024875e+01   1.4339390e+01
   2.8698030e-02   1.2579025e+01   1.3862770e+01
   2.7431440e-02   1.2776870e+01   1.4075690e+01
   2.8385600e-02   1.3501510e+01   1.4860510e+01
   2.6453690e-02   1.3332397e+01   1.4694140e+01
   2.4525540e-02   1.2715560e+01   1.4010100e+01
   2.4766170e-02   1.3064662e+01   1.4360380e+01
   2.6824200e-02   1.4534560e+01   1.5996730e+01
   3.1780650e-02   1.6675843e+01   1.8374890e+01
   3.7335960e-02   1.8952417e+01   2.0903650e+01
   4.1334160e-02   2.0906747e+01   2.3060750e+01
   4.2980600e-02   2.2268885e+01   2.4569750e+01
   4.4560530e-02   2.3078255e+01   2.5507450e+01
   4.7220700e-02   2.3449405e+01   2.5906420e+01
   4.8404560e-02   2.3607382e+01   2.6071810e+01
   4.9618280e-02   2.3811138e+01   2.6287130e+01
   5.2815880e-02   2.4364130e+01   2.6888850e+01
   5.3707610e-02   2.4922238e+01   2.7516320e+01
   5.2228610e-02   2.4937755e+01   2.7548690e+01
   5.3543040e-02   2.4630875e+01   2.7198390e+01
   5.4906950e-02   2.4530183e+01   2.7088220e+01
   5.4027260e-02   2.4641472e+01   2.7223270e+01
   5.4800190e-02   2.4895007e+01   2.7499850e+01
   5.6375040e-02   2.5219268e+01   2.7834780e+01
   5.7354420e-02   2.5479525e+01   2.8121030e+01
   5.8627800e-02   2.5651457e+01   2.8300060e+01
   5.9764440e-02   2.5779268e+01   2.8461330e+01
   5.7594570e-02   2.5848717e+01   2.8544900e+01
   5.5608630e-02   2.5902125e+01   2.8595150e+01
   5.4744900e-02   2.5822960e+01   2.8517210e+01
   5.1287080e-02   2.5611578e+01   2.8285670e+01
   5.0933810e-02   2.5366305e+01   2.7996580e+01
   4.8851910e-02   2.5046388e+01   2.7642290e+01
   4.6547600e-02   2.4571920e+01   2.7136910e+01
   4.5044070e-02   2.3716115e+01   2.6197270e+01
   4.0822430e-02   2.2512148e+01   2.4846640e+01
   3.8020840e-02   2.1304000e+01   2.3514780e+01
   3.8353750e-02   2.0818685e+01   2.2987300e+01
   3.9744460e-02   2.1231405e+01   2.3457450e+01
   4.0591020e-02   2.1746395e+01   2.4014170e+01
   4.0224320e-02   2.2012685e+01   2.4293350e+01
   4.1605720e-02   2.2250923e+01   2.4567230e+01
   4.3122240e-02   2.2443143e+01   2.4782950e+01
   4.2594200e-02   2.2416733e+01   2.4749050e+01
   4.2031100e-02   2.2166998e+01   2.4463670e+01
   4.1992120e-02   2.1739865e+01   2.3998980e+01
   4.0878720e-02   2.1140060e+01   2.3342220e+01
   3.7804800e-02   2.0376117e+01   2.2495920e+01
   3.5417880e-02   1.9519370e+01   2.1567090e+01
   3.3012650e-02   1.8704770e+01   2.0668500e+01
   3.1304960e-02   1.7949278e+01   1.9819660e+01
   3.0417250e-02   1.7221737e+01   1.9012540e+01
   2.7785250e-02   1.6094310e+01   1.7765280e+01
   2.3619260e-02   1.4484578e+01   1.5974220e+01
   2.0639520e-02   1.3317208e+01   1.4678390e+01
   1.9783780e-02   1.2691820e+01   1.3998300e+01
   1.7699630e-02   1.1632158e+01   1.2844900e+01
   1.4727650e-02   9.4971318e+00   1.0496490e+01
   9.6472500e-03   6.8475177e+00   7.5536270e+00
   6.3221400e-03   4.7276405e+00   5.2119890e+00
   4.0197300e-03   3.4361112e+00   3.7746610e+00
   3.4287000e-03   2.6686262e+00   2.9287290e+00
   4.1596000e-03   2.1449520e+00   2.3709790e+00
   2.8293300e-03   1.7474173e+00   1.9364520e+00
   2.3203400e-03   1.4195828e+00   1.5615410e+00
   2.0160900e-03   1.1634688e+00   1.2879220e+00
   1.3964600e-03   9.7682392e-01   1.0933050e+00
   2.1686000e-03   8.5752940e-01   9.4767400e-01
   1.6401000e-03   8.1070880e-01   8.9822850e-01
   1.2075800e-03   8.1136688e-01   8.9768250e-01
   1.8642200e-03   8.4465422e-01   9.2186000e-01
   2.2955100e-03   8.8830180e-01   9.7114860e-01
   2.1674000e-03   9.1992820e-01   1.0019020e+00
   3.1166300e-03   9.2797635e-01   1.0070010e+00
   2.7848600e-03   9.8441067e-01   1.0730860e+00
   1.0670000e-03   1.1370875e+00   1.2473440e+00
   1.3683800e-03   1.2958880e+00   1.4196710e+00
   2.2917400e-03   1.4970123e+00   1.6386070e+00
   1.8756000e-03   1.8031825e+00   1.9737830e+00
   3.1209000e-03   2.0646318e+00   2.2652700e+00
   3.8324600e-03   2.2375253e+00   2.4503160e+00
   3.3059200e-03   2.3439265e+00   2.5784260e+00
   3.0894000e-03   2.4702117e+00   2.7079580e+00
   3.0711000e-03   2.7345575e+00   3.0024020e+00
   3.4707200e-03   3.1290207e+00   3.4415010e+00
   4.4972400e-03   3.6592832e+00   4.0142250e+00
   5.6210000e-03   4.4991598e+00   4.9423230e+00
   6.0180000e-03   5.4014300e+00   5.9487300e+00
   6.6196000e-03   5.7918990e+00   6.3957040e+00
   7.1400000e-03   5.5554805e+00   6.1173660e+00
   6.3283400e-03   5.0237627e+00   5.5138860e+00
   5.6952000e-03   4.9866127e+00   5.4801180e+00
   5.7963300e-03   5.3948310e+00   5.9411570e+00
   6.7273800e-03   5.8391350e+00   6.4469610e+00
   7.0262700e-03   6.3608898e+00   7.0086320e+00
   7.8162700e-03   7.0941500e+00   7.8051310e+00
   9.4339200e-03   8.1440645e+00   8.9756440e+00
   1.0983600e-02   9.2643750e+00   1.0211840e+01
   1.2938760e-02   1.0268685e+01   1.1320460e+01
   1.4472640e-02   1.0915540e+01   1.2040700e+01
   1.3863840e-02   1.1391158e+01   1.2556630e+01
   1.3237900e-02   1.2087785e+01   1.3332660e+01
   1.5259500e-02   1.2772585e+01   1.4082720e+01
   1.6903780e-02   1.3207720e+01   1.4561450e+01
   1.6622740e-02   1.3568748e+01   1.4959990e+01
   1.7399250e-02   1.3923647e+01   1.5337510e+01
   1.7543930e-02   1.4171093e+01   1.5611610e+01
   1.7584440e-02   1.4313337e+01   1.5785400e+01
   1.8245470e-02   1.4418250e+01   1.5919050e+01
   1.8088360e-02   1.4489972e+01   1.6008520e+01
   1.8147060e-02   1.4554080e+01   1.6070870e+01
   1.7792880e-02   1.4623910e+01   1.6136590e+01
   1.7381000e-02   1.4627202e+01   1.6134270e+01
   1.6795220e-02   1.4573080e+01   1.6071640e+01
   1.7058960e-02   1.4507623e+01   1.6005510e+01
   1.7255000e-02   1.4424610e+01   1.5913660e+01
   1.6967800e-02   1.4288527e+01   1.5761570e+01
   1.6283850e-02   1.3987485e+01   1.5430610e+01
   1.5906800e-02   1.3508973e+01   1.4909760e+01
   1.5314000e-02   1.3101742e+01   1.4455300e+01
   1.4971650e-02   1.2927013e+01   1.4275050e+01
   1.5433080e-02   1.3034035e+01   1.4401250e+01
   1.5826300e-02   1.3178442e+01   1.4555590e+01
   1.5852060e-02   1.3188018e+01   1.4576070e+01
   1.6060390e-02   1.3167822e+01   1.4553070e+01
   1.5356640e-02   1.3092560e+01   1.4448480e+01
   1.5253680e-02   1.2821627e+01   1.4142420e+01
   1.4186800e-02   1.2518575e+01   1.3816180e+01
   1.3597140e-02   1.2378603e+01   1.3672150e+01
   1.4385380e-02   1.2384557e+01   1.3688040e+01
   1.4446700e-02   1.2503673e+01   1.3826560e+01
   1.5044130e-02   1.2605367e+01   1.3951300e+01
   1.4450700e-02   1.2662445e+01   1.4024620e+01
   1.3866640e-02   1.2729295e+01   1.4084240e+01
   1.4801480e-02   1.2725755e+01   1.4070040e+01
   1.5088500e-02   1.2605275e+01   1.3933730e+01
   1.4582880e-02   1.2408313e+01   1.3710840e+01
   1.4222600e-02   1.2184830e+01   1.3469470e+01
   1.3107200e-02   1.2023447e+01   1.3302110e+01
   1.2233200e-02   1.1953900e+01   1.3232990e+01
   1.3471900e-02   1.1873262e+01   1.3130070e+01
   1.3431040e-02   1.1810042e+01   1.3056430e+01
   1.3051250e-02   1.1829000e+01   1.3077370e+01
   1.2410400e-02   1.1768430e+01   1.3007430e+01
   1.1781900e-02   1.1561867e+01   1.2789860e+01
   1.1565090e-02   1.1409915e+01   1.2622420e+01
   1.1790240e-02   1.1397143e+01   1.2592200e+01
   1.1857440e-02   1.1325085e+01   1.2505690e+01
   1.1200350e-02   1.1205260e+01   1.2371650e+01
   1.0230550e-02   1.1140610e+01   1.2286360e+01
   1.0637550e-02   1.1065240e+01   1.2206420e+01
   1.0041080e-02   1.0953972e+01   1.2093920e+01
   9.5895000e-03   1.0853195e+01   1.1969620e+01
   1.0010060e-02   1.0756257e+01   1.1862530e+01
   9.7588400e-03   1.0639270e+01   1.1745350e+01
   9.0610800e-03   1.0505895e+01   1.1606990e+01
   9.2225000e-03   1.0305965e+01   1.1395590e+01
   8.8816500e-03   1.0143033e+01   1.1222790e+01
   8.6104200e-03   1.0095032e+01   1.1164290e+01
   9.1020000e-03   1.0030261e+01   1.1093980e+01
   7.6003600e-03   9.7934075e+00   1.0819060e+01
   7.5897600e-03   9.5482175e+00   1.0557170e+01
   8.0409000e-03   9.4122095e+00   1.0399440e+01
   8.1025000e-03   9.2325530e+00   1.0182550e+01
   7.6890000e-03   9.0131013e+00   9.9424780e+00
   6.8870700e-03   8.8507465e+00   9.7682950e+00
   7.1406600e-03   8.7168480e+00   9.6288350e+00
   7.2527600e-03   8.5716048e+00   9.4729580e+00
   6.8010800e-03   8.4890365e+00   9.3744770e+00
   6.9330900e-03   8.4289155e+00   9.3025440e+00
   6.8364600e-03   8.3120075e+00   9.1827050e+00
   6.2150400e-03   8.1509390e+00   9.0023290e+00
   5.3121200e-03   7.8815108e+00   8.6993290e+00
   5.4180000e-03   7.6319905e+00   8.4233720e+00
   6.1383600e-03   7.4579543e+00   8.2254190e+00
   6.1975200e-03   7.1317625e+00   7.8637220e+00
   5.1202200e-03   6.6302058e+00   7.3204960e+00
   3.6768000e-03   6.2023737e+00   6.8489090e+00
   4.0887000e-03   5.8333327e+00   6.4435140e+00
   4.1226900e-03   5.5071830e+00   6.0733420e+00
   3.1585000e-03   5.0925490e+00   5.6104150e+00
   2.5460000e-03   4.5194300e+00   4.9739910e+00
   3.4576200e-03   3.8869552e+00   4.2752900e+00
   2.5778000e-03   3.1888843e+00   3.5085040e+00
   1.6848000e-03   2.5696265e+00   2.8291730e+00
   1.6919500e-03   2.1249943e+00   2.3402150e+00
   9.0825000e-04   1.7435728e+00   1.9375780e+00
   1.4240600e-03   1.3852757e+00   1.5471590e+00
   3.9279000e-04   1.0804065e+00   1.1940680e+00
  -2.6558000e-04   8.7473925e-01   9.5931000e-01
  -3.9600000e-04   7.3891523e-01   8.1795030e-01
  -1.3027000e-04   5.9908985e-01   6.6620780e-01
   1.2991000e-04   4.7832960e-01   5.2815560e-01
  -2.6044000e-04   4.0789125e-01   4.5181800e-01
  -1.3133000e-04   3.6374380e-01   4.1063760e-01
  -1.0568800e-03   3.2631932e-01   3.7583860e-01
  -1.3066000e-03   3.0615200e-01   3.3489280e-01
  -2.5978000e-04   2.8948725e-01   2.9691000e-01
  -1.3037000e-03   2.7452520e-01   2.8194480e-01
  -6.5615000e-04   2.6013225e-01   2.8738420e-01
   6.5970000e-04   2.5162865e-01   2.7765920e-01
  -3.9546000e-04   2.4443595e-01   2.7159550e-01
  -1.3311000e-04   2.3644372e-01   2.6521730e-01
  -1.0744800e-03   2.3567150e-01   2.5987560e-01
  -5.3908000e-04   2.3415307e-01   2.5590500e-01
  -1.3433000e-04   2.2234080e-01   2.4760680e-01
  -6.6755000e-04   2.1718813e-01   2.3828640e-01
  -6.6730000e-04   2.1888262e-01   2.3743200e-01
  -1.3275000e-04   2.2599395e-01   2.4834500e-01
  -3.9669000e-04   2.3156535e-01   2.5397490e-01
  -5.2528000e-04   2.2663550e-01   2.6399300e-01
  -5.2172000e-04   2.3486840e-01   2.6984880e-01
  -7.8510000e-04   2.3230477e-01   2.4880730e-01
  -7.9560000e-04   2.2456875e-01   2.4263750e-01
  -1.7295200e-03   2.2265830e-01   2.4854880e-01
