   8.6630247e-03
   6.1739846e-03
   9.0791426e-03
   8.3648962e-03
   1.0040830e-02
   1.0256017e-02
   9.8799872e-03
   1.1644699e-02
   1.2133962e-02
   1.3040902e-02
   1.2888774e-02
   1.2674991e-02
   1.4913397e-02
   1.6707368e-02
   2.0465831e-02
   3.0227961e-02
   3.6621026e-02
   4.1539916e-02
   4.7459518e-02
   5.0756822e-02
   5.8408116e-02
   5.8085188e-02
   6.4360947e-02
   6.6422151e-02
   7.0156242e-02
   7.2363222e-02
   7.1440501e-02
   7.5611510e-02
   7.6030825e-02
   7.6227780e-02
   7.7151960e-02
   7.7221276e-02
   8.0475221e-02
   7.6901725e-02
   7.8605453e-02
   7.9937776e-02
   7.7142818e-02
   7.7513743e-02
   7.6442992e-02
   7.6138538e-02
   7.5301885e-02
   7.7819295e-02
   7.9031388e-02
   7.9823075e-02
   7.8755528e-02
   7.7571986e-02
   6.8994073e-02
   6.8989524e-02
   6.9607151e-02
   6.8501093e-02
   6.9778412e-02
   7.0276115e-02
   6.9703728e-02
   6.9828677e-02
   7.0417809e-02
   6.9139232e-02
   6.7747093e-02
   6.7636180e-02
   6.6505710e-02
   6.4845570e-02
   6.5366378e-02
   6.4748022e-02
   6.4337073e-02
   6.4694950e-02
   6.3121356e-02
   6.2872118e-02
   6.2079475e-02
   6.1701543e-02
   6.0754230e-02
   6.0061450e-02
   5.9422879e-02
   5.9602485e-02
   5.8592818e-02
   5.7728867e-02
   5.6963946e-02
   5.6526758e-02
   5.5493593e-02
   5.4980696e-02
   5.4113943e-02
   5.3212642e-02
   5.2185019e-02
   5.1235427e-02
   4.9865847e-02
   4.8815673e-02
   4.8086399e-02
   4.7677702e-02
   4.7041277e-02
   4.6425164e-02
   4.5594354e-02
   4.4861088e-02
   4.4215064e-02
   4.3617506e-02
   4.2843658e-02
   4.2135889e-02
   4.1515346e-02
   4.1062727e-02
   4.0230141e-02
   3.9562715e-02
   3.8831353e-02
   3.8312677e-02
   3.7882218e-02
   3.7300399e-02
   3.6995125e-02
   3.6272924e-02
   3.5847524e-02
   3.5418468e-02
   3.4920790e-02
   3.4461614e-02
   3.4016698e-02
   3.3558438e-02
   3.3125193e-02
   3.2666552e-02
   3.2181387e-02
   3.1823342e-02
   3.1427959e-02
   3.0972569e-02
   3.0650326e-02
   3.0250981e-02
   2.9916109e-02
   2.9506441e-02
   2.9109465e-02
   2.8811054e-02
   2.8475288e-02
   2.8110425e-02
   2.7739858e-02
   2.7422074e-02
   2.7057162e-02
   2.6794558e-02
   2.6566150e-02
   2.6365578e-02
   2.6138096e-02
   2.5952889e-02
   2.5584250e-02
   2.5164315e-02
   2.4880116e-02
   2.4685999e-02
   2.4479688e-02
   2.4218297e-02
   2.3940549e-02
   2.3668831e-02
   2.3469303e-02
   2.3204794e-02
   2.2935846e-02
   2.2641044e-02
   2.2416415e-02
   2.2162138e-02
   2.1917594e-02
   2.1660907e-02
   2.1423592e-02
   2.1165156e-02
   2.0963308e-02
   2.0766820e-02
   2.0578561e-02
   2.0345028e-02
   2.0138870e-02
   1.9955007e-02
   1.9773139e-02
   1.9593924e-02
   1.9412166e-02
   1.9218461e-02
   1.9003224e-02
   1.8819555e-02
   1.8639979e-02
   1.8496470e-02
   1.8295505e-02
   1.8141768e-02
   1.7977513e-02
   1.7788241e-02
   1.7613437e-02
   1.7417954e-02
   1.7253036e-02
   1.7084527e-02
   1.6890603e-02
   1.6703930e-02
   1.6496397e-02
   1.6323810e-02
   1.6189481e-02
   1.6017651e-02
   1.5877257e-02
   1.5729633e-02
   1.5563780e-02
   1.5383767e-02
   1.5236638e-02
   1.5060822e-02
   1.4892952e-02
   1.4682950e-02
   1.4449998e-02
   1.4224551e-02
   1.3992483e-02
   1.3750508e-02
   1.3520984e-02
   1.3299674e-02
   1.3044823e-02
   1.2817753e-02
   1.2576904e-02
   1.2330745e-02
   1.2054148e-02
   1.1740446e-02
   1.1420343e-02
   1.1082080e-02
   1.0773122e-02
   1.0489074e-02
   1.0218518e-02
   9.9357251e-03
   9.6682617e-03
   9.3794749e-03
   9.1301950e-03
   8.9099093e-03
   8.7234794e-03
   8.5466565e-03
   8.4084892e-03
   8.2876569e-03
   8.1907985e-03
   8.0690515e-03
   7.9564169e-03
   7.8486282e-03
   7.7490108e-03
   7.6474785e-03
   7.5374792e-03
   7.4425676e-03
   7.4040766e-03
   7.3818793e-03
   7.3124992e-03
   7.2142080e-03
   7.0766931e-03
   6.9402439e-03
   6.7622931e-03
   6.6094759e-03
   6.4793933e-03
   6.3559373e-03
   6.2402112e-03
   6.1399365e-03
   6.0294077e-03
   5.9251288e-03
   5.8399308e-03
   5.7642246e-03
   5.6655169e-03
   5.5538306e-03
   5.4432264e-03
   5.3619891e-03
   5.2777825e-03
   5.2199390e-03
   5.1482112e-03
   5.0875182e-03
   5.0292553e-03
   4.9300413e-03
   4.8291750e-03
   4.7633154e-03
   4.6897601e-03
   4.6204041e-03
   4.4939891e-03
   4.3539214e-03
   4.2888500e-03
   4.2328670e-03
   4.1844920e-03
   4.1226488e-03
   4.0827493e-03
   4.0231800e-03
   3.9862460e-03
   3.9306524e-03
   3.8777293e-03
   3.8170535e-03
   3.7585310e-03
   3.6673210e-03
   3.5416769e-03
   3.4019034e-03
   3.2661670e-03
   3.2002849e-03
   3.1459576e-03
   3.0690766e-03
   3.0099894e-03
   2.9470076e-03
   2.8881823e-03
   2.7957949e-03
   2.7142311e-03
   2.6390707e-03
   2.5661528e-03
   2.5069917e-03
   2.4324644e-03
   2.3505703e-03
   2.2987049e-03
   2.2322173e-03
   2.1556095e-03
   2.0634843e-03
   1.9589258e-03
   1.8135546e-03
   1.6805680e-03
   1.6080305e-03
   1.5901501e-03
   1.5428052e-03
   1.4654001e-03
   1.4028127e-03
   1.3609972e-03
   1.2847503e-03
   1.2649249e-03
   1.2763231e-03
   1.2735627e-03
   1.2556825e-03
   1.2435853e-03
   1.2083243e-03
   1.2039463e-03
   1.1965548e-03
   1.1722974e-03
   1.1514641e-03
   1.1315014e-03
   1.1169897e-03
   1.0535414e-03
   1.0351120e-03
   9.9875237e-04
   9.9201315e-04
   9.4193903e-04
   8.9542729e-04
   8.5778280e-04
   8.1734377e-04
   6.8496336e-04
   5.1947636e-04
   3.2003184e-04
   2.4425564e-04
   3.1838535e-04
   4.3468445e-04
   5.2876704e-04
   5.5136732e-04
   5.6213038e-04
   5.5880037e-04
   5.5526503e-04
   5.3424739e-04
   5.0396421e-04
   4.7448948e-04
   4.2136918e-04
   4.0337498e-04
   3.7445524e-04
   3.4280174e-04
   3.0209109e-04
   2.8120487e-04
   2.1482355e-04
   2.1690948e-04
   1.7789209e-04
   1.4881463e-04
   1.3279384e-04
   1.1820334e-04
   7.6740752e-05
   5.5121296e-05
   3.3751134e-05
   8.8503651e-06
   3.6061599e-06
   1.6770070e-05
  -2.1171716e-05
  -6.8319830e-05
  -9.4583357e-05
  -1.4480150e-04
  -1.6625558e-04
  -2.4960630e-04
  -3.3013171e-04
  -3.7554924e-04
  -4.0307737e-04
  -4.2524117e-04
  -4.0961067e-04
  -4.0375970e-04
  -4.9111532e-04
  -4.8736800e-04
  -4.6139893e-04
  -5.2613475e-04
  -5.2602636e-04
  -5.9310065e-04
  -5.9997672e-04
  -5.7054215e-04
  -5.7874366e-04
  -5.7312388e-04
  -6.0138500e-04
  -6.1454770e-04
  -5.9307774e-04
  -6.0682605e-04
  -6.1956709e-04
  -6.4082034e-04
  -6.5545106e-04
  -6.5756007e-04
  -6.8162423e-04
  -6.9841152e-04
  -7.5475110e-04
  -7.4825376e-04
  -7.4477205e-04
  -7.6426038e-04
  -7.6908752e-04
  -8.0203348e-04
  -8.0426599e-04
  -8.5302127e-04
  -8.5538634e-04
  -8.9580734e-04
  -8.8644686e-04
  -8.5820091e-04
  -7.9732130e-04
  -9.0958927e-04
  -9.4962340e-04
  -9.5096531e-04
  -9.3430484e-04
  -9.4230686e-04
  -9.6361569e-04
  -9.4454953e-04
  -1.0960532e-03
  -1.0654214e-03
  -1.1155707e-03
  -1.1112246e-03
  -1.1248303e-03
  -1.1403637e-03
  -1.2141174e-03
  -1.2135174e-03
  -1.2122549e-03
  -1.2698100e-03
  -1.2645423e-03
  -1.3230849e-03
  -1.3265253e-03
  -1.4837755e-03
  -1.4218464e-03
  -1.5171683e-03
  -1.4536110e-03
  -1.5541241e-03
  -1.5021969e-03
  -1.5524806e-03
  -1.5659779e-03
  -1.5779650e-03
  -1.6086843e-03
  -1.5308755e-03
  -1.5847565e-03
  -1.6226612e-03
  -1.6129319e-03
  -1.6048601e-03
  -1.6847835e-03
  -1.6380823e-03
  -1.6322200e-03
  -1.7183823e-03
  -1.7598955e-03
  -1.6856567e-03
  -1.6646629e-03
  -1.6535045e-03
  -1.7092827e-03
  -1.9671188e-03
  -1.8471607e-03
  -1.8318190e-03
  -1.6489301e-03
  -1.9251964e-03
  -2.0590762e-03
  -1.9140266e-03
  -1.7690942e-03
  -1.8138764e-03
  -1.9386032e-03
  -1.6470062e-03
  -1.8256279e-03
  -1.9832671e-03
  -2.0142989e-03
  -1.9368086e-03
  -1.9877620e-03
  -1.9662518e-03
  -1.9567891e-03
  -2.0074419e-03
  -2.0599852e-03
  -1.8945638e-03
  -2.0219764e-03
  -1.8866043e-03
  -1.7761429e-03
  -2.0007773e-03
  -1.9613080e-03
  -1.9060357e-03
  -1.8532028e-03
  -1.9356523e-03
  -1.9356523e-03
  -1.8867827e-03
  -1.9792206e-03
  -2.0991336e-03
  -2.1092748e-03
  -1.5972944e-03
  -1.9198674e-03
  -2.0521010e-03
  -2.0758786e-03
  -1.7873149e-03
  -1.8369730e-03
  -1.8522760e-03
  -1.8549861e-03
  -1.6654530e-03
  -1.9396729e-03
  -1.8431047e-03
  -1.8145670e-03
  -1.7641262e-03
  -2.0591139e-03
  -1.7388236e-03
  -1.5971395e-03
  -1.8585126e-03
  -1.7651928e-03
  -2.0605081e-03
  -2.1923427e-03
  -1.8892907e-03
  -1.5876003e-03
  -1.8364811e-03
  -1.9704725e-03
  -1.9179855e-03
  -1.9311818e-03
  -2.1892579e-03
  -2.3164749e-03
  -2.0788763e-03
  -2.1513801e-03
  -2.2758642e-03
  -2.3254994e-03
  -2.3001291e-03
  -2.2581669e-03
  -2.2325666e-03
  -2.2305631e-03
  -2.2253898e-03
  -2.2202747e-03
  -2.2171559e-03
  -2.2234454e-03
  -2.2369976e-03
  -2.2504451e-03
  -2.2576427e-03
  -2.2695393e-03
  -2.2952442e-03
  -2.3208472e-03
  -2.3345911e-03
  -2.3310793e-03
  -2.3234790e-03
  -2.3158830e-03
  -2.3117893e-03
  -2.3146033e-03
  -2.3198392e-03
  -2.3250871e-03
  -2.3279241e-03
  -2.3212562e-03
  -2.3067656e-03
  -2.2922099e-03
  -2.2843430e-03
  -2.2769875e-03
  -2.2363353e-03
  -2.2880613e-03
  -2.2942906e-03
  -2.2627838e-03
  -2.2801880e-03
  -2.2939014e-03
  -2.3013277e-03
  -2.3496045e-03
  -2.3946585e-03
  -2.3993155e-03
  -2.4268099e-03
  -2.4162838e-03
  -2.3785923e-03
  -2.4168198e-03
  -2.4129221e-03
  -2.3515971e-03
  -2.2499678e-03
  -2.1316279e-03
  -2.1164263e-03
  -2.2218151e-03
  -2.3328647e-03
  -2.2995126e-03
  -2.3245396e-03
  -2.4710846e-03
  -2.5399567e-03
  -2.6727286e-03
  -2.8016130e-03
  -2.8592707e-03
  -2.9410113e-03
  -2.9969944e-03
  -3.0728902e-03
  -3.0936126e-03
  -3.0164857e-03
  -2.9397548e-03
  -2.9320356e-03
  -2.9695731e-03
  -2.9354068e-03
  -2.8686611e-03
  -2.8421149e-03
  -2.8188398e-03
  -2.7489594e-03
  -2.7526117e-03
  -2.7970698e-03
  -2.7329672e-03
  -2.6738268e-03
  -2.7068969e-03
  -2.7014144e-03
  -2.6862122e-03
  -2.6727417e-03
  -2.6485476e-03
  -2.6055075e-03
  -2.6826395e-03
  -2.7619927e-03
  -2.7800576e-03
  -2.8851927e-03
  -2.8926330e-03
  -2.9455355e-03
  -2.9835116e-03
  -2.9750082e-03
  -3.0688015e-03
  -3.0934936e-03
  -3.0344781e-03
  -2.9958111e-03
  -3.0104704e-03
  -3.0577469e-03
  -3.0106793e-03
  -2.9612950e-03
  -2.9842337e-03
  -2.9954023e-03
  -2.9579436e-03
  -2.9516146e-03
  -3.0249466e-03
  -3.0467783e-03
  -3.0902747e-03
  -3.1227652e-03
  -3.1065311e-03
  -3.1454088e-03
  -3.2493638e-03
  -3.3337740e-03
  -3.3128475e-03
  -3.3232875e-03
  -3.2798620e-03
  -3.4455705e-03
  -3.5223846e-03
  -3.7449696e-03
  -3.6594060e-03
  -2.9257808e-03
  -3.1664373e-03
  -3.2959285e-03
  -3.0848707e-03
  -3.1450562e-03
  -2.3966223e-03
  -2.8058139e-03
  -3.3160089e-03
  -2.9242792e-03
  -2.5469753e-03
  -2.8276633e-03
  -1.9728741e-03
  -2.3769553e-03
  -3.9843099e-03
  -3.9034951e-03
  -3.4867083e-03
  -3.9345454e-03
  -3.4579069e-03
  -3.3113294e-03
  -3.4988448e-03
  -3.7126131e-03
  -3.7980542e-03
  -3.7759304e-03
  -3.7187583e-03
  -3.6731066e-03
  -3.7450573e-03
  -3.6663779e-03
  -3.5930274e-03
  -3.6806126e-03
  -3.7622826e-03
  -3.7821520e-03
  -3.6608073e-03
  -3.7445756e-03
  -3.7762355e-03
  -3.6907948e-03
  -3.6632282e-03
  -3.5929015e-03
  -3.5215232e-03
  -3.6338638e-03
  -3.7323564e-03
  -3.6494829e-03
  -3.5736744e-03
  -3.6226766e-03
  -3.6181260e-03
  -3.6267319e-03
  -3.6139405e-03
  -3.5582556e-03
  -3.5610958e-03
  -3.5728068e-03
  -3.6140536e-03
  -3.6471141e-03
  -3.6831671e-03
  -3.6544769e-03
  -3.6363555e-03
  -3.6467064e-03
  -3.6664306e-03
  -3.6450213e-03
  -3.6597016e-03
  -3.6520067e-03
  -3.6175616e-03
  -3.6093682e-03
  -3.5949789e-03
  -3.5799165e-03
  -3.6514730e-03
  -3.6461686e-03
  -3.6857995e-03
  -3.7021805e-03
  -3.6315813e-03
  -3.6273383e-03
  -3.5755417e-03
  -3.6084556e-03
  -3.6755496e-03
  -3.6233067e-03
  -3.5970492e-03
  -3.6241685e-03
  -3.6232463e-03
  -3.6765493e-03
  -3.7251585e-03
  -3.6451776e-03
  -3.6484588e-03
  -3.6791767e-03
  -3.7278412e-03
  -3.7432778e-03
  -3.7471614e-03
  -3.7536485e-03
  -3.7532785e-03
  -3.7990200e-03
  -3.8952536e-03
  -3.8510218e-03
  -3.8745767e-03
  -3.9263680e-03
  -3.8840008e-03
  -3.8759486e-03
  -3.9102189e-03
  -3.8642456e-03
  -3.8685164e-03
  -3.8986987e-03
  -3.8470224e-03
  -3.9898577e-03
  -3.9557287e-03
  -3.9161460e-03
  -3.9312217e-03
  -3.9494850e-03
  -4.0073041e-03
  -3.9527500e-03
  -3.9186859e-03
  -3.9748760e-03
  -3.9674814e-03
  -3.9474303e-03
  -4.0071740e-03
  -4.0999163e-03
  -4.0686910e-03
  -3.9805070e-03
  -3.9437991e-03
  -4.0045328e-03
  -4.1647282e-03
  -4.0601915e-03
  -4.0498817e-03
  -4.1867948e-03
  -4.2589899e-03
  -3.9748771e-03
  -4.0427703e-03
  -4.1672520e-03
  -4.0345545e-03
  -4.1010742e-03
  -3.5457819e-03
  -4.3544811e-03
  -5.1219801e-03
  -5.1345112e-03
  -4.7511423e-03
  -4.4569864e-03
  -5.2130826e-03
  -4.5660434e-03
  -6.6544196e-03
  -8.8004333e-03
  -7.1727121e-03
  -1.0891458e-02
  -6.9749129e-03
  -2.3405826e-03
  -6.0288293e-03
  -4.8793742e-03
  -8.8652036e-03
  -7.0243299e-03
  -5.0683415e-03
  -7.6377693e-03
  -7.8863808e-03
  -5.3373055e-03
  -6.4052811e-03
  -5.6077996e-03
  -5.8246644e-03
  -8.5027107e-03
  -8.4389664e-03
  -1.1435406e-02
