   1.4172164e-03
  -7.9628221e-04
   1.6747215e-03
   6.5433511e-04
   1.3264942e-03
   3.2934644e-03
   2.3953310e-03
   7.7728874e-04
   2.5007939e-03
   1.4477104e-03
   2.5491675e-03
   2.5174490e-03
   3.8070289e-03
   2.0091007e-03
   2.1315079e-03
   2.8114985e-03
   3.3322589e-03
   3.7994037e-03
   3.8808651e-03
   3.8180976e-03
   4.9934919e-03
   4.5850547e-03
   5.3510311e-03
   5.6227634e-03
   5.9787248e-03
   6.2438515e-03
   6.1878316e-03
   6.6559202e-03
   6.6612355e-03
   6.7724991e-03
   6.9400845e-03
   7.0001823e-03
   7.3734684e-03
   6.9843798e-03
   7.2789986e-03
   7.5099688e-03
   7.2860473e-03
   7.4370885e-03
   7.4217632e-03
   7.3245503e-03
   7.3759464e-03
   7.7690837e-03
   8.0217110e-03
   8.2455027e-03
   8.1908201e-03
   8.1666865e-03
   7.1076302e-03
   7.2116540e-03
   7.4371825e-03
   7.3915385e-03
   7.6910673e-03
   7.8404025e-03
   7.8345637e-03
   7.9808577e-03
   8.1682767e-03
   8.0948072e-03
   7.9631146e-03
   8.0645297e-03
   8.0149223e-03
   7.9827497e-03
   8.2042553e-03
   8.2301886e-03
   8.2135266e-03
   8.3851915e-03
   8.2125900e-03
   8.3245383e-03
   8.4016949e-03
   8.5279689e-03
   8.5157902e-03
   8.4810830e-03
   8.5524759e-03
   8.6513549e-03
   8.6305830e-03
   8.6810463e-03
   8.6521949e-03
   8.7384452e-03
   8.6450574e-03
   8.6434879e-03
   8.5763632e-03
   8.5521818e-03
   8.5779448e-03
   8.5569308e-03
   8.5355065e-03
   8.4824914e-03
   8.3971767e-03
   8.4229097e-03
   8.4453800e-03
   8.4544120e-03
   8.4445770e-03
   8.4277047e-03
   8.4593005e-03
   8.4694505e-03
   8.4616394e-03
   8.4583791e-03
   8.4965542e-03
   8.5517184e-03
   8.5530698e-03
   8.6359734e-03
   8.6019783e-03
   8.6241666e-03
   8.6605466e-03
   8.6802401e-03
   8.7592707e-03
   8.7613675e-03
   8.8140031e-03
   8.8808922e-03
   8.9360461e-03
   9.0174361e-03
   9.0649929e-03
   9.1291040e-03
   9.1620279e-03
   9.2352838e-03
   9.2480240e-03
   9.3257167e-03
   9.3640043e-03
   9.3925783e-03
   9.4768494e-03
   9.5139739e-03
   9.5807725e-03
   9.6036890e-03
   9.6488925e-03
   9.7158930e-03
   9.7868272e-03
   9.8661975e-03
   9.9138362e-03
   1.0012510e-02
   1.0060643e-02
   1.0166555e-02
   1.0236603e-02
   1.0315360e-02
   1.0395382e-02
   1.0531602e-02
   1.0614034e-02
   1.0652156e-02
   1.0670426e-02
   1.0729911e-02
   1.0803335e-02
   1.0857191e-02
   1.0888074e-02
   1.0923298e-02
   1.0981872e-02
   1.1024221e-02
   1.1060477e-02
   1.1072325e-02
   1.1118548e-02
   1.1124034e-02
   1.1137946e-02
   1.1097200e-02
   1.1062151e-02
   1.1031025e-02
   1.1041263e-02
   1.1071740e-02
   1.1125179e-02
   1.1179249e-02
   1.1218199e-02
   1.1270226e-02
   1.1324795e-02
   1.1359368e-02
   1.1419260e-02
   1.1449681e-02
   1.1466146e-02
   1.1485023e-02
   1.1500831e-02
   1.1553577e-02
   1.1556097e-02
   1.1586331e-02
   1.1595034e-02
   1.1599409e-02
   1.1620186e-02
   1.1609006e-02
   1.1579835e-02
   1.1563253e-02
   1.1509517e-02
   1.1481659e-02
   1.1464474e-02
   1.1448546e-02
   1.1482241e-02
   1.1472813e-02
   1.1481079e-02
   1.1494363e-02
   1.1488792e-02
   1.1461181e-02
   1.1444647e-02
   1.1394946e-02
   1.1351285e-02
   1.1270120e-02
   1.1156632e-02
   1.1037544e-02
   1.0896547e-02
   1.0716340e-02
   1.0547227e-02
   1.0332150e-02
   1.0076656e-02
   9.8017090e-03
   9.5001175e-03
   9.1939623e-03
   8.8610053e-03
   8.5137089e-03
   8.1830715e-03
   7.8216057e-03
   7.4808580e-03
   7.1297199e-03
   6.8082676e-03
   6.4495211e-03
   6.0691457e-03
   5.6858079e-03
   5.3260475e-03
   5.0331037e-03
   4.8355530e-03
   4.6859129e-03
   4.5773192e-03
   4.4884446e-03
   4.4380941e-03
   4.3735840e-03
   4.3069874e-03
   4.2340302e-03
   4.1803979e-03
   4.1418480e-03
   4.0642759e-03
   4.0246665e-03
   3.9947105e-03
   3.9549585e-03
   3.9509946e-03
   3.8812372e-03
   3.8515280e-03
   3.8085983e-03
   3.7511054e-03
   3.7032999e-03
   3.6562689e-03
   3.6091484e-03
   3.5660916e-03
   3.5175065e-03
   3.4660368e-03
   3.4133016e-03
   3.3959325e-03
   3.3628411e-03
   3.3213605e-03
   3.2577315e-03
   3.2017194e-03
   3.1714838e-03
   3.1303174e-03
   3.0795909e-03
   3.0260111e-03
   2.9496230e-03
   2.9070510e-03
   2.8147340e-03
   2.7347627e-03
   2.6714453e-03
   2.6321657e-03
   2.5855358e-03
   2.5079186e-03
   2.4555859e-03
   2.4455645e-03
   2.4159462e-03
   2.4296372e-03
   2.4151702e-03
   2.4365865e-03
   2.4226628e-03
   2.4249726e-03
   2.4421794e-03
   2.3993201e-03
   2.4028642e-03
   2.3859444e-03
   2.3344778e-03
   2.3080372e-03
   2.2755602e-03
   2.2131028e-03
   2.1297913e-03
   2.0514393e-03
   1.9600567e-03
   1.8800326e-03
   1.7968426e-03
   1.7304606e-03
   1.6449622e-03
   1.5698755e-03
   1.5332923e-03
   1.4380118e-03
   1.3691539e-03
   1.2842993e-03
   1.2063083e-03
   1.1511122e-03
   1.0828943e-03
   9.8584996e-04
   9.1173551e-04
   8.2024482e-04
   7.4743676e-04
   6.8880059e-04
   6.1758862e-04
   5.8062912e-04
   5.3176483e-04
   4.8010762e-04
   4.1476365e-04
   3.4989811e-04
   3.1972709e-04
   2.4064483e-04
   2.4580142e-04
   2.3668419e-04
   1.7817616e-04
   1.7381118e-04
   1.6971948e-04
   1.5830864e-04
   1.5828053e-04
   1.3956241e-04
   1.5040904e-04
   1.4792645e-04
   1.5785688e-04
   1.3271806e-04
   1.3411857e-04
   1.7118260e-04
   1.4433564e-04
   1.5579582e-04
   1.3026591e-04
   1.0521032e-04
   1.1486641e-04
   2.3206484e-05
   1.0395903e-04
  -6.3844860e-06
   5.0769014e-05
   2.1053150e-05
   2.8168198e-05
   8.3144518e-05
   4.4134948e-05
   5.5192109e-05
   8.7626744e-05
   6.6600889e-05
   7.9588295e-05
   6.8847841e-05
   6.2773625e-05
   5.8918100e-05
   4.9250475e-05
   4.6873631e-05
   3.7665117e-05
   3.7421334e-05
   6.2659619e-05
   5.5023629e-05
   4.0318980e-05
   7.6560920e-05
   6.7598420e-05
   6.2046484e-05
   1.2106781e-04
   6.9330263e-05
   5.8713648e-05
   6.8845968e-05
   3.6069954e-05
   8.9803084e-05
   1.1212791e-04
   8.6363791e-05
   1.7466248e-06
   8.6150841e-05
   1.0591651e-04
   6.1315139e-05
  -4.3398491e-06
  -4.3528588e-05
   1.2271856e-05
  -6.4993861e-05
  -6.7339709e-06
   2.3263687e-05
  -7.2552472e-05
  -3.0528077e-05
  -7.8589686e-05
  -5.6741265e-05
  -1.2263081e-04
  -1.0067389e-04
  -1.0020875e-04
  -1.1798937e-04
  -1.6684645e-04
  -1.5420821e-04
  -1.9813968e-04
  -1.4088484e-04
  -1.9603614e-04
  -1.3450445e-04
  -1.6094535e-04
  -1.4905615e-04
  -2.0456888e-04
  -1.5449937e-04
  -1.4025562e-04
  -1.6174655e-04
  -1.8504978e-04
  -1.7140878e-04
  -1.8760625e-04
  -1.9673236e-04
  -2.1598344e-04
  -2.3833752e-04
  -2.2650440e-04
  -1.9650032e-04
  -2.3697301e-04
  -2.2376819e-04
  -2.4387037e-04
  -2.6638626e-04
  -2.0024551e-04
  -2.3390001e-04
  -2.9490023e-04
  -2.5846309e-04
  -2.1815802e-04
  -1.5946839e-04
  -2.5941439e-04
  -2.6755346e-04
  -2.5008398e-04
  -3.4269005e-04
  -1.8259288e-04
  -2.3870188e-04
  -1.9878423e-04
  -3.2169046e-04
  -2.0331190e-04
  -2.1411364e-04
  -3.6784397e-04
  -3.4959781e-04
  -4.1198048e-04
  -2.9143085e-04
  -2.6695404e-04
  -2.2930206e-04
  -4.6421117e-04
  -4.5298845e-04
  -3.8889062e-04
  -3.5829825e-04
  -4.2874865e-04
  -4.2044672e-04
  -4.6546564e-04
  -4.7982113e-04
  -3.5072485e-04
  -6.1044685e-04
  -4.1481410e-04
  -4.2449621e-04
  -5.5030084e-04
  -5.2454900e-04
  -5.0739073e-04
  -3.9658910e-04
  -3.3416261e-04
  -5.6137668e-04
  -5.6040134e-04
  -7.1071460e-04
  -6.0627192e-04
  -5.7748872e-04
  -4.0492229e-04
  -5.0062441e-04
  -5.9917807e-04
  -6.5158410e-04
  -6.1520300e-04
  -4.6610260e-04
  -9.6407544e-04
  -7.5223868e-04
  -5.0870898e-04
  -5.3154049e-04
  -5.1609055e-04
  -6.1071508e-04
  -7.5021702e-04
  -5.9538839e-04
  -5.0486239e-04
  -6.5269737e-04
  -6.3680471e-04
  -5.9570619e-04
  -4.8938020e-04
  -6.4239634e-04
  -6.6406841e-04
  -7.1162325e-04
  -3.6360405e-04
  -4.5790505e-04
  -6.1994971e-04
  -3.9092843e-04
  -4.3642432e-04
  -5.6985111e-04
  -2.1952627e-04
  -8.7973581e-04
  -6.6269121e-04
  -6.6269121e-04
  -5.8291450e-04
  -3.5708034e-04
  -5.3651523e-04
  -5.5169012e-04
  -4.8662983e-04
  -6.7299647e-04
  -9.4290669e-04
  -9.9144281e-04
  -3.2608429e-04
  -3.5717503e-04
  -4.0392301e-04
  -4.1220745e-04
  -1.8089044e-04
  -9.3723251e-04
  -3.3345204e-04
  -1.5501944e-04
  -1.5514218e-04
  -6.7978837e-04
  -4.7789555e-04
  -3.8858300e-04
  -8.8885871e-04
  -8.2877969e-05
  -6.6799029e-04
  -9.2920098e-04
  -8.5334256e-04
  -5.6070695e-04
  -9.1190183e-04
  -1.0913137e-03
  -4.5318135e-04
  -7.2178408e-04
  -9.0596645e-04
  -9.7828962e-04
  -2.5034064e-04
  -8.1739591e-04
  -9.5693590e-04
  -1.0491553e-03
  -1.0578475e-03
  -1.1445246e-03
  -1.1974050e-03
  -1.1877405e-03
  -1.1627941e-03
  -1.1381359e-03
  -1.1230958e-03
  -1.1005144e-03
  -1.0518690e-03
  -1.0035912e-03
  -9.7774929e-04
  -9.6439506e-04
  -9.3554620e-04
  -9.0681111e-04
  -8.9138660e-04
  -8.7811075e-04
  -8.4936772e-04
  -8.2063482e-04
  -8.0515956e-04
  -8.0124676e-04
  -7.9395825e-04
  -7.8663671e-04
  -7.8269195e-04
  -7.7726057e-04
  -7.6546311e-04
  -7.5361363e-04
  -7.4720540e-04
  -7.4032312e-04
  -7.0228802e-04
  -7.2140675e-04
  -7.2547748e-04
  -8.4997246e-04
  -7.9573305e-04
  -6.4542505e-04
  -6.4079015e-04
  -6.5132317e-04
  -7.1373421e-04
  -7.5530343e-04
  -8.1818867e-04
  -5.9978275e-04
  -6.5132456e-04
  -8.7696258e-04
  -7.5714124e-04
  -6.9004368e-04
  -7.5069866e-04
  -5.6455141e-04
  -5.4634123e-04
  -6.5091990e-04
  -7.2394713e-04
  -7.0775185e-04
  -8.5910594e-04
  -1.0249351e-03
  -9.8657611e-04
  -7.8703778e-04
  -1.0801519e-03
  -8.9387782e-04
  -8.9044069e-04
  -1.1138742e-03
  -1.0095917e-03
  -1.1555066e-03
  -1.1126644e-03
  -8.2227656e-04
  -8.0924112e-04
  -1.0535725e-03
  -1.1000005e-03
  -9.8789824e-04
  -9.4852109e-04
  -8.3063800e-04
  -6.7595066e-04
  -7.0859635e-04
  -7.4627825e-04
  -7.0015578e-04
  -7.2068342e-04
  -7.7906506e-04
  -7.2412260e-04
  -6.9842552e-04
  -7.6960177e-04
  -7.4168458e-04
  -6.7493392e-04
  -7.2951418e-04
  -7.5814234e-04
  -8.1335676e-04
  -8.1134061e-04
  -7.2335236e-04
  -7.2270415e-04
  -8.3964382e-04
  -7.5389994e-04
  -7.9816123e-04
  -8.8493324e-04
  -7.0520185e-04
  -6.0628103e-04
  -7.5282958e-04
  -8.4919233e-04
  -7.6326952e-04
  -7.4302810e-04
  -8.0918010e-04
  -8.0568565e-04
  -7.4089633e-04
  -7.7076868e-04
  -8.0585474e-04
  -7.7667692e-04
  -8.0190277e-04
  -9.5362167e-04
  -8.2907589e-04
  -7.2365537e-04
  -7.9800170e-04
  -8.1475111e-04
  -8.4826765e-04
  -8.7666591e-04
  -8.4493966e-04
  -9.2041915e-04
  -1.2783865e-03
  -1.5458707e-03
  -1.1921336e-03
  -9.7925689e-05
  -3.2885914e-04
  -1.4940236e-03
  -1.2620241e-03
  -1.1505079e-03
  -1.4752640e-03
  -1.4954016e-03
  -4.0592040e-03
  -3.0771327e-03
  -5.1293087e-04
   5.5797706e-04
   1.9581962e-04
  -9.4092777e-04
  -1.6575774e-03
  -1.0084275e-03
  -1.6833732e-03
  -1.6714214e-03
  -1.1709613e-03
  -1.1844234e-03
  -1.5104870e-03
  -2.0605015e-03
  -1.6632587e-03
  -1.5482222e-03
  -1.5910022e-03
  -1.5559364e-03
  -1.4943999e-03
  -9.5291284e-04
  -8.2543150e-04
  -1.5496301e-03
  -1.5277424e-03
  -1.4917221e-03
  -9.5401623e-04
  -1.0174054e-03
  -1.4874512e-03
  -1.3493416e-03
  -1.2604898e-03
  -9.9265260e-04
  -8.2819888e-04
  -1.0612497e-03
  -1.1514644e-03
  -1.0765053e-03
  -1.0245048e-03
  -1.0383402e-03
  -9.9636521e-04
  -1.0726265e-03
  -1.1313546e-03
  -9.7642118e-04
  -8.9402563e-04
  -9.0874739e-04
  -9.3139903e-04
  -9.8923513e-04
  -1.0522875e-03
  -9.3320023e-04
  -1.0658570e-03
  -1.0782751e-03
  -9.3245567e-04
  -9.6298280e-04
  -1.1750309e-03
  -1.0745598e-03
  -9.6709078e-04
  -9.8995943e-04
  -8.4847554e-04
  -9.8839142e-04
  -1.0719284e-03
  -1.0076955e-03
  -1.2974787e-03
  -1.2878272e-03
  -8.9030463e-04
  -9.6471722e-04
  -9.5611045e-04
  -9.3488412e-04
  -1.1692334e-03
  -1.0934248e-03
  -1.1225667e-03
  -1.1524362e-03
  -8.1013987e-04
  -9.1946359e-04
  -1.1504567e-03
  -1.1552023e-03
  -1.0687633e-03
  -1.0622751e-03
  -1.1556746e-03
  -1.1519625e-03
  -9.7768331e-04
  -9.0868218e-04
  -1.0832566e-03
  -1.2558268e-03
  -1.2945892e-03
  -1.0952290e-03
  -1.1525506e-03
  -1.3582361e-03
  -1.3674081e-03
  -1.2547143e-03
  -9.5357926e-04
  -1.0281335e-03
  -1.2115728e-03
  -1.1249830e-03
  -1.2183055e-03
  -1.3641076e-03
  -1.2233994e-03
  -1.2028025e-03
  -1.2009130e-03
  -1.2079888e-03
  -1.2038246e-03
  -1.3199919e-03
  -1.3043584e-03
  -1.1834420e-03
  -1.3277907e-03
  -1.1861003e-03
  -9.1672510e-04
  -1.4380799e-03
  -1.4371860e-03
  -1.4511884e-03
  -1.3102711e-03
  -1.3894394e-03
  -1.4080675e-03
  -1.4410227e-03
  -1.8625526e-03
  -1.4675279e-03
  -1.7236780e-03
  -1.4939438e-03
  -1.4952394e-03
  -1.5025741e-03
  -1.4861694e-03
  -1.3290101e-03
  -1.3250731e-03
  -1.7465922e-03
  -1.8088969e-03
  -4.4935966e-03
  -2.9349919e-03
  -1.2127698e-03
  -7.3579601e-03
  -7.7913211e-03
  -7.6154292e-03
  -1.3228796e-03
  -2.2325811e-03
  -1.1016456e-02
  -5.1730800e-03
  -2.1504382e-03
  -2.1280356e-03
  -1.2127698e-03
  -6.7469016e-03
  -1.5425811e-03
  -1.7780431e-02
  -2.5315101e-02
  -1.9287181e-02
  -1.2693354e-02
  -2.9316007e-03
  -6.1871441e-03
  -4.0109962e-04
  -1.5050301e-03
  -1.3333743e-02
  -1.2650423e-02
