  -7.4642085e-03
  -9.9532485e-03
  -7.0480905e-03
  -7.7623370e-03
  -6.0864035e-03
  -5.8712166e-03
  -6.2472460e-03
  -4.4825345e-03
  -3.9932715e-03
  -3.0863307e-03
  -3.2384592e-03
  -3.4522425e-03
  -1.2138357e-03
   5.8013439e-04
   4.3385983e-03
   1.4100728e-02
   2.0493792e-02
   2.5412683e-02
   3.1332285e-02
   3.4629589e-02
   4.2280883e-02
   4.1957955e-02
   4.8233714e-02
   5.0294918e-02
   5.4029009e-02
   5.6235989e-02
   5.5313268e-02
   5.9484277e-02
   5.9903591e-02
   6.0100547e-02
   6.1024727e-02
   6.1094043e-02
   6.4347988e-02
   6.0774492e-02
   6.2478219e-02
   6.3810542e-02
   6.1015585e-02
   6.1386510e-02
   6.0315759e-02
   6.0011305e-02
   5.9174652e-02
   6.1692062e-02
   6.2904154e-02
   6.3695842e-02
   6.2628295e-02
   6.1444753e-02
   5.2866840e-02
   5.2862291e-02
   5.3479918e-02
   5.2373859e-02
   5.3651179e-02
   5.4148882e-02
   5.3576495e-02
   5.3701444e-02
   5.4290576e-02
   5.3011999e-02
   5.1619860e-02
   5.1508947e-02
   5.0378477e-02
   4.8718337e-02
   4.9239144e-02
   4.8620788e-02
   4.8209840e-02
   4.8567717e-02
   4.6994123e-02
   4.6744884e-02
   4.5952242e-02
   4.5574310e-02
   4.4626997e-02
   4.3934217e-02
   4.3295646e-02
   4.3475252e-02
   4.2465585e-02
   4.1601634e-02
   4.0836713e-02
   4.0399525e-02
   3.9366360e-02
   3.8853463e-02
   3.7986710e-02
   3.7085408e-02
   3.6057786e-02
   3.5108194e-02
   3.3738613e-02
   3.2688440e-02
   3.1959166e-02
   3.1550469e-02
   3.0914044e-02
   3.0297931e-02
   2.9467121e-02
   2.8733855e-02
   2.8087831e-02
   2.7490273e-02
   2.6716425e-02
   2.6008655e-02
   2.5388113e-02
   2.4935494e-02
   2.4102908e-02
   2.3435482e-02
   2.2704120e-02
   2.2185444e-02
   2.1754985e-02
   2.1173166e-02
   2.0867892e-02
   2.0145691e-02
   1.9720291e-02
   1.9291235e-02
   1.8793557e-02
   1.8334381e-02
   1.7889465e-02
   1.7431204e-02
   1.6997960e-02
   1.6539319e-02
   1.6054154e-02
   1.5696109e-02
   1.5300726e-02
   1.4845336e-02
   1.4523093e-02
   1.4123748e-02
   1.3788876e-02
   1.3379208e-02
   1.2982232e-02
   1.2683821e-02
   1.2348054e-02
   1.1983192e-02
   1.1612625e-02
   1.1294841e-02
   1.0929928e-02
   1.0667325e-02
   1.0438916e-02
   1.0238345e-02
   1.0010863e-02
   9.8256556e-03
   9.4570166e-03
   9.0370820e-03
   8.7528834e-03
   8.5587656e-03
   8.3524549e-03
   8.0910635e-03
   7.8133160e-03
   7.5415978e-03
   7.3420695e-03
   7.0775607e-03
   6.8086125e-03
   6.5138113e-03
   6.2891815e-03
   6.0349047e-03
   5.7903606e-03
   5.5336737e-03
   5.2963586e-03
   5.0379224e-03
   4.8360748e-03
   4.6395866e-03
   4.4513279e-03
   4.2177946e-03
   4.0116367e-03
   3.8277738e-03
   3.6459056e-03
   3.4666908e-03
   3.2849327e-03
   3.0912275e-03
   2.8759909e-03
   2.6923220e-03
   2.5127454e-03
   2.3692371e-03
   2.1682719e-03
   2.0145348e-03
   1.8502795e-03
   1.6610079e-03
   1.4862041e-03
   1.2907207e-03
   1.1258030e-03
   9.5729342e-04
   7.6336939e-04
   5.7669687e-04
   3.6916350e-04
   1.9657660e-04
   6.2247916e-05
  -1.0958205e-04
  -2.4997616e-04
  -3.9759991e-04
  -5.6345319e-04
  -7.4346582e-04
  -8.9059557e-04
  -1.0664106e-03
  -1.2342808e-03
  -1.4442828e-03
  -1.6772355e-03
  -1.9026826e-03
  -2.1347500e-03
  -2.3767251e-03
  -2.6062487e-03
  -2.8275589e-03
  -3.0824103e-03
  -3.3094798e-03
  -3.5503295e-03
  -3.7964881e-03
  -4.0730854e-03
  -4.3867873e-03
  -4.7068899e-03
  -5.0451529e-03
  -5.3541108e-03
  -5.6381594e-03
  -5.9087155e-03
  -6.1915081e-03
  -6.4589714e-03
  -6.7477582e-03
  -6.9970381e-03
  -7.2173238e-03
  -7.4037537e-03
  -7.5805766e-03
  -7.7187439e-03
  -7.8395762e-03
  -7.9364347e-03
  -8.0581816e-03
  -8.1708162e-03
  -8.2786050e-03
  -8.3782223e-03
  -8.4797546e-03
  -8.5897539e-03
  -8.6846656e-03
  -8.7231565e-03
  -8.7453538e-03
  -8.8147339e-03
  -8.9130251e-03
  -9.0505401e-03
  -9.1869892e-03
  -9.3649400e-03
  -9.5177573e-03
  -9.6478398e-03
  -9.7712959e-03
  -9.8870219e-03
  -9.9872966e-03
  -1.0097825e-02
  -1.0202104e-02
  -1.0287302e-02
  -1.0363009e-02
  -1.0461716e-02
  -1.0573403e-02
  -1.0684007e-02
  -1.0765244e-02
  -1.0849451e-02
  -1.0907294e-02
  -1.0979022e-02
  -1.1039715e-02
  -1.1097978e-02
  -1.1197192e-02
  -1.1298058e-02
  -1.1363918e-02
  -1.1437473e-02
  -1.1506829e-02
  -1.1633244e-02
  -1.1773312e-02
  -1.1838383e-02
  -1.1894366e-02
  -1.1942741e-02
  -1.2004584e-02
  -1.2044484e-02
  -1.2104053e-02
  -1.2140987e-02
  -1.2196581e-02
  -1.2249504e-02
  -1.2310180e-02
  -1.2368702e-02
  -1.2459912e-02
  -1.2585556e-02
  -1.2725330e-02
  -1.2861066e-02
  -1.2926948e-02
  -1.2981276e-02
  -1.3058157e-02
  -1.3117244e-02
  -1.3180226e-02
  -1.3239051e-02
  -1.3331438e-02
  -1.3413002e-02
  -1.3488162e-02
  -1.3561080e-02
  -1.3620241e-02
  -1.3694769e-02
  -1.3776663e-02
  -1.3828528e-02
  -1.3895016e-02
  -1.3971624e-02
  -1.4063749e-02
  -1.4168307e-02
  -1.4313679e-02
  -1.4446665e-02
  -1.4519203e-02
  -1.4537083e-02
  -1.4584428e-02
  -1.4661833e-02
  -1.4724420e-02
  -1.4766236e-02
  -1.4842483e-02
  -1.4862308e-02
  -1.4850910e-02
  -1.4853670e-02
  -1.4871551e-02
  -1.4883648e-02
  -1.4918909e-02
  -1.4923287e-02
  -1.4930678e-02
  -1.4954936e-02
  -1.4975769e-02
  -1.4995732e-02
  -1.5010243e-02
  -1.5073692e-02
  -1.5092121e-02
  -1.5128481e-02
  -1.5135220e-02
  -1.5185294e-02
  -1.5231806e-02
  -1.5269450e-02
  -1.5309889e-02
  -1.5442270e-02
  -1.5607757e-02
  -1.5807201e-02
  -1.5882977e-02
  -1.5808848e-02
  -1.5692549e-02
  -1.5598466e-02
  -1.5575866e-02
  -1.5565103e-02
  -1.5568433e-02
  -1.5571968e-02
  -1.5592986e-02
  -1.5623269e-02
  -1.5652744e-02
  -1.5705864e-02
  -1.5723858e-02
  -1.5752778e-02
  -1.5784431e-02
  -1.5825142e-02
  -1.5846028e-02
  -1.5912410e-02
  -1.5910324e-02
  -1.5949341e-02
  -1.5978419e-02
  -1.5994439e-02
  -1.6009030e-02
  -1.6050492e-02
  -1.6072112e-02
  -1.6093482e-02
  -1.6118383e-02
  -1.6123627e-02
  -1.6110463e-02
  -1.6148405e-02
  -1.6195553e-02
  -1.6221816e-02
  -1.6272035e-02
  -1.6293489e-02
  -1.6376839e-02
  -1.6457365e-02
  -1.6502782e-02
  -1.6530310e-02
  -1.6552474e-02
  -1.6536844e-02
  -1.6530993e-02
  -1.6618348e-02
  -1.6614601e-02
  -1.6588632e-02
  -1.6653368e-02
  -1.6653259e-02
  -1.6720334e-02
  -1.6727210e-02
  -1.6697775e-02
  -1.6705977e-02
  -1.6700357e-02
  -1.6728618e-02
  -1.6741781e-02
  -1.6720311e-02
  -1.6734059e-02
  -1.6746800e-02
  -1.6768053e-02
  -1.6782684e-02
  -1.6784793e-02
  -1.6808857e-02
  -1.6825645e-02
  -1.6881984e-02
  -1.6875487e-02
  -1.6872005e-02
  -1.6891494e-02
  -1.6896321e-02
  -1.6929267e-02
  -1.6931499e-02
  -1.6980254e-02
  -1.6982619e-02
  -1.7023040e-02
  -1.7013680e-02
  -1.6985434e-02
  -1.6924554e-02
  -1.7036822e-02
  -1.7076857e-02
  -1.7078198e-02
  -1.7061538e-02
  -1.7069540e-02
  -1.7090849e-02
  -1.7071783e-02
  -1.7223286e-02
  -1.7192655e-02
  -1.7242804e-02
  -1.7238458e-02
  -1.7252063e-02
  -1.7267597e-02
  -1.7341350e-02
  -1.7340751e-02
  -1.7339488e-02
  -1.7397043e-02
  -1.7391775e-02
  -1.7450318e-02
  -1.7453758e-02
  -1.7611009e-02
  -1.7549080e-02
  -1.7644401e-02
  -1.7580844e-02
  -1.7681357e-02
  -1.7629430e-02
  -1.7679714e-02
  -1.7693211e-02
  -1.7705198e-02
  -1.7735917e-02
  -1.7658109e-02
  -1.7711990e-02
  -1.7749894e-02
  -1.7740165e-02
  -1.7732093e-02
  -1.7812017e-02
  -1.7765315e-02
  -1.7759453e-02
  -1.7845615e-02
  -1.7887129e-02
  -1.7812890e-02
  -1.7791896e-02
  -1.7780738e-02
  -1.7836516e-02
  -1.8094352e-02
  -1.7974394e-02
  -1.7959052e-02
  -1.7776163e-02
  -1.8052430e-02
  -1.8186309e-02
  -1.8041260e-02
  -1.7896327e-02
  -1.7941110e-02
  -1.8065836e-02
  -1.7774239e-02
  -1.7952861e-02
  -1.8110500e-02
  -1.8141532e-02
  -1.8064042e-02
  -1.8114995e-02
  -1.8093485e-02
  -1.8084022e-02
  -1.8134675e-02
  -1.8187218e-02
  -1.8021797e-02
  -1.8149210e-02
  -1.8013837e-02
  -1.7903376e-02
  -1.8128010e-02
  -1.8088541e-02
  -1.8033269e-02
  -1.7980436e-02
  -1.8062885e-02
  -1.8062885e-02
  -1.8014016e-02
  -1.8106454e-02
  -1.8226367e-02
  -1.8236508e-02
  -1.7724528e-02
  -1.8047101e-02
  -1.8179334e-02
  -1.8203112e-02
  -1.7914548e-02
  -1.7964206e-02
  -1.7979509e-02
  -1.7982219e-02
  -1.7792686e-02
  -1.8066906e-02
  -1.7970338e-02
  -1.7941800e-02
  -1.7891359e-02
  -1.8186347e-02
  -1.7866057e-02
  -1.7724373e-02
  -1.7985746e-02
  -1.7892426e-02
  -1.8187741e-02
  -1.8319576e-02
  -1.8016524e-02
  -1.7714833e-02
  -1.7963714e-02
  -1.8097706e-02
  -1.8045219e-02
  -1.8058415e-02
  -1.8316491e-02
  -1.8443708e-02
  -1.8206109e-02
  -1.8278613e-02
  -1.8403097e-02
  -1.8452733e-02
  -1.8427362e-02
  -1.8385400e-02
  -1.8359800e-02
  -1.8357796e-02
  -1.8352623e-02
  -1.8347508e-02
  -1.8344389e-02
  -1.8350679e-02
  -1.8364231e-02
  -1.8377678e-02
  -1.8384876e-02
  -1.8396772e-02
  -1.8422477e-02
  -1.8448080e-02
  -1.8461824e-02
  -1.8458312e-02
  -1.8450712e-02
  -1.8443116e-02
  -1.8439022e-02
  -1.8441836e-02
  -1.8447072e-02
  -1.8452320e-02
  -1.8455157e-02
  -1.8448489e-02
  -1.8433999e-02
  -1.8419443e-02
  -1.8411576e-02
  -1.8404221e-02
  -1.8363568e-02
  -1.8415294e-02
  -1.8421524e-02
  -1.8390017e-02
  -1.8407421e-02
  -1.8421134e-02
  -1.8428561e-02
  -1.8476838e-02
  -1.8521892e-02
  -1.8526549e-02
  -1.8554043e-02
  -1.8543517e-02
  -1.8505825e-02
  -1.8544053e-02
  -1.8540155e-02
  -1.8478830e-02
  -1.8377201e-02
  -1.8258861e-02
  -1.8243659e-02
  -1.8349048e-02
  -1.8460098e-02
  -1.8426746e-02
  -1.8451773e-02
  -1.8598318e-02
  -1.8667190e-02
  -1.8799962e-02
  -1.8928846e-02
  -1.8986504e-02
  -1.9068244e-02
  -1.9124228e-02
  -1.9200123e-02
  -1.9220846e-02
  -1.9143719e-02
  -1.9066988e-02
  -1.9059269e-02
  -1.9096806e-02
  -1.9062640e-02
  -1.8995894e-02
  -1.8969348e-02
  -1.8946073e-02
  -1.8876193e-02
  -1.8879845e-02
  -1.8924303e-02
  -1.8860200e-02
  -1.8801060e-02
  -1.8834130e-02
  -1.8828648e-02
  -1.8813445e-02
  -1.8799975e-02
  -1.8775781e-02
  -1.8732741e-02
  -1.8809873e-02
  -1.8889226e-02
  -1.8907291e-02
  -1.9012426e-02
  -1.9019866e-02
  -1.9072769e-02
  -1.9110745e-02
  -1.9102241e-02
  -1.9196035e-02
  -1.9220727e-02
  -1.9161711e-02
  -1.9123044e-02
  -1.9137703e-02
  -1.9184980e-02
  -1.9137912e-02
  -1.9088528e-02
  -1.9111467e-02
  -1.9122635e-02
  -1.9085177e-02
  -1.9078848e-02
  -1.9152180e-02
  -1.9174011e-02
  -1.9217508e-02
  -1.9249998e-02
  -1.9233764e-02
  -1.9272642e-02
  -1.9376597e-02
  -1.9461007e-02
  -1.9440081e-02
  -1.9450521e-02
  -1.9407095e-02
  -1.9572804e-02
  -1.9649618e-02
  -1.9872203e-02
  -1.9786639e-02
  -1.9053014e-02
  -1.9293670e-02
  -1.9423162e-02
  -1.9212104e-02
  -1.9272289e-02
  -1.8523855e-02
  -1.8933047e-02
  -1.9443242e-02
  -1.9051512e-02
  -1.8674208e-02
  -1.8954896e-02
  -1.8100107e-02
  -1.8504188e-02
  -2.0111543e-02
  -2.0030728e-02
  -1.9613941e-02
  -2.0061779e-02
  -1.9585140e-02
  -1.9438563e-02
  -1.9626078e-02
  -1.9839846e-02
  -1.9925287e-02
  -1.9903164e-02
  -1.9845991e-02
  -1.9800340e-02
  -1.9872290e-02
  -1.9793611e-02
  -1.9720261e-02
  -1.9807846e-02
  -1.9889516e-02
  -1.9909385e-02
  -1.9788040e-02
  -1.9871809e-02
  -1.9903469e-02
  -1.9818028e-02
  -1.9790461e-02
  -1.9720135e-02
  -1.9648756e-02
  -1.9761097e-02
  -1.9859590e-02
  -1.9776716e-02
  -1.9700908e-02
  -1.9749910e-02
  -1.9745359e-02
  -1.9753965e-02
  -1.9741174e-02
  -1.9685489e-02
  -1.9688329e-02
  -1.9700040e-02
  -1.9741287e-02
  -1.9774347e-02
  -1.9810400e-02
  -1.9781710e-02
  -1.9763589e-02
  -1.9773940e-02
  -1.9793664e-02
  -1.9772254e-02
  -1.9786935e-02
  -1.9779240e-02
  -1.9744795e-02
  -1.9736601e-02
  -1.9722212e-02
  -1.9707150e-02
  -1.9778706e-02
  -1.9773402e-02
  -1.9813033e-02
  -1.9829414e-02
  -1.9758814e-02
  -1.9754571e-02
  -1.9702775e-02
  -1.9735689e-02
  -1.9802783e-02
  -1.9750540e-02
  -1.9724282e-02
  -1.9751402e-02
  -1.9750479e-02
  -1.9803782e-02
  -1.9852392e-02
  -1.9772411e-02
  -1.9775692e-02
  -1.9806410e-02
  -1.9855074e-02
  -1.9870511e-02
  -1.9874395e-02
  -1.9880882e-02
  -1.9880512e-02
  -1.9926253e-02
  -2.0022487e-02
  -1.9978255e-02
  -2.0001810e-02
  -2.0053601e-02
  -2.0011234e-02
  -2.0003182e-02
  -2.0037452e-02
  -1.9991479e-02
  -1.9995749e-02
  -2.0025932e-02
  -1.9974256e-02
  -2.0117091e-02
  -2.0082962e-02
  -2.0043379e-02
  -2.0058455e-02
  -2.0076718e-02
  -2.0134537e-02
  -2.0079983e-02
  -2.0045919e-02
  -2.0102109e-02
  -2.0094715e-02
  -2.0074663e-02
  -2.0134407e-02
  -2.0227149e-02
  -2.0195924e-02
  -2.0107740e-02
  -2.0071032e-02
  -2.0131766e-02
  -2.0291961e-02
  -2.0187425e-02
  -2.0177115e-02
  -2.0314028e-02
  -2.0386223e-02
  -2.0102110e-02
  -2.0170003e-02
  -2.0294485e-02
  -2.0161788e-02
  -2.0228307e-02
  -1.9673015e-02
  -2.0481714e-02
  -2.1249213e-02
  -2.1261744e-02
  -2.0878375e-02
  -2.0584219e-02
  -2.1340316e-02
  -2.0693277e-02
  -2.2781653e-02
  -2.4927666e-02
  -2.3299945e-02
  -2.7018692e-02
  -2.3102146e-02
  -1.8467816e-02
  -2.2156062e-02
  -2.1006607e-02
  -2.4992437e-02
  -2.3151563e-02
  -2.1195575e-02
  -2.3765002e-02
  -2.4013614e-02
  -2.1464539e-02
  -2.2532514e-02
  -2.1735033e-02
  -2.1951898e-02
  -2.4629944e-02
  -2.4566200e-02
  -2.7562639e-02
