   1.6793346e-02
   1.3051976e-02
   1.7377382e-02
   1.6082042e-02
   1.8296707e-02
   1.6274795e-02
   1.7993272e-02
   2.0431502e-02
   1.9956724e-02
   2.4039086e-02
   2.5613743e-02
   2.0173269e-02
   2.8806853e-02
   3.2174804e-02
   3.9471115e-02
   5.6934036e-02
   6.9227456e-02
   7.9515075e-02
   9.1296152e-02
   9.7690179e-02
   1.1250238e-01
   1.1244486e-01
   1.2448234e-01
   1.2840321e-01
   1.3592391e-01
   1.3995535e-01
   1.3819160e-01
   1.4636672e-01
   1.4721127e-01
   1.4789508e-01
   1.4966957e-01
   1.4981674e-01
   1.5607649e-01
   1.4935444e-01
   1.5267643e-01
   1.5520423e-01
   1.4980826e-01
   1.5043493e-01
   1.4845197e-01
   1.4798366e-01
   1.4627531e-01
   1.5095329e-01
   1.5326174e-01
   1.5462493e-01
   1.5265209e-01
   1.5033166e-01
   1.3392840e-01
   1.3387917e-01
   1.3500518e-01
   1.3282270e-01
   1.3512970e-01
   1.3603954e-01
   1.3498706e-01
   1.3495707e-01
   1.3612728e-01
   1.3356087e-01
   1.3087429e-01
   1.3051886e-01
   1.2841702e-01
   1.2499270e-01
   1.2582585e-01
   1.2448725e-01
   1.2378532e-01
   1.2437986e-01
   1.2131335e-01
   1.2065968e-01
   1.1894437e-01
   1.1802586e-01
   1.1616506e-01
   1.1474153e-01
   1.1338487e-01
   1.1372809e-01
   1.1157478e-01
   1.0980567e-01
   1.0826951e-01
   1.0723097e-01
   1.0524319e-01
   1.0418023e-01
   1.0240256e-01
   1.0045022e-01
   9.8235281e-02
   9.6509569e-02
   9.3932703e-02
   9.1740666e-02
   9.0140501e-02
   8.9224463e-02
   8.7901202e-02
   8.6682179e-02
   8.4953308e-02
   8.3440855e-02
   8.2135060e-02
   8.0904061e-02
   7.9290760e-02
   7.7815065e-02
   7.6482353e-02
   7.5461299e-02
   7.3778586e-02
   7.2426919e-02
   7.0941656e-02
   6.9914017e-02
   6.8927331e-02
   6.7712199e-02
   6.6961876e-02
   6.5521527e-02
   6.4566684e-02
   6.3622322e-02
   6.2529934e-02
   6.1514841e-02
   6.0526217e-02
   5.9517993e-02
   5.8557330e-02
   5.7551208e-02
   5.6484059e-02
   5.5658550e-02
   5.4731058e-02
   5.3733676e-02
   5.3034810e-02
   5.2258979e-02
   5.1521434e-02
   5.0646917e-02
   4.9783495e-02
   4.9099093e-02
   4.8325450e-02
   4.7522646e-02
   4.6692466e-02
   4.5965297e-02
   4.5121034e-02
   4.4514707e-02
   4.3915976e-02
   4.3353560e-02
   4.2712391e-02
   4.2154136e-02
   4.1417550e-02
   4.0618330e-02
   4.0041221e-02
   3.9582911e-02
   3.9055139e-02
   3.8471693e-02
   3.7843331e-02
   3.7222618e-02
   3.6748615e-02
   3.6198372e-02
   3.5581857e-02
   3.4967659e-02
   3.4471848e-02
   3.3953112e-02
   3.3431788e-02
   3.2913938e-02
   3.2468579e-02
   3.1956097e-02
   3.1527542e-02
   3.1076010e-02
   3.0630692e-02
   3.0082256e-02
   2.9627168e-02
   2.9182891e-02
   2.8756401e-02
   2.8402987e-02
   2.7964340e-02
   2.7533445e-02
   2.7091051e-02
   2.6694819e-02
   2.6321013e-02
   2.5969082e-02
   2.5565288e-02
   2.5207004e-02
   2.4860219e-02
   2.4461167e-02
   2.4098316e-02
   2.3719512e-02
   2.3357724e-02
   2.3050311e-02
   2.2709795e-02
   2.2315716e-02
   2.1921454e-02
   2.1590578e-02
   2.1287236e-02
   2.0948128e-02
   2.0665699e-02
   2.0351960e-02
   2.0017471e-02
   1.9646761e-02
   1.9379279e-02
   1.9070561e-02
   1.8780489e-02
   1.8432885e-02
   1.8070711e-02
   1.7735167e-02
   1.7403744e-02
   1.7106870e-02
   1.6817279e-02
   1.6578426e-02
   1.6310568e-02
   1.6114196e-02
   1.5905563e-02
   1.5730943e-02
   1.5496264e-02
   1.5205118e-02
   1.4885977e-02
   1.4571476e-02
   1.4312461e-02
   1.4070360e-02
   1.3855004e-02
   1.3646082e-02
   1.3472178e-02
   1.3279934e-02
   1.3138489e-02
   1.2964884e-02
   1.2808231e-02
   1.2602899e-02
   1.2414727e-02
   1.2264843e-02
   1.2148783e-02
   1.1950748e-02
   1.1766632e-02
   1.1613237e-02
   1.1448409e-02
   1.1312503e-02
   1.1138633e-02
   1.1006584e-02
   1.0962722e-02
   1.0942410e-02
   1.0846861e-02
   1.0685224e-02
   1.0419309e-02
   1.0190878e-02
   9.9118808e-03
   9.6569839e-03
   9.3994875e-03
   9.2119855e-03
   8.9957354e-03
   8.8421691e-03
   8.6766610e-03
   8.5119711e-03
   8.3383827e-03
   8.2033325e-03
   8.0618510e-03
   7.8827389e-03
   7.7381040e-03
   7.5584370e-03
   7.4522698e-03
   7.3947862e-03
   7.3320616e-03
   7.2793860e-03
   7.2292147e-03
   7.1094754e-03
   6.9740017e-03
   6.9054622e-03
   6.8242892e-03
   6.6849146e-03
   6.5256432e-03
   6.2809095e-03
   6.1841698e-03
   6.0733249e-03
   5.9515885e-03
   5.8574670e-03
   5.7546856e-03
   5.6047904e-03
   5.5236703e-03
   5.4224414e-03
   5.3249037e-03
   5.2209662e-03
   5.1223411e-03
   5.0026928e-03
   4.8016190e-03
   4.5397260e-03
   4.3623378e-03
   4.2869178e-03
   4.2265227e-03
   4.1778444e-03
   4.1068083e-03
   4.0658503e-03
   4.0020219e-03
   3.9091785e-03
   3.8579527e-03
   3.7540328e-03
   3.7092257e-03
   3.6976563e-03
   3.6080892e-03
   3.5216233e-03
   3.4706446e-03
   3.4020094e-03
   3.3192026e-03
   3.2211362e-03
   3.1281085e-03
   2.9540021e-03
   2.7417992e-03
   2.7029439e-03
   2.6093272e-03
   2.6347302e-03
   2.5416439e-03
   2.4326566e-03
   2.3779055e-03
   2.2587542e-03
   2.3071856e-03
   2.3684319e-03
   2.2523989e-03
   2.3545927e-03
   2.3168308e-03
   2.1891993e-03
   2.2271044e-03
   2.1981824e-03
   2.1637789e-03
   2.0661806e-03
   2.1138471e-03
   2.0904651e-03
   1.9303833e-03
   1.8999610e-03
   1.8011526e-03
   1.8064936e-03
   1.7124045e-03
   1.6022216e-03
   1.5156421e-03
   1.4438720e-03
   1.2778160e-03
   8.9972365e-04
   6.0884547e-04
   5.2023154e-04
   6.5929038e-04
   8.4397135e-04
   1.0406536e-03
   1.0616835e-03
   1.0647206e-03
   1.0866212e-03
   1.0401671e-03
   1.0253035e-03
   9.8460078e-04
   9.0250515e-04
   7.8648800e-04
   8.1344402e-04
   7.3353956e-04
   6.9568624e-04
   6.2477966e-04
   4.7284975e-04
   4.1591294e-04
   3.9402652e-04
   3.7364036e-04
   2.8137013e-04
   3.0205294e-04
   1.7027571e-04
   1.4546822e-04
   5.0657794e-05
   3.2099932e-05
  -1.0411588e-05
  -1.2771452e-04
  -5.2810898e-05
  -1.7721733e-04
  -2.1223501e-04
  -2.2618892e-04
  -3.0582010e-04
  -3.5693110e-04
  -4.6477714e-04
  -6.5138548e-04
  -6.8428639e-04
  -7.5669253e-04
  -7.7513678e-04
  -8.5526587e-04
  -7.5124177e-04
  -1.0229638e-03
  -9.5879099e-04
  -9.4931641e-04
  -1.0436051e-03
  -9.2673452e-04
  -1.0414104e-03
  -1.1340440e-03
  -1.0695569e-03
  -9.9598568e-04
  -1.1022963e-03
  -1.0351153e-03
  -1.1556118e-03
  -1.0709055e-03
  -1.1290279e-03
  -1.1220816e-03
  -1.0145687e-03
  -1.1826251e-03
  -1.1812573e-03
  -1.2154085e-03
  -1.2157492e-03
  -1.2150415e-03
  -1.3555389e-03
  -1.3944695e-03
  -1.3761895e-03
  -1.3866208e-03
  -1.4193763e-03
  -1.4118481e-03
  -1.5839909e-03
  -1.5276161e-03
  -1.6153391e-03
  -1.5813164e-03
  -1.5919914e-03
  -1.4912856e-03
  -1.6167147e-03
  -1.6428363e-03
  -1.7825391e-03
  -1.7740664e-03
  -1.8183698e-03
  -1.7157355e-03
  -1.6291091e-03
  -1.8681077e-03
  -2.0318298e-03
  -2.0924884e-03
  -1.8576268e-03
  -1.9984044e-03
  -2.1471653e-03
  -2.0476271e-03
  -2.1487661e-03
  -2.1214917e-03
  -2.1946071e-03
  -2.2299595e-03
  -2.3767889e-03
  -2.4350805e-03
  -2.1786876e-03
  -2.5497647e-03
  -2.7636594e-03
  -2.3380516e-03
  -2.5408186e-03
  -2.5639357e-03
  -2.5409903e-03
  -2.6643955e-03
  -2.9488235e-03
  -2.5697871e-03
  -2.5334274e-03
  -2.6416808e-03
  -2.8441596e-03
  -2.8338799e-03
  -3.0191778e-03
  -2.8602213e-03
  -2.9992093e-03
  -2.7824311e-03
  -3.4517207e-03
  -3.2671486e-03
  -2.8420913e-03
  -3.4045241e-03
  -3.0313309e-03
  -3.2827487e-03
  -3.7428231e-03
  -2.7179610e-03
  -3.1323923e-03
  -2.4368707e-03
  -2.4879366e-03
  -3.1192749e-03
  -3.0251787e-03
  -3.0879117e-03
  -3.4946452e-03
  -3.0843243e-03
  -3.0934536e-03
  -3.3803034e-03
  -2.5454111e-03
  -3.7887895e-03
  -3.2164626e-03
  -3.5881815e-03
  -3.8524990e-03
  -3.9025958e-03
  -3.3945443e-03
  -4.1876908e-03
  -3.8816799e-03
  -3.5574381e-03
  -3.6946458e-03
  -3.4815178e-03
  -4.1891424e-03
  -4.3090389e-03
  -3.3688945e-03
  -3.4312789e-03
  -3.8789150e-03
  -3.8789150e-03
  -3.6541169e-03
  -3.6003001e-03
  -4.1579666e-03
  -4.2051411e-03
  -3.1256579e-03
  -3.8936510e-03
  -4.2135932e-03
  -4.2711249e-03
  -4.0542865e-03
  -3.7851100e-03
  -3.7914794e-03
  -3.7926065e-03
  -3.7319907e-03
  -4.1257868e-03
  -4.1079817e-03
  -4.1027170e-03
  -4.0240711e-03
  -4.3307518e-03
  -3.7399285e-03
  -3.4785792e-03
  -5.3208361e-03
  -4.6594628e-03
  -4.8168861e-03
  -4.8871615e-03
  -3.0578848e-03
  -4.0852846e-03
  -3.7049047e-03
  -3.5216702e-03
  -3.7676290e-03
  -4.0319718e-03
  -4.4635818e-03
  -4.6311391e-03
  -3.6364837e-03
  -3.4351247e-03
  -3.6834441e-03
  -3.8101427e-03
  -3.7462360e-03
  -3.7989765e-03
  -3.8311542e-03
  -3.8536897e-03
  -3.9118163e-03
  -3.9692808e-03
  -4.0043237e-03
  -3.9995095e-03
  -3.9891366e-03
  -3.9788455e-03
  -3.9733337e-03
  -3.9782324e-03
  -3.9888203e-03
  -3.9993665e-03
  -4.0050242e-03
  -4.0156123e-03
  -4.0385450e-03
  -4.0614721e-03
  -4.0738118e-03
  -4.1008391e-03
  -4.1511487e-03
  -4.2016211e-03
  -4.2288690e-03
  -4.1996081e-03
  -4.1360084e-03
  -4.0721203e-03
  -4.0376056e-03
  -4.0299476e-03
  -3.9876217e-03
  -4.3074393e-03
  -4.3640815e-03
  -4.2891710e-03
  -4.2813074e-03
  -4.2025020e-03
  -4.2061636e-03
  -4.4014551e-03
  -4.3874389e-03
  -4.4398490e-03
  -4.5715741e-03
  -4.3854666e-03
  -4.3230264e-03
  -4.4161918e-03
  -4.3956847e-03
  -4.4162011e-03
  -4.3720327e-03
  -4.2954635e-03
  -4.0165483e-03
  -4.1049016e-03
  -4.4087051e-03
  -4.4067363e-03
  -4.5604553e-03
  -4.5922332e-03
  -4.5990866e-03
  -4.7848058e-03
  -4.8732535e-03
  -5.1913589e-03
  -5.3939343e-03
  -5.1888676e-03
  -5.2004618e-03
  -5.5750985e-03
  -5.3908893e-03
  -5.3709663e-03
  -5.4050573e-03
  -5.2691252e-03
  -5.2627071e-03
  -5.2685762e-03
  -5.2737261e-03
  -5.2299614e-03
  -5.1491708e-03
  -5.0629426e-03
  -5.3576619e-03
  -5.3489398e-03
  -5.1293338e-03
  -5.0313603e-03
  -4.9787400e-03
  -4.9443601e-03
  -4.9428944e-03
  -4.8557804e-03
  -4.8869386e-03
  -5.0530163e-03
  -5.2413646e-03
  -5.2589812e-03
  -5.4140871e-03
  -5.3839035e-03
  -5.4414172e-03
  -5.5155233e-03
  -5.4554404e-03
  -5.6858753e-03
  -5.8556697e-03
  -5.7207723e-03
  -5.6749293e-03
  -5.6107179e-03
  -5.5441917e-03
  -5.6071140e-03
  -5.6153090e-03
  -5.4740782e-03
  -5.4826131e-03
  -5.5430136e-03
  -5.5813324e-03
  -5.6822167e-03
  -5.7033861e-03
  -5.7680223e-03
  -5.8102363e-03
  -5.8009946e-03
  -5.9088791e-03
  -6.1245348e-03
  -6.1400154e-03
  -5.9984198e-03
  -6.0879968e-03
  -6.0674466e-03
  -6.3961247e-03
  -6.2024565e-03
  -5.9409623e-03
  -6.7786397e-03
  -5.8328129e-03
  -5.9852806e-03
  -6.6058673e-03
  -7.0749436e-03
  -6.4826901e-03
  -5.5380835e-03
  -6.6062615e-03
  -4.2727146e-03
  -3.4693145e-03
  -2.4835587e-03
  -3.7650408e-03
  -4.0571073e-03
  -5.2633887e-03
  -8.0468028e-03
  -6.5700126e-03
  -6.1513351e-03
  -7.0128947e-03
  -4.6897494e-03
  -4.9234701e-03
  -6.6117392e-03
  -6.7597675e-03
  -6.1420378e-03
  -6.6819476e-03
  -6.6094260e-03
  -6.5848489e-03
  -6.5732058e-03
  -6.6317123e-03
  -6.7836085e-03
  -6.3575421e-03
  -5.9949240e-03
  -6.2458873e-03
  -6.1511393e-03
  -6.2002433e-03
  -6.2714006e-03
  -6.4367054e-03
  -6.4865505e-03
  -6.5166909e-03
  -6.2584125e-03
  -6.4797764e-03
  -6.5409608e-03
  -6.4246281e-03
  -6.5333869e-03
  -6.5491727e-03
  -6.5290607e-03
  -6.6251612e-03
  -6.6027939e-03
  -6.5765744e-03
  -6.5861764e-03
  -6.4837913e-03
  -6.4861109e-03
  -6.6314409e-03
  -6.6505470e-03
  -6.4550206e-03
  -6.3853289e-03
  -6.4907375e-03
  -6.5412784e-03
  -6.5651265e-03
  -6.5281863e-03
  -6.4813841e-03
  -6.4705554e-03
  -6.5627389e-03
  -6.6363324e-03
  -6.7134664e-03
  -6.8026136e-03
  -6.5908221e-03
  -6.6201374e-03
  -6.7219641e-03
  -6.7779347e-03
  -6.6300811e-03
  -6.6121968e-03
  -6.7467841e-03
  -6.6434345e-03
  -6.5898202e-03
  -6.6322883e-03
  -6.6658230e-03
  -6.7763978e-03
  -6.7501668e-03
  -6.4846248e-03
  -6.4959753e-03
  -6.6473162e-03
  -6.6561412e-03
  -6.7411530e-03
  -6.8727003e-03
  -6.7055219e-03
  -6.6379352e-03
  -6.9620659e-03
  -6.7892539e-03
  -6.8056687e-03
  -6.7852077e-03
  -6.6722461e-03
  -6.7801863e-03
  -6.7701728e-03
  -7.0000604e-03
  -7.1550071e-03
  -6.9242963e-03
  -6.7036229e-03
  -6.8000102e-03
  -7.0743779e-03
  -6.9687471e-03
  -7.0358807e-03
  -6.9249032e-03
  -6.6200627e-03
  -6.9471019e-03
  -7.2618663e-03
  -7.0805578e-03
  -7.0791668e-03
  -7.0912757e-03
  -6.9731531e-03
  -6.5554662e-03
  -6.7688407e-03
  -7.3087084e-03
  -7.1728777e-03
  -7.1861278e-03
  -7.1538508e-03
  -7.0787353e-03
  -7.2083859e-03
  -7.7431268e-03
  -7.1909918e-03
  -6.6966134e-03
  -6.5478384e-03
  -6.6559209e-03
  -6.8092215e-03
  -7.0663483e-03
  -7.3895850e-03
  -6.9899045e-03
  -5.7901519e-03
  -7.6804212e-03
  -8.0035734e-03
  -7.9248520e-03
  -7.7795357e-03
  -7.5787471e-03
  -7.6269652e-03
  -7.6269652e-03
  -7.3852234e-03
  -1.2367650e-02
  -1.4173914e-02
  -1.4402967e-02
  -1.2766123e-02
  -8.1289493e-03
  -8.0916116e-03
  -8.0127094e-03
  -1.3546841e-02
  -8.3425207e-03
  -2.4104482e-03
  -7.7866874e-03
  -7.7866874e-03
  -2.0771343e-03
  -3.1721792e-03
  -6.7108226e-03
  -6.3491874e-03
  -1.3564060e-02
  -1.9644321e-02
  -1.8971196e-02
