   5.1163200e-03   2.8357650e-01   3.3529800e-01
   5.0582700e-03   3.4751600e-01   4.1532400e-01
   5.8377150e-03   3.4319545e-01   3.8635180e-01
   6.4064000e-03   3.5051213e-01   3.9458850e-01
   7.0741650e-03   3.7438273e-01   4.3939530e-01
   7.6827400e-03   4.0562865e-01   4.4664730e-01
   7.2123850e-03   4.2328400e-01   4.7560000e-01
   8.6080800e-03   4.2533750e-01   4.7637800e-01
   8.7620400e-03   4.3576490e-01   4.6928530e-01
   8.8824750e-03   4.1924160e-01   4.8567880e-01
   1.0298475e-02   4.8856125e-01   5.1427500e-01
   1.0769760e-02   5.0048375e-01   5.6897100e-01
   1.3204620e-02   5.5336275e-01   6.0761400e-01
   1.6713080e-02   6.1678183e-01   7.1626280e-01
   2.1681990e-02   7.3857500e-01   7.7431250e-01
   3.6789995e-02   9.0358872e-01   9.4634530e-01
   5.7782200e-02   1.2011073e+00   1.3145290e+00
   8.9939205e-02   1.7040355e+00   1.8000380e+00
   1.3389838e-01   2.2111882e+00   2.3735590e+00
   2.0272779e-01   3.1587092e+00   3.3973950e+00
   3.0076361e-01   4.1000778e+00   4.3668740e+00
   4.1437440e-01   5.7315500e+00   6.1091580e+00
   5.3104841e-01   6.6418637e+00   7.0776120e+00
   6.5178626e-01   7.8897562e+00   8.3442430e+00
   8.2235242e-01   9.4824518e+00   1.0045280e+01
   1.0292932e+00   1.1529748e+01   1.2176060e+01
   1.1623485e+00   1.3162815e+01   1.3925970e+01
   1.3186903e+00   1.4133382e+01   1.5003850e+01
   1.4811935e+00   1.5794345e+01   1.6750470e+01
   1.7256221e+00   1.8374788e+01   1.9458370e+01
   2.0760413e+00   2.1805067e+01   2.3116320e+01
   2.2937518e+00   2.4043782e+01   2.5582530e+01
   2.5118403e+00   2.5317255e+01   2.6909530e+01
   2.4916807e+00   2.6139420e+01   2.7875930e+01
   2.5535089e+00   2.6250822e+01   2.8000880e+01
   2.5841666e+00   2.6126770e+01   2.7845290e+01
   2.4849134e+00   2.5857070e+01   2.7659680e+01
   2.5194510e+00   2.6051578e+01   2.7910490e+01
   2.6108009e+00   2.7278347e+01   2.9258310e+01
   2.7239302e+00   2.8596945e+01   3.0623610e+01
   2.7458327e+00   2.9076147e+01   3.1177220e+01
   2.7447320e+00   2.8147185e+01   3.0257460e+01
   2.7646318e+00   2.7859118e+01   2.9981680e+01
   2.8655991e+00   2.8572815e+01   3.0764860e+01
   2.9335464e+00   2.9573810e+01   3.1949460e+01
   2.9852501e+00   3.0472642e+01   3.2786540e+01
   3.0980078e+00   3.5207640e+01   3.7998510e+01
   3.1837630e+00   3.6093832e+01   3.8982480e+01
   3.1573198e+00   3.5481692e+01   3.8398040e+01
   2.9249068e+00   3.3286227e+01   3.6026120e+01
   2.9213818e+00   3.2626460e+01   3.5344480e+01
   3.0050556e+00   3.3301240e+01   3.6141080e+01
   3.1297783e+00   3.4917143e+01   3.7907140e+01
   3.2362014e+00   3.6028982e+01   3.9116110e+01
   3.4543785e+00   3.8089350e+01   4.1375490e+01
   3.5343192e+00   3.9572293e+01   4.3042100e+01
   3.5935241e+00   4.0950168e+01   4.4583140e+01
   3.5669062e+00   4.0708815e+01   4.4364260e+01
   3.4579888e+00   4.0009687e+01   4.3648220e+01
   3.2594327e+00   3.8533073e+01   4.2086840e+01
   3.2607562e+00   3.8172550e+01   4.1754910e+01
   3.4817763e+00   4.1089020e+01   4.4899440e+01
   3.7276769e+00   4.4179485e+01   4.8343330e+01
   3.7540415e+00   4.4294743e+01   4.8475460e+01
   3.4384909e+00   4.1483982e+01   4.5466150e+01
   3.0512543e+00   3.6898882e+01   4.0458770e+01
   2.8022316e+00   3.4260298e+01   3.7595980e+01
   2.9086301e+00   3.5645383e+01   3.9166780e+01
   3.0905083e+00   3.8433875e+01   4.2299940e+01
   3.2983695e+00   4.1402138e+01   4.5565530e+01
   3.5494820e+00   4.4944992e+01   4.9499480e+01
   3.4457579e+00   4.3526758e+01   4.7938540e+01
   3.1724729e+00   4.0671797e+01   4.4820130e+01
   3.0911228e+00   4.0129440e+01   4.4261640e+01
   3.2324676e+00   4.2403838e+01   4.6829520e+01
   3.6216506e+00   4.7833715e+01   5.2844780e+01
   4.2469987e+00   5.7006775e+01   6.3019530e+01
   4.6734153e+00   6.3230005e+01   6.9960280e+01
   4.6472530e+00   6.3794570e+01   7.0599000e+01
   4.4188380e+00   6.1620803e+01   6.8254920e+01
   4.2387969e+00   6.0231693e+01   6.6751670e+01
   4.4488976e+00   6.4229515e+01   7.1197930e+01
   4.8909674e+00   7.2021510e+01   7.9967780e+01
   5.3023755e+00   7.9420555e+01   8.8140450e+01
   5.2173901e+00   7.9303798e+01   8.8083460e+01
   5.0097420e+00   7.6815800e+01   8.5381740e+01
   4.8490042e+00   7.5229275e+01   8.3662640e+01
   4.7129831e+00   7.3967325e+01   8.2312610e+01
   4.5617277e+00   7.2741248e+01   8.0983620e+01
   4.4826608e+00   7.2511445e+01   8.0758670e+01
   4.4020829e+00   7.2106385e+01   8.0349380e+01
   4.3189725e+00   7.1607815e+01   7.9820590e+01
   4.2060259e+00   7.0841003e+01   7.8996250e+01
   4.0915427e+00   6.9886310e+01   7.7965970e+01
   3.9239009e+00   6.7903008e+01   7.5799710e+01
   3.6547701e+00   6.3847938e+01   7.1301670e+01
   3.5921311e+00   6.3864150e+01   7.1359200e+01
   3.8555632e+00   6.9454350e+01   7.7635040e+01
   4.1844565e+00   7.6650275e+01   8.5718380e+01
   4.2830733e+00   7.9358240e+01   8.8749780e+01
   4.2460591e+00   7.9429485e+01   8.8923430e+01
   4.2074986e+00   7.9777817e+01   8.9321750e+01
   4.2053277e+00   8.0331215e+01   8.9977230e+01
   4.2483633e+00   8.2546423e+01   9.2505860e+01
   4.2823591e+00   8.4100738e+01   9.4294380e+01
   4.2299977e+00   8.3926400e+01   9.4144000e+01
   4.2058927e+00   8.4461335e+01   9.4787200e+01
   4.2419449e+00   8.6197088e+01   9.6764950e+01
   4.3369764e+00   8.9108835e+01   1.0004300e+02
   4.3695689e+00   9.0838035e+01   1.0203500e+02
   4.3113265e+00   9.0605902e+01   1.0182040e+02
   4.2350334e+00   9.0034137e+01   1.0123360e+02
   4.2075087e+00   9.0612985e+01   1.0193120e+02
   4.1618105e+00   9.0492690e+01   1.0184180e+02
   4.1440102e+00   9.1066875e+01   1.0250250e+02
   4.2301439e+00   9.4142000e+01   1.0600390e+02
   4.3363693e+00   9.7404407e+01   1.0971850e+02
   4.3019738e+00   9.7694977e+01   1.1007060e+02
   4.1675708e+00   9.5564600e+01   1.0772020e+02
   4.0040037e+00   9.2900508e+01   1.0475470e+02
   3.9011858e+00   9.1568260e+01   1.0328780e+02
   3.8280458e+00   9.0658442e+01   1.0228780e+02
   3.7873017e+00   9.0620727e+01   1.0227540e+02
   3.7751484e+00   9.1297540e+01   1.0307350e+02
   3.7576503e+00   9.1872417e+01   1.0375580e+02
   3.7332915e+00   9.2173425e+01   1.0413470e+02
   3.7116977e+00   9.2685647e+01   1.0474750e+02
   3.7052359e+00   9.3314700e+01   1.0545910e+02
   3.6523330e+00   9.2688553e+01   1.0479630e+02
   3.5032603e+00   8.9497293e+01   1.0123140e+02
   3.3361520e+00   8.5895795e+01   9.7172220e+01
   3.3577369e+00   8.6947725e+01   9.8376410e+01
   3.6314859e+00   9.5101622e+01   1.0762850e+02
   3.7759781e+00   1.0022049e+02   1.1340540e+02
   3.6844513e+00   9.8765915e+01   1.1182310e+02
   3.5128269e+00   9.4841705e+01   1.0738660e+02
   3.3906301e+00   9.2233470e+01   1.0448000e+02
   3.3591329e+00   9.2222468e+01   1.0450660e+02
   3.3532402e+00   9.2968625e+01   1.0538250e+02
   3.3056611e+00   9.2511727e+01   1.0490510e+02
   3.2184231e+00   9.0767850e+01   1.0292970e+02
   3.1152093e+00   8.8665442e+01   1.0055020e+02
   3.0431802e+00   8.7465115e+01   9.9234940e+01
   3.0170620e+00   8.7631385e+01   9.9456930e+01
   3.0442618e+00   8.9152245e+01   1.0118070e+02
   3.0399148e+00   8.9874767e+01   1.0207190e+02
   3.0257395e+00   9.0297263e+01   1.0253010e+02
   3.0117052e+00   9.0735795e+01   1.0302650e+02
   2.9893094e+00   9.0872478e+01   1.0323190e+02
   2.9350502e+00   9.0163190e+01   1.0245040e+02
   2.8633662e+00   8.8632272e+01   1.0072910e+02
   2.7501858e+00   8.5815892e+01   9.7537350e+01
   2.6636054e+00   8.3746287e+01   9.5213330e+01
   2.6600756e+00   8.4412987e+01   9.5999140e+01
   2.7126367e+00   8.6822902e+01   9.8740780e+01
   2.7346242e+00   8.8190152e+01   1.0032240e+02
   2.7444201e+00   8.9217017e+01   1.0151690e+02
   2.7093753e+00   8.8735775e+01   1.0098870e+02
   2.6602824e+00   8.7772785e+01   9.9893580e+01
   2.6491533e+00   8.8112055e+01   1.0030970e+02
   2.6786843e+00   8.9950427e+01   1.0239410e+02
   2.6519973e+00   8.9758470e+01   1.0221320e+02
   2.6023369e+00   8.8788168e+01   1.0114680e+02
   2.5763802e+00   8.8469450e+01   1.0076920e+02
   2.5620305e+00   8.8735435e+01   1.0110010e+02
   2.5378823e+00   8.8531002e+01   1.0088520e+02
   2.4874408e+00   8.7345270e+01   9.9576400e+01
   2.4423698e+00   8.6511520e+01   9.8639020e+01
   2.4207538e+00   8.6406955e+01   9.8530910e+01
   2.4102045e+00   8.6794138e+01   9.8979440e+01
   2.3838230e+00   8.6504550e+01   9.8669350e+01
   2.3296447e+00   8.5180802e+01   9.7212590e+01
   2.2913993e+00   8.4607082e+01   9.6531290e+01
   2.3281338e+00   8.6659518e+01   9.8874070e+01
   2.4146241e+00   9.0713137e+01   1.0353190e+02
   2.4669730e+00   9.3438210e+01   1.0663130e+02
   2.4417787e+00   9.3173947e+01   1.0635810e+02
   2.3657778e+00   9.1013587e+01   1.0389990e+02
   2.2770133e+00   8.8248978e+01   1.0073330e+02
   2.2159499e+00   8.6489907e+01   9.8772350e+01
   2.1804278e+00   8.5802210e+01   9.8014020e+01
   2.1601644e+00   8.5806723e+01   9.8039430e+01
   2.1337588e+00   8.5402925e+01   9.7602620e+01
   2.0974919e+00   8.4718073e+01   9.6819930e+01
   2.0620753e+00   8.3982360e+01   9.5987890e+01
   2.0232666e+00   8.3294425e+01   9.5236790e+01
   1.9762538e+00   8.2369765e+01   9.4177950e+01
   1.9471981e+00   8.2102742e+01   9.3902760e+01
   1.9324632e+00   8.2457562e+01   9.4303810e+01
   1.9113392e+00   8.2639803e+01   9.4523010e+01
   1.8806800e+00   8.2343145e+01   9.4205470e+01
   1.8497137e+00   8.1953525e+01   9.3754490e+01
   1.8314704e+00   8.2263167e+01   9.4128080e+01
   1.8278117e+00   8.3149650e+01   9.5181390e+01
   1.8305323e+00   8.4377890e+01   9.6585570e+01
   1.8191834e+00   8.5057203e+01   9.7332440e+01
   1.7840002e+00   8.4728088e+01   9.6983100e+01
   1.7315952e+00   8.3799162e+01   9.5943080e+01
   1.6527906e+00   8.1480515e+01   9.3289150e+01
   1.5863479e+00   7.9765738e+01   9.1377270e+01
   1.5523070e+00   7.9609140e+01   9.1151330e+01
   1.5443575e+00   8.0594880e+01   9.2341710e+01
   1.5281731e+00   8.1120418e+01   9.2938680e+01
   1.5099696e+00   8.1703802e+01   9.3615670e+01
   1.4912968e+00   8.2133383e+01   9.4131030e+01
   1.4645707e+00   8.2241175e+01   9.4229340e+01
   1.4321012e+00   8.1825275e+01   9.3750390e+01
   1.4034821e+00   8.1445198e+01   9.3350170e+01
   1.3823099e+00   8.1385873e+01   9.3248710e+01
   1.3663447e+00   8.1457815e+01   9.3372740e+01
   1.3460408e+00   8.1106143e+01   9.2955800e+01
   1.3214903e+00   8.0308695e+01   9.2067080e+01
   1.2969354e+00   7.9437683e+01   9.1084420e+01
   1.2755833e+00   7.8896073e+01   9.0446530e+01
   1.2606258e+00   7.8817170e+01   9.0375140e+01
   1.2539812e+00   7.9107645e+01   9.0712050e+01
   1.2449326e+00   7.9241883e+01   9.0852580e+01
   1.2365094e+00   7.9469453e+01   9.1098150e+01
   1.2305172e+00   7.9756673e+01   9.1464200e+01
   1.2304693e+00   8.0303425e+01   9.2107890e+01
   1.2257792e+00   8.0205440e+01   9.1971830e+01
   1.2123854e+00   7.9499437e+01   9.1183620e+01
   1.1918461e+00   7.8445718e+01   9.0003540e+01
   1.1698128e+00   7.7559957e+01   8.8952960e+01
   1.1481637e+00   7.6882283e+01   8.8210350e+01
   1.1242395e+00   7.6146168e+01   8.7356810e+01
   1.1037108e+00   7.5856262e+01   8.7059450e+01
   1.0900026e+00   7.5928375e+01   8.7147910e+01
   1.0865665e+00   7.6472590e+01   8.7789080e+01
   1.0833839e+00   7.7203802e+01   8.8609640e+01
   1.0797502e+00   7.7790930e+01   8.9304830e+01
   1.0766519e+00   7.8342123e+01   8.9905250e+01
   1.0680864e+00   7.8520903e+01   9.0132770e+01
   1.0529392e+00   7.8232687e+01   8.9802780e+01
   1.0387813e+00   7.7800670e+01   8.9307900e+01
   1.0276139e+00   7.7510153e+01   8.9007730e+01
   1.0115712e+00   7.7124422e+01   8.8616530e+01
   9.8998965e-01   7.6226955e+01   8.7533230e+01
   9.6604207e-01   7.5299715e+01   8.6468300e+01
   9.5177953e-01   7.4799480e+01   8.5930360e+01
   9.4991682e-01   7.5302500e+01   8.6486480e+01
   9.5683104e-01   7.6254953e+01   8.7565560e+01
   9.5253419e-01   7.6416100e+01   8.7774790e+01
   9.2155035e-01   7.4284818e+01   8.5346340e+01
   8.8732386e-01   7.1948015e+01   8.2646200e+01
   8.7944006e-01   7.2025545e+01   8.2722960e+01
   8.9782615e-01   7.4244067e+01   8.5281580e+01
   9.0938027e-01   7.5797595e+01   8.7062500e+01
   9.0886882e-01   7.6276470e+01   8.7624240e+01
   8.9991480e-01   7.6196403e+01   8.7549490e+01
   8.8405812e-01   7.5813365e+01   8.7103220e+01
   8.6811786e-01   7.5592907e+01   8.6869320e+01
   8.6038464e-01   7.5475057e+01   8.6764490e+01
   8.5315290e-01   7.5314853e+01   8.6572090e+01
   8.4366923e-01   7.4988335e+01   8.6208150e+01
   8.3732055e-01   7.4825542e+01   8.5990270e+01
   8.3246604e-01   7.4825438e+01   8.5995350e+01
   8.2800404e-01   7.4832437e+01   8.6006120e+01
   8.2357000e-01   7.4815358e+01   8.5983950e+01
   8.1818100e-01   7.4773680e+01   8.5961200e+01
   8.1046583e-01   7.4602622e+01   8.5802880e+01
   8.0216948e-01   7.4427373e+01   8.5594370e+01
   7.9047432e-01   7.3851485e+01   8.4876230e+01
   7.6260032e-01   7.1964253e+01   8.2745050e+01
   6.9816012e-01   6.6718720e+01   7.6722830e+01
   6.3608551e-01   6.1808705e+01   7.1084630e+01
   6.1394740e-01   6.0703832e+01   6.9797020e+01
   6.3089864e-01   6.3025623e+01   7.2470460e+01
   6.4797861e-01   6.5277248e+01   7.5040120e+01
   6.5398184e-01   6.6417915e+01   7.6404780e+01
   6.5434843e-01   6.7059125e+01   7.7117060e+01
   6.5773918e-01   6.7904180e+01   7.8127280e+01
   6.5598331e-01   6.8414310e+01   7.8685820e+01
   6.4711334e-01   6.8192913e+01   7.8398090e+01
   6.3855434e-01   6.8079977e+01   7.8280030e+01
   6.3902188e-01   6.8614767e+01   7.8891460e+01
   6.4072060e-01   6.9391548e+01   7.9752600e+01
   6.3953572e-01   6.9822868e+01   8.0235010e+01
   6.3254421e-01   6.9688408e+01   8.0087530e+01
   6.2398120e-01   6.9384210e+01   7.9720620e+01
   6.1359503e-01   6.8993013e+01   7.9276680e+01
   6.0445961e-01   6.8528205e+01   7.8732340e+01
   5.9163907e-01   6.7759338e+01   7.7885150e+01
   5.7433734e-01   6.6607348e+01   7.6505250e+01
   5.3995148e-01   6.3564330e+01   7.3039720e+01
   4.9040277e-01   5.8847100e+01   6.7641600e+01
   4.4786872e-01   5.4754045e+01   6.2926680e+01
   4.4242068e-01   5.4560137e+01   6.2676860e+01
   4.5553709e-01   5.6610843e+01   6.5031660e+01
   4.5958118e-01   5.7414920e+01   6.5940000e+01
   4.4582734e-01   5.6435778e+01   6.4821120e+01
   4.3584925e-01   5.5796688e+01   6.4117730e+01
   4.3172675e-01   5.5831995e+01   6.4131120e+01
   4.3105449e-01   5.6166217e+01   6.4538170e+01
   4.3618588e-01   5.7009160e+01   6.5468930e+01
   4.4775474e-01   5.8757045e+01   6.7484440e+01
   4.6178892e-01   6.0618508e+01   6.9661450e+01
   4.6840616e-01   6.1631745e+01   7.0798960e+01
   4.6888561e-01   6.1933453e+01   7.1112710e+01
   4.6581003e-01   6.2020005e+01   7.1213530e+01
   4.6918886e-01   6.2306107e+01   7.1524100e+01
   4.6986325e-01   6.2668483e+01   7.1971690e+01
   4.7346239e-01   6.3274578e+01   7.2624690e+01
   4.7514391e-01   6.3771267e+01   7.3173700e+01
   4.7543086e-01   6.3929603e+01   7.3346660e+01
   4.7169014e-01   6.3761033e+01   7.3185880e+01
   4.6641302e-01   6.3392105e+01   7.2759700e+01
   4.5859824e-01   6.2826075e+01   7.2128030e+01
   4.5290400e-01   6.2306425e+01   7.1566910e+01
   4.4858871e-01   6.2016282e+01   7.1162050e+01
   4.4420863e-01   6.1943990e+01   7.1119580e+01
   4.3732674e-01   6.1569925e+01   7.0676400e+01
   4.1843558e-01   5.9695305e+01   6.8574890e+01
   3.5302932e-01   5.0884363e+01   5.8445280e+01
   2.5274168e-01   3.6978530e+01   4.2465930e+01
   1.7876839e-01   2.6766735e+01   3.0765720e+01
   1.6762165e-01   2.6016150e+01   2.9826750e+01
   1.9806241e-01   3.1115993e+01   3.5667380e+01
   2.5391290e-01   3.9467930e+01   4.5276690e+01
   3.1580172e-01   4.8396780e+01   5.5546050e+01
   3.6385221e-01   5.4880680e+01   6.2975420e+01
   3.8797746e-01   5.8185400e+01   6.6805820e+01
   3.9719369e-01   5.9446730e+01   6.8256470e+01
   3.9914046e-01   5.9759875e+01   6.8604570e+01
   3.9895430e-01   5.9693523e+01   6.8522570e+01
   3.9610620e-01   5.9414220e+01   6.8172940e+01
   3.9226121e-01   5.9211218e+01   6.7996290e+01
   3.8948433e-01   5.9064982e+01   6.7796160e+01
   3.8534683e-01   5.9013777e+01   6.7765140e+01
   3.8201945e-01   5.8778650e+01   6.7448370e+01
   3.7849000e-01   5.8438168e+01   6.7107440e+01
   3.7361207e-01   5.8069335e+01   6.6686630e+01
   3.6888236e-01   5.7612138e+01   6.6124510e+01
   3.6175670e-01   5.7016188e+01   6.5462250e+01
   3.5564645e-01   5.6324720e+01   6.4732600e+01
   3.4862947e-01   5.5603988e+01   6.3866290e+01
   3.4393572e-01   5.5065840e+01   6.3248800e+01
   3.3944873e-01   5.4747500e+01   6.2843780e+01
   3.3874315e-01   5.4539797e+01   6.2624350e+01
   3.3606390e-01   5.4577910e+01   6.2645510e+01
   3.3432287e-01   5.4612965e+01   6.2723040e+01
   3.3140875e-01   5.4512820e+01   6.2630080e+01
   3.2718924e-01   5.4120402e+01   6.2146600e+01
   3.2209870e-01   5.3666400e+01   6.1589720e+01
   3.1945736e-01   5.3272588e+01   6.1155080e+01
   3.1496325e-01   5.2941130e+01   6.0804700e+01
   3.1319223e-01   5.2777637e+01   6.0613770e+01
   3.1186821e-01   5.2990287e+01   6.0907270e+01
   3.1045640e-01   5.3194585e+01   6.1053820e+01
   3.0347874e-01   5.2583607e+01   6.0444950e+01
   2.9307456e-01   5.0971393e+01   5.8587230e+01
   2.7695696e-01   4.8792735e+01   5.6054440e+01
   2.5993112e-01   4.6151912e+01   5.3062750e+01
   2.4534168e-01   4.4198408e+01   5.0786030e+01
   2.3981268e-01   4.3340800e+01   4.9809700e+01
   2.4250288e-01   4.4018228e+01   5.0570140e+01
   2.4422850e-01   4.4842223e+01   5.1538270e+01
   2.4363829e-01   4.4553615e+01   5.1133680e+01
   2.4039435e-01   4.4572623e+01   5.1230450e+01
   2.4572394e-01   4.5505845e+01   5.2220090e+01
   2.5014854e-01   4.6599428e+01   5.3490900e+01
   2.4653184e-01   4.6473058e+01   5.3374190e+01
   2.4567057e-01   4.6074705e+01   5.2965640e+01
   2.4509648e-01   4.6093162e+01   5.2965410e+01
   2.4326175e-01   4.6412103e+01   5.3330120e+01
   2.4437086e-01   4.6899853e+01   5.3953480e+01
   2.4722992e-01   4.7684677e+01   5.4682150e+01
   2.5289820e-01   4.8563578e+01   5.5756190e+01
   2.5487856e-01   4.9182212e+01   5.6511460e+01
   2.5822090e-01   4.9677675e+01   5.7082830e+01
   2.5816388e-01   4.9984828e+01   5.7402250e+01
   2.5889870e-01   5.0091775e+01   5.7536680e+01
   2.5796234e-01   5.0026695e+01   5.7455590e+01
   2.5656462e-01   4.9972313e+01   5.7387190e+01
   2.5223460e-01   4.9875707e+01   5.7328580e+01
   2.5195055e-01   4.9440793e+01   5.6782840e+01
   2.4620166e-01   4.8523820e+01   5.5772460e+01
   2.3937648e-01   4.7746218e+01   5.4871180e+01
   2.3599186e-01   4.7057947e+01   5.4002400e+01
   2.2669114e-01   4.5984427e+01   5.2909740e+01
   2.2498020e-01   4.5490620e+01   5.2313800e+01
   2.2697105e-01   4.5996098e+01   5.2858980e+01
   2.3312636e-01   4.7405645e+01   5.4471710e+01
   2.3505305e-01   4.7943508e+01   5.5163580e+01
   2.3440079e-01   4.7918785e+01   5.5063750e+01
   2.3180048e-01   4.7731670e+01   5.4830410e+01
   2.2922082e-01   4.7453102e+01   5.4541880e+01
   2.2147230e-01   4.6387930e+01   5.3258630e+01
   2.1470793e-01   4.5164125e+01   5.1889040e+01
   2.1402678e-01   4.4536535e+01   5.1240640e+01
   2.1431648e-01   4.5111525e+01   5.1868110e+01
   2.1604146e-01   4.5849315e+01   5.2685740e+01
   2.1746400e-01   4.6356953e+01   5.3317470e+01
   2.1689850e-01   4.6460257e+01   5.3411550e+01
   2.1829171e-01   4.6543890e+01   5.3512380e+01
   2.1738867e-01   4.6560365e+01   5.3487140e+01
   2.1596340e-01   4.6511153e+01   5.3512890e+01
   2.1204745e-01   4.6323892e+01   5.3315510e+01
   2.1157214e-01   4.6071453e+01   5.2936420e+01
   2.0903922e-01   4.5801057e+01   5.2617220e+01
   2.0828742e-01   4.5760145e+01   5.2648070e+01
   2.0771696e-01   4.5707245e+01   5.2546820e+01
   2.0364638e-01   4.5444090e+01   5.2091140e+01
   2.0268974e-01   4.5150787e+01   5.1776210e+01
   2.0145599e-01   4.4814608e+01   5.1453150e+01
   1.9974887e-01   4.4674177e+01   5.1246000e+01
   1.9552039e-01   4.4045910e+01   5.0730010e+01
   1.8923478e-01   4.3054075e+01   4.9503760e+01
   1.7909136e-01   4.1326525e+01   4.7431650e+01
   1.6911030e-01   3.9111510e+01   4.4874410e+01
   1.5744674e-01   3.6785610e+01   4.2193790e+01
   1.4527831e-01   3.4583445e+01   3.9759240e+01
   1.3604684e-01   3.3356212e+01   3.8368690e+01
   1.3397411e-01   3.2790085e+01   3.7730340e+01
   1.3795054e-01   3.3782178e+01   3.8751230e+01
   1.4375824e-01   3.5207440e+01   4.0459640e+01
   1.4742335e-01   3.6146035e+01   4.1604340e+01
   1.4433994e-01   3.5640145e+01   4.0870060e+01
   1.3864734e-01   3.4077923e+01   3.9056800e+01
   1.2999418e-01   3.2827732e+01   3.7586060e+01
   1.3055703e-01   3.2686825e+01   3.7277310e+01
   1.2923338e-01   3.2514893e+01   3.7423520e+01
   1.2952850e-01   3.2531177e+01   3.7340150e+01
   1.2493050e-01   3.2044537e+01   3.6811770e+01
   1.2612186e-01   3.2191310e+01   3.6789800e+01
   1.2530824e-01   3.2449300e+01   3.7213990e+01
   1.3100816e-01   3.3487673e+01   3.8383510e+01
   1.3403324e-01   3.4572668e+01   3.9602360e+01
   1.3369012e-01   3.4958040e+01   4.0249060e+01
   1.3486809e-01   3.4609740e+01   3.9653580e+01
   1.3140963e-01   3.3958002e+01   3.8870990e+01
   1.2802529e-01   3.3015995e+01   3.7891210e+01
   1.1864163e-01   3.1494512e+01   3.6100210e+01
   1.0904153e-01   2.8921622e+01   3.3099380e+01
   9.0805890e-02   2.4886980e+01   2.8547500e+01
   7.5628795e-02   2.0699928e+01   2.3718010e+01
   6.7715850e-02   1.6773445e+01   1.9217880e+01
   5.0926868e-02   1.4001495e+01   1.6212410e+01
   5.3759219e-02   1.2943052e+01   1.4790320e+01
   5.0654540e-02   1.3106080e+01   1.4983240e+01
   5.6699300e-02   1.4603077e+01   1.6675550e+01
   6.3726850e-02   1.6492777e+01   1.8981530e+01
   6.3935060e-02   1.8188430e+01   2.0863210e+01
   6.2139222e-02   1.8282557e+01   2.1007980e+01
   5.8951916e-02   1.7227755e+01   1.9898360e+01
   6.0193107e-02   1.6231168e+01   1.8532600e+01
   6.2374655e-02   1.6074505e+01   1.8394450e+01
   6.0728310e-02   1.6635117e+01   1.9105660e+01
   5.5606614e-02   1.7009650e+01   1.9484210e+01
   6.4342734e-02   1.7682080e+01   2.0221010e+01
   6.1851577e-02   1.7924535e+01   2.0450880e+01
   6.6193800e-02   1.8461140e+01   2.1203110e+01
   6.5561077e-02   1.8508257e+01   2.1105070e+01
   7.1559110e-02   1.8991570e+01   2.1532150e+01
   6.9221168e-02   1.9518263e+01   2.2301040e+01
   7.1209100e-02   2.0055428e+01   2.2910000e+01
   7.7415156e-02   2.0750830e+01   2.3791530e+01
   7.3101100e-02   2.1366685e+01   2.4426920e+01
   7.9530860e-02   2.2547320e+01   2.5740620e+01
   8.3337710e-02   2.3592852e+01   2.7039730e+01
   8.3398140e-02   2.4509158e+01   2.8066940e+01
   9.0589040e-02   2.5628377e+01   2.9148860e+01
   9.8683060e-02   2.7250915e+01   3.1072650e+01
   1.0501423e-01   2.8820757e+01   3.3069020e+01
   1.0501423e-01   2.8820757e+01   3.3069020e+01
   1.0647643e-01   3.0309095e+01   3.4346610e+01
   1.0831769e-01   3.0298750e+01   3.4559850e+01
   1.0003956e-01   3.0023702e+01   3.4256690e+01
   9.9349720e-02   3.0000782e+01   3.4231420e+01
   1.0049197e-01   2.9139570e+01   3.3209070e+01
   1.0026964e-01   2.8597198e+01   3.2780080e+01
   1.0153420e-01   2.8837913e+01   3.3090050e+01
   1.0176414e-01   2.8881675e+01   3.3146400e+01
   1.0245236e-01   2.9400782e+01   3.3592980e+01
   1.0126180e-01   3.0030535e+01   3.4302700e+01
   1.0971645e-01   3.0649168e+01   3.4940320e+01
   1.1125364e-01   3.0761645e+01   3.5056250e+01
   1.1188772e-01   3.1508073e+01   3.5734700e+01
   1.1849724e-01   3.2282758e+01   3.6553610e+01
   1.2173295e-01   3.2737133e+01   3.6986970e+01
   1.2270367e-01   3.2873445e+01   3.7116970e+01
   1.2066614e-01   3.3081367e+01   3.7669540e+01
   1.2710118e-01   3.3482712e+01   3.8070470e+01
   1.2799855e-01   3.3554288e+01   3.7930860e+01
   1.2839739e-01   3.3586100e+01   3.7868820e+01
   1.3213326e-01   3.3607865e+01   3.8255860e+01
   1.1495802e-01   3.3640113e+01   3.8262500e+01
   1.2589656e-01   3.3498217e+01   3.8195540e+01
   1.3075813e-01   3.3435147e+01   3.8165780e+01
   1.2888806e-01   3.3341860e+01   3.8205320e+01
   1.2357380e-01   3.3019822e+01   3.8321900e+01
   1.2619601e-01   3.3020247e+01   3.7571480e+01
   1.2678768e-01   3.3006707e+01   3.7190560e+01
   1.1615431e-01   3.2693270e+01   3.7352220e+01
   9.9075147e-02   3.2402490e+01   3.6921890e+01
   1.0599235e-01   3.2347837e+01   3.6832990e+01
   1.0908899e-01   3.2313068e+01   3.6791500e+01
   1.0881150e-01   3.2298833e+01   3.6713610e+01
   1.0087384e-01   3.2189695e+01   3.7154200e+01
   9.4751030e-02   3.2393720e+01   3.7263820e+01
   9.2083977e-02   3.2569675e+01   3.7376560e+01
   9.2136390e-02   3.2833950e+01   3.7617760e+01
   9.4968396e-02   3.3025647e+01   3.7822710e+01
   9.6711160e-02   3.3143617e+01   3.7948830e+01
   9.6652667e-02   3.3224103e+01   3.8025610e+01
   9.6500593e-02   3.3433363e+01   3.8225240e+01
   9.6348530e-02   3.3642618e+01   3.8424860e+01
   9.6254950e-02   3.3771390e+01   3.8547710e+01
   9.5888206e-02   3.3833633e+01   3.8622180e+01
   9.5093609e-02   3.3968483e+01   3.8783510e+01
   9.4299002e-02   3.4103335e+01   3.8944850e+01
   9.3871140e-02   3.4175945e+01   3.9031720e+01
   9.4170189e-02   3.4211550e+01   3.9071870e+01
   9.4818122e-02   3.4288692e+01   3.9158840e+01
   9.5466056e-02   3.4365835e+01   3.9245810e+01
   9.5814950e-02   3.4407373e+01   3.9292640e+01
   9.5731872e-02   3.4416913e+01   3.9302300e+01
   9.5551839e-02   3.4437580e+01   3.9323220e+01
   9.5371804e-02   3.4458247e+01   3.9344150e+01
   9.5274850e-02   3.4469378e+01   3.9355410e+01
   9.4822717e-02   3.4445572e+01   3.9323700e+01
   9.3983040e-02   3.4401363e+01   3.9264810e+01
   9.3143334e-02   3.4357155e+01   3.9205910e+01
   9.2691200e-02   3.4333348e+01   3.9174200e+01
   9.2490605e-02   3.4297953e+01   3.9138280e+01
   9.2055995e-02   3.4221252e+01   3.9060440e+01
   9.1621395e-02   3.4144553e+01   3.8982600e+01
   9.1387360e-02   3.4103255e+01   3.8940690e+01
   9.1217490e-02   3.4073242e+01   3.8909700e+01
   9.0283200e-02   3.3908175e+01   3.8739280e+01
   8.9190290e-02   3.3656710e+01   3.8429140e+01
   8.9760840e-02   3.3386067e+01   3.8082460e+01
   9.1240140e-02   3.3087607e+01   3.7766780e+01
   9.0061830e-02   3.2762462e+01   3.7429520e+01
   8.6898570e-02   3.2386910e+01   3.6982720e+01
   8.4033340e-02   3.1905197e+01   3.6437610e+01
   8.2229020e-02   3.1430768e+01   3.5894440e+01
   7.9642920e-02   3.0956270e+01   3.5317840e+01
   7.9057140e-02   3.0530077e+01   3.4849830e+01
   7.7429730e-02   3.0229148e+01   3.4527180e+01
   7.3611500e-02   2.9948760e+01   3.4211480e+01
   7.4191320e-02   2.9534287e+01   3.3732470e+01
   7.4446100e-02   2.9089630e+01   3.3239730e+01
   7.2860200e-02   2.8614798e+01   3.2682080e+01
   7.3851960e-02   2.7946590e+01   3.1911970e+01
   7.7086410e-02   2.7121805e+01   3.0986990e+01
   7.7033670e-02   2.6179610e+01   2.9928750e+01
   7.3940400e-02   2.5080397e+01   2.8658160e+01
   6.7437630e-02   2.3615570e+01   2.6974020e+01
   5.7421770e-02   2.1120950e+01   2.4141990e+01
   4.7013980e-02   1.7561837e+01   2.0091950e+01
   3.7593090e-02   1.4099023e+01   1.6150380e+01
   3.0373420e-02   1.1723525e+01   1.3417850e+01
   2.6180540e-02   1.0592075e+01   1.2102820e+01
   2.2483170e-02   1.0219935e+01   1.1670400e+01
   2.0754050e-02   1.0365950e+01   1.1859690e+01
   2.2531070e-02   1.0986562e+01   1.2552630e+01
   2.1197990e-02   1.0917680e+01   1.2461520e+01
   2.1046740e-02   1.0391675e+01   1.1849260e+01
   2.1302370e-02   1.0641300e+01   1.2140270e+01
   2.1665700e-02   1.1871665e+01   1.3556550e+01
   2.5322550e-02   1.3699170e+01   1.5636580e+01
   3.0104220e-02   1.5664542e+01   1.7902330e+01
   3.3500670e-02   1.7359082e+01   1.9840020e+01
   3.5211030e-02   1.8538287e+01   2.1188730e+01
   3.7983330e-02   1.9257278e+01   2.2004120e+01
   3.9404860e-02   1.9596397e+01   2.2386570e+01
   3.9909720e-02   1.9736738e+01   2.2542070e+01
   4.1875300e-02   1.9902315e+01   2.2743510e+01
   4.2815240e-02   2.0358453e+01   2.3287540e+01
   4.5243660e-02   2.0837573e+01   2.3849290e+01
   4.6290080e-02   2.0870725e+01   2.3893380e+01
   4.4897280e-02   2.0614973e+01   2.3586570e+01
   4.4677710e-02   2.0525220e+01   2.3466800e+01
   4.5646300e-02   2.0623345e+01   2.3582610e+01
   4.5741080e-02   2.0837097e+01   2.3825860e+01
   4.6685580e-02   2.1124038e+01   2.4129870e+01
   4.8014260e-02   2.1357630e+01   2.4391470e+01
   4.8494600e-02   2.1503760e+01   2.4564930e+01
   4.9445400e-02   2.1623075e+01   2.4706750e+01
   4.8679440e-02   2.1699570e+01   2.4796890e+01
   4.7525170e-02   2.1744420e+01   2.4867970e+01
   4.5529050e-02   2.1694845e+01   2.4792420e+01
   4.3940920e-02   2.1524375e+01   2.4587580e+01
   4.3004800e-02   2.1298983e+01   2.4360660e+01
   4.1040900e-02   2.1024090e+01   2.4042940e+01
   3.8155920e-02   2.0625348e+01   2.3589490e+01
   3.6087180e-02   1.9904820e+01   2.2776130e+01
   3.3912050e-02   1.8858873e+01   2.1581080e+01
   3.1790000e-02   1.7789255e+01   2.0359230e+01
   3.0808750e-02   1.7332840e+01   1.9833440e+01
   3.1968370e-02   1.7674463e+01   2.0212890e+01
   3.2570040e-02   1.8158977e+01   2.0747960e+01
   3.2704640e-02   1.8418495e+01   2.1046820e+01
   3.3775430e-02   1.8635550e+01   2.1294240e+01
   3.4224000e-02   1.8818425e+01   2.1507460e+01
   3.4747900e-02   1.8809660e+01   2.1514960e+01
   3.4711700e-02   1.8603068e+01   2.1273970e+01
   3.3549840e-02   1.8243467e+01   2.0856260e+01
   3.1963680e-02   1.7732470e+01   2.0281320e+01
   3.0931200e-02   1.7084145e+01   1.9536290e+01
   2.9461720e-02   1.6351790e+01   1.8694730e+01
   2.7174400e-02   1.5646630e+01   1.7909740e+01
   2.4853600e-02   1.4987377e+01   1.7154950e+01
   2.4523250e-02   1.4359318e+01   1.6416920e+01
   2.3381550e-02   1.3422510e+01   1.5356280e+01
   1.8811800e-02   1.2033245e+01   1.3779190e+01
   1.6052960e-02   1.0993458e+01   1.2584600e+01
   1.5019100e-02   1.0474730e+01   1.1978600e+01
   1.3300300e-02   9.6282573e+00   1.1006820e+01
   1.0766420e-02   7.8723655e+00   9.0180480e+00
   7.4131500e-03   5.6456063e+00   6.4901040e+00
   4.9965300e-03   3.8648597e+00   4.4529190e+00
   3.1951700e-03   2.7905048e+00   3.2077870e+00
   2.7014000e-03   2.1610260e+00   2.4841490e+00
   2.1837900e-03   1.7378723e+00   2.0065680e+00
   1.6766400e-03   1.4143018e+00   1.6275420e+00
   1.3711100e-03   1.1459697e+00   1.3234180e+00
   7.4277000e-04   9.4424792e-01   1.0869700e+00
   1.6113000e-03   7.9575975e-01   9.1800690e-01
   1.1927300e-03   6.9457570e-01   8.1361280e-01
   1.2027400e-03   6.5985247e-01   7.6464580e-01
   1.3173600e-03   6.6290400e-01   7.5957750e-01
   1.5352400e-03   6.8448105e-01   7.9279960e-01
   2.1862000e-03   7.1570430e-01   8.4227580e-01
   2.2757700e-03   7.4687240e-01   8.6527900e-01
   2.3643400e-03   7.5412190e-01   8.7153010e-01
   2.6777500e-03   7.8909992e-01   9.1593960e-01
   1.9206000e-03   9.0209700e-01   1.0468780e+00
   1.2631200e-03   1.0198407e+00   1.1830590e+00
   1.2500400e-03   1.1738305e+00   1.3532560e+00
   1.4588000e-03   1.4187915e+00   1.6369010e+00
   2.7047800e-03   1.6309943e+00   1.8855680e+00
   2.6930800e-03   1.7764790e+00   2.0505280e+00
   1.8595800e-03   1.8631485e+00   2.1415500e+00
   2.2655600e-03   1.9552735e+00   2.2345980e+00
   2.5592500e-03   2.1586382e+00   2.4645950e+00
   2.9603200e-03   2.4840032e+00   2.8418770e+00
   3.6795600e-03   2.9082008e+00   3.3296940e+00
   5.3144000e-03   3.5875100e+00   4.1066440e+00
   6.8340000e-03   4.3562975e+00   4.9930600e+00
   5.4993600e-03   4.7168317e+00   5.4153100e+00
   4.6920000e-03   4.5426087e+00   5.1879320e+00
   5.2055700e-03   4.0836558e+00   4.6603960e+00
   4.9833000e-03   4.0153860e+00   4.5962280e+00
   4.5760500e-03   4.3558655e+00   4.9895610e+00
   6.0138700e-03   4.7361990e+00   5.4146050e+00
   6.0079700e-03   5.1693382e+00   5.9042160e+00
   5.5830500e-03   5.7640620e+00   6.5898860e+00
   6.8979200e-03   6.6443075e+00   7.6018210e+00
   9.0513000e-03   7.6089068e+00   8.7083880e+00
   9.2710800e-03   8.4913903e+00   9.7193380e+00
   1.0090080e-02   9.0722750e+00   1.0374880e+01
   1.1417280e-02   9.4757945e+00   1.0844360e+01
   1.1506790e-02   1.0063816e+01   1.1515140e+01
   1.1902410e-02   1.0649178e+01   1.2190640e+01
   1.2626920e-02   1.1030965e+01   1.2621030e+01
   1.3869280e-02   1.1355595e+01   1.2980780e+01
   1.4550250e-02   1.1666430e+01   1.3336610e+01
   1.4298810e-02   1.1888128e+01   1.3586430e+01
   1.3845220e-02   1.2018565e+01   1.3737850e+01
   1.3454760e-02   1.2101455e+01   1.3844990e+01
   1.3515460e-02   1.2161737e+01   1.3926180e+01
   1.3835880e-02   1.2222585e+01   1.3993020e+01
   1.4094360e-02   1.2288617e+01   1.4064370e+01
   1.3507520e-02   1.2300372e+01   1.4063300e+01
   1.3316920e-02   1.2260500e+01   1.4012000e+01
   1.3786020e-02   1.2202645e+01   1.3964210e+01
   1.3606800e-02   1.2132320e+01   1.3883140e+01
   1.3219100e-02   1.2022230e+01   1.3751060e+01
   1.2237560e-02   1.1778408e+01   1.3463890e+01
   1.1856000e-02   1.1364295e+01   1.2994050e+01
   1.2844000e-02   1.0987430e+01   1.2567910e+01
   1.2294600e-02   1.0825382e+01   1.2385590e+01
   1.1574810e-02   1.0923780e+01   1.2491740e+01
   1.2287500e-02   1.1069933e+01   1.2653060e+01
   1.1913660e-02   1.1092482e+01   1.2690790e+01
   1.1528010e-02   1.1071045e+01   1.2674230e+01
   1.2206560e-02   1.1017412e+01   1.2606110e+01
   1.1929160e-02   1.0787598e+01   1.2344490e+01
   1.0664560e-02   1.0510040e+01   1.2029510e+01
   1.0345650e-02   1.0383172e+01   1.1869320e+01
   1.0641240e-02   1.0379200e+01   1.1861380e+01
   1.0488700e-02   1.0477505e+01   1.1989660e+01
   1.0062630e-02   1.0574473e+01   1.2107390e+01
   1.0663620e-02   1.0635137e+01   1.2173820e+01
   1.0674320e-02   1.0689895e+01   1.2240400e+01
   1.0601060e-02   1.0692350e+01   1.2240370e+01
   1.0964310e-02   1.0602577e+01   1.2134410e+01
   1.0025730e-02   1.0440400e+01   1.1940530e+01
   1.0463770e-02   1.0239666e+01   1.1705370e+01
   9.5232000e-03   1.0100880e+01   1.1565990e+01
   8.7380000e-03   1.0051630e+01   1.1513890e+01
   9.4303300e-03   9.9844525e+00   1.1425510e+01
   1.0493000e-02   9.9285020e+00   1.1347450e+01
   1.0858640e-02   9.9486912e+00   1.1368750e+01
   1.0548840e-02   9.9048210e+00   1.1334990e+01
   9.6115500e-03   9.7249843e+00   1.1153900e+01
   9.2729100e-03   9.5849865e+00   1.0994790e+01
   8.5268700e-03   9.5760105e+00   1.0968340e+01
   8.4696000e-03   9.5187770e+00   1.0914890e+01
   8.4269300e-03   9.4211310e+00   1.0796920e+01
   7.7536800e-03   9.3663362e+00   1.0721950e+01
   7.5215000e-03   9.2974632e+00   1.0646810e+01
   7.9046800e-03   9.2063977e+00   1.0529370e+01
   7.6716000e-03   9.1228850e+00   1.0417240e+01
   7.3478100e-03   9.0412800e+00   1.0329330e+01
   7.1850800e-03   8.9373635e+00   1.0221880e+01
   7.1194200e-03   8.8223600e+00   1.0097040e+01
   7.5950000e-03   8.6595183e+00   9.9121140e+00
   6.7983000e-03   8.5160205e+00   9.7536430e+00
   6.2922300e-03   8.4662882e+00   9.7089980e+00
   7.3260000e-03   8.4188203e+00   9.6517190e+00
   7.3768200e-03   8.2200335e+00   9.4233260e+00
   6.6835200e-03   8.0043593e+00   9.1820050e+00
   6.0881100e-03   7.8935535e+00   9.0514480e+00
   5.6717500e-03   7.7466928e+00   8.8825550e+00
   5.8250000e-03   7.5551475e+00   8.6625370e+00
   5.3695800e-03   7.4003222e+00   8.4867780e+00
   4.9165200e-03   7.2937115e+00   8.3618830e+00
   4.7961800e-03   7.1758205e+00   8.2171890e+00
   4.6904000e-03   7.0879120e+00   8.1192800e+00
   4.3478700e-03   7.0463135e+00   8.0730740e+00
   4.2433200e-03   6.9589415e+00   7.9789960e+00
   4.3027200e-03   6.8144807e+00   7.8238260e+00
   3.8633600e-03   6.5887940e+00   7.5532550e+00
   3.8528000e-03   6.3727680e+00   7.2960470e+00
   4.2126000e-03   6.2187240e+00   7.1329100e+00
   3.7671200e-03   5.9535705e+00   6.8301000e+00
   4.7544900e-03   5.5280240e+00   6.3438210e+00
   3.9219200e-03   5.1562040e+00   5.9164280e+00
   2.9736000e-03   4.8268242e+00   5.5369590e+00
   1.7490200e-03   4.5491578e+00   5.2217640e+00
   1.8951000e-03   4.2266860e+00   4.8554390e+00
   2.5460000e-03   3.7364430e+00   4.2933400e+00
   1.9209000e-03   3.2028607e+00   3.6837710e+00
   9.0223000e-04   2.6350383e+00   3.0254140e+00
   2.5920000e-04   2.0972780e+00   2.4011060e+00
   6.5075000e-04   1.7180540e+00   1.9790400e+00
   6.4875000e-04   1.4086980e+00   1.6459520e+00
  -1.2946000e-04   1.1208252e+00   1.2950660e+00
   5.2372000e-04   8.7556652e-01   1.0042160e+00
   5.3116000e-04   6.9802425e-01   8.1288900e-01
  -2.6400000e-04   5.9088127e-01   6.8246160e-01
  -7.8162000e-04   4.8101198e-01   5.5683040e-01
   0.0000000e+00   3.9362540e-01   4.5341660e-01
   2.6044000e-04   3.4011855e-01   4.0161600e-01
   2.6266000e-04   2.9783900e-01   3.4980240e-01
  -2.6422000e-04   2.6791197e-01   3.1489180e-01
  -7.8396000e-04   2.5116960e-01   2.8990720e-01
  -7.7934000e-04   2.3752800e-01   2.8701300e-01
  -3.9111000e-04   2.2258800e-01   2.6710560e-01
  -1.3123000e-04   2.1801560e-01   2.4774500e-01
  -2.6388000e-04   2.1444215e-01   2.4295180e-01
  -3.9546000e-04   1.9875852e-01   2.3209070e-01
  -3.9933000e-04   1.9641093e-01   2.3018860e-01
  -4.0293000e-04   1.9490670e-01   2.2420640e-01
  -9.4339000e-04   1.8809017e-01   2.2519640e-01
  -1.4776300e-03   1.8191520e-01   2.1728760e-01
  -1.2015900e-03   1.7995587e-01   2.0850060e-01
  -9.3422000e-04   1.8302050e-01   2.0775300e-01
  -7.9650000e-04   1.8253358e-01   2.1854360e-01
  -6.6115000e-04   1.9421610e-01   2.3405530e-01
  -7.8792000e-04   2.0422100e-01   2.2912600e-01
  -3.9129000e-04   1.9489080e-01   2.2987120e-01
  -5.2340000e-04   1.8279720e-01   2.2849650e-01
  -9.2820000e-04   1.8197812e-01   2.0650000e-01
  -2.3947200e-03   1.7864445e-01   1.8123350e-01
