   1.0625568e-02
   7.7528680e-03
   9.4976657e-03
   1.0623469e-02
   1.1321507e-02
   1.1131828e-02
   9.5134849e-03
   1.2352810e-02
   1.2132560e-02
   1.3253683e-02
   1.2993902e-02
   1.3515677e-02
   1.5604165e-02
   1.8346844e-02
   2.0881812e-02
   3.1733697e-02
   3.7759766e-02
   4.3010515e-02
   4.9804550e-02
   5.3106088e-02
   6.2097759e-02
   6.1068704e-02
   6.8266862e-02
   7.1183505e-02
   7.4971901e-02
   7.7573703e-02
   7.6545345e-02
   8.1043175e-02
   8.1558503e-02
   8.1782247e-02
   8.2931793e-02
   8.2862950e-02
   8.6523507e-02
   8.2636106e-02
   8.4450055e-02
   8.6042599e-02
   8.3156439e-02
   8.3619496e-02
   8.2607922e-02
   8.2289506e-02
   8.1440433e-02
   8.4135354e-02
   8.5657669e-02
   8.6602662e-02
   8.5347213e-02
   8.4492975e-02
   7.5037667e-02
   7.5194637e-02
   7.5791598e-02
   7.4756395e-02
   7.6241932e-02
   7.6773851e-02
   7.6197188e-02
   7.6367093e-02
   7.7133908e-02
   7.5785876e-02
   7.4295647e-02
   7.4114228e-02
   7.2960011e-02
   7.1206180e-02
   7.1884717e-02
   7.1316678e-02
   7.0908079e-02
   7.1244386e-02
   6.9460626e-02
   6.9258784e-02
   6.8394738e-02
   6.8149231e-02
   6.6982556e-02
   6.6307600e-02
   6.5642381e-02
   6.5814020e-02
   6.4729761e-02
   6.3803428e-02
   6.3018596e-02
   6.2533417e-02
   6.1404911e-02
   6.0832284e-02
   5.9861490e-02
   5.8794396e-02
   5.7566187e-02
   5.6556104e-02
   5.5265870e-02
   5.4252357e-02
   5.3343530e-02
   5.2800782e-02
   5.2096134e-02
   5.1407654e-02
   5.0488589e-02
   4.9674342e-02
   4.8964997e-02
   4.8293653e-02
   4.7436459e-02
   4.6680747e-02
   4.5981479e-02
   4.5480893e-02
   4.4573149e-02
   4.3904934e-02
   4.3068158e-02
   4.2512642e-02
   4.2023886e-02
   4.1381170e-02
   4.1022077e-02
   4.0220258e-02
   3.9719861e-02
   3.9246044e-02
   3.8696179e-02
   3.8168158e-02
   3.7683572e-02
   3.7166828e-02
   3.6694355e-02
   3.6197426e-02
   3.5650469e-02
   3.5247206e-02
   3.4813034e-02
   3.4297936e-02
   3.3922724e-02
   3.3488410e-02
   3.3102940e-02
   3.2644049e-02
   3.2198419e-02
   3.1857866e-02
   3.1470037e-02
   3.1072171e-02
   3.0669205e-02
   3.0311132e-02
   2.9901875e-02
   2.9601633e-02
   2.9327737e-02
   2.9091146e-02
   2.8820088e-02
   2.8622177e-02
   2.8236573e-02
   2.7789014e-02
   2.7453228e-02
   2.7217497e-02
   2.6967029e-02
   2.6664968e-02
   2.6347738e-02
   2.6046833e-02
   2.5804447e-02
   2.5518841e-02
   2.5213021e-02
   2.4888761e-02
   2.4640310e-02
   2.4349161e-02
   2.4073539e-02
   2.3794828e-02
   2.3529569e-02
   2.3225636e-02
   2.3007209e-02
   2.2778907e-02
   2.2563814e-02
   2.2303915e-02
   2.2067044e-02
   2.1858483e-02
   2.1639494e-02
   2.1437754e-02
   2.1240590e-02
   2.1025211e-02
   2.0774332e-02
   2.0566975e-02
   2.0357246e-02
   2.0193160e-02
   1.9973123e-02
   1.9791346e-02
   1.9624023e-02
   1.9407169e-02
   1.9217229e-02
   1.9000746e-02
   1.8814020e-02
   1.8629765e-02
   1.8397164e-02
   1.8206465e-02
   1.7988921e-02
   1.7799918e-02
   1.7627841e-02
   1.7441055e-02
   1.7273539e-02
   1.7113667e-02
   1.6930380e-02
   1.6722088e-02
   1.6555219e-02
   1.6357366e-02
   1.6178021e-02
   1.5947383e-02
   1.5686701e-02
   1.5445225e-02
   1.5199773e-02
   1.4931065e-02
   1.4678422e-02
   1.4443038e-02
   1.4175055e-02
   1.3929525e-02
   1.3678138e-02
   1.3409766e-02
   1.3119966e-02
   1.2778029e-02
   1.2446893e-02
   1.2101759e-02
   1.1761084e-02
   1.1468888e-02
   1.1186207e-02
   1.0874697e-02
   1.0592956e-02
   1.0287426e-02
   1.0019971e-02
   9.7864641e-03
   9.5685708e-03
   9.3868399e-03
   9.2310650e-03
   9.1096858e-03
   8.9984523e-03
   8.8590583e-03
   8.7089270e-03
   8.5847189e-03
   8.4607817e-03
   8.3280019e-03
   8.2162384e-03
   8.1253317e-03
   8.0889383e-03
   8.0619582e-03
   8.0144354e-03
   7.9154025e-03
   7.7885584e-03
   7.6398120e-03
   7.4560795e-03
   7.2872234e-03
   7.1605092e-03
   7.0057117e-03
   6.8746312e-03
   6.7522145e-03
   6.6319228e-03
   6.5069853e-03
   6.4136582e-03
   6.3349194e-03
   6.2165462e-03
   6.0993512e-03
   5.9616530e-03
   5.8741207e-03
   5.7763260e-03
   5.7165448e-03
   5.6470624e-03
   5.5974160e-03
   5.5323348e-03
   5.4240919e-03
   5.3232170e-03
   5.2397555e-03
   5.1696298e-03
   5.0801520e-03
   4.9493552e-03
   4.7976541e-03
   4.7276580e-03
   4.6642596e-03
   4.5984959e-03
   4.5423125e-03
   4.4864968e-03
   4.4340386e-03
   4.3843616e-03
   4.3300604e-03
   4.2666429e-03
   4.1911028e-03
   4.1194476e-03
   4.0315918e-03
   3.9174782e-03
   3.7682564e-03
   3.6113060e-03
   3.5217839e-03
   3.4461145e-03
   3.3844371e-03
   3.3035618e-03
   3.2470806e-03
   3.1577931e-03
   3.0668086e-03
   2.9729287e-03
   2.9147502e-03
   2.8405673e-03
   2.7741763e-03
   2.7033132e-03
   2.6279034e-03
   2.5421203e-03
   2.4769951e-03
   2.4051928e-03
   2.3014702e-03
   2.1950186e-03
   2.0590606e-03
   1.9231194e-03
   1.8559537e-03
   1.8017463e-03
   1.7619237e-03
   1.6717911e-03
   1.6011959e-03
   1.5270106e-03
   1.4813166e-03
   1.4531748e-03
   1.4280697e-03
   1.4334101e-03
   1.4127692e-03
   1.3810770e-03
   1.3289590e-03
   1.3427721e-03
   1.3201444e-03
   1.2991252e-03
   1.2674201e-03
   1.2536372e-03
   1.2257001e-03
   1.1901744e-03
   1.1429694e-03
   1.1231838e-03
   1.0784019e-03
   1.0319885e-03
   9.6989738e-04
   8.9875999e-04
   8.3446289e-04
   7.4234046e-04
   6.1889023e-04
   3.7694436e-04
   3.0666082e-04
   3.7747743e-04
   4.6438002e-04
   5.5273412e-04
   5.9406193e-04
   6.0637682e-04
   6.0188346e-04
   6.0442526e-04
   5.8397918e-04
   5.5911766e-04
   5.2567565e-04
   4.7545582e-04
   4.3893977e-04
   4.2998645e-04
   3.9325217e-04
   3.5812171e-04
   3.1236322e-04
   3.0014332e-04
   2.5289337e-04
   2.3217234e-04
   1.8327340e-04
   1.9700819e-04
   1.4518575e-04
   1.2271140e-04
   9.1146348e-05
   5.3905830e-05
   7.2960145e-06
   6.9482272e-06
  -2.6935984e-05
  -4.0879423e-05
  -7.1314077e-05
  -1.3565935e-04
  -1.6925060e-04
  -1.8916277e-04
  -2.6088182e-04
  -2.8727082e-04
  -3.6703345e-04
  -3.7968735e-04
  -4.0605068e-04
  -4.5430122e-04
  -4.5687339e-04
  -4.9987327e-04
  -5.1853825e-04
  -5.4166569e-04
  -5.8855914e-04
  -5.5068151e-04
  -5.6960230e-04
  -6.3632055e-04
  -6.4512658e-04
  -7.1688507e-04
  -6.7851463e-04
  -6.8813542e-04
  -6.7400119e-04
  -7.1185419e-04
  -7.0554881e-04
  -7.1770392e-04
  -7.3878189e-04
  -7.9145950e-04
  -7.7032773e-04
  -7.7766712e-04
  -8.3228579e-04
  -8.5361168e-04
  -8.8638896e-04
  -8.8089599e-04
  -9.0125283e-04
  -9.1800076e-04
  -9.0995950e-04
  -9.3999436e-04
  -9.7599249e-04
  -9.8937371e-04
  -1.0557522e-03
  -1.0626575e-03
  -9.9521176e-04
  -1.0532885e-03
  -1.0963134e-03
  -1.1000485e-03
  -1.1270817e-03
  -1.1069466e-03
  -1.1384296e-03
  -1.1362336e-03
  -1.1879662e-03
  -1.2018913e-03
  -1.2290232e-03
  -1.2160262e-03
  -1.2346244e-03
  -1.3370061e-03
  -1.3234592e-03
  -1.2985139e-03
  -1.3339488e-03
  -1.2967503e-03
  -1.3620978e-03
  -1.4451247e-03
  -1.4590781e-03
  -1.5017934e-03
  -1.5332734e-03
  -1.6308352e-03
  -1.6189706e-03
  -1.6721476e-03
  -1.6424946e-03
  -1.6203692e-03
  -1.7064664e-03
  -1.6994472e-03
  -1.8109950e-03
  -1.8466921e-03
  -1.7112844e-03
  -1.7503183e-03
  -1.8089952e-03
  -1.8783003e-03
  -1.8692902e-03
  -1.8345290e-03
  -1.8757400e-03
  -1.8362461e-03
  -1.8546253e-03
  -1.8936481e-03
  -1.8433083e-03
  -1.9605145e-03
  -1.9839322e-03
  -2.0512693e-03
  -2.0659460e-03
  -1.7322371e-03
  -1.9035499e-03
  -1.6739386e-03
  -1.9190496e-03
  -1.9226938e-03
  -1.8083877e-03
  -2.1681114e-03
  -2.2395887e-03
  -2.1317927e-03
  -2.0771627e-03
  -1.8895721e-03
  -2.0286598e-03
  -2.4063187e-03
  -2.1114965e-03
  -2.3156874e-03
  -2.0850945e-03
  -2.2449457e-03
  -2.1441952e-03
  -2.2073891e-03
  -2.2073312e-03
  -1.9878946e-03
  -2.3072143e-03
  -2.2383181e-03
  -2.1673666e-03
  -2.2944327e-03
  -2.2956729e-03
  -2.1765951e-03
  -2.0509901e-03
  -2.0509901e-03
  -2.3775740e-03
  -2.2113080e-03
  -2.4190003e-03
  -2.4364777e-03
  -2.3368262e-03
  -2.1875678e-03
  -2.1573612e-03
  -2.1519307e-03
  -2.2612547e-03
  -2.3648297e-03
  -2.2165013e-03
  -2.1901122e-03
  -2.3298684e-03
  -2.2523145e-03
  -2.2473676e-03
  -2.2459095e-03
  -2.1766328e-03
  -2.0710908e-03
  -2.1529986e-03
  -2.1895926e-03
  -1.9329483e-03
  -2.3983046e-03
  -2.0566608e-03
  -1.9044308e-03
  -1.8799113e-03
  -1.7745062e-03
  -2.0363914e-03
  -2.1847447e-03
  -2.2028304e-03
  -2.6826564e-03
  -2.5029713e-03
  -2.4166015e-03
  -2.4518074e-03
  -2.3930871e-03
  -2.6326932e-03
  -2.7596859e-03
  -2.8071638e-03
  -2.7533501e-03
  -2.7205260e-03
  -2.7353315e-03
  -2.7735457e-03
  -2.8113642e-03
  -2.8344394e-03
  -2.8469632e-03
  -2.8739373e-03
  -2.9006851e-03
  -2.9149968e-03
  -2.9100792e-03
  -2.8994679e-03
  -2.8889036e-03
  -2.8832339e-03
  -2.8865797e-03
  -2.8938272e-03
  -2.9010624e-03
  -2.9049607e-03
  -2.9168272e-03
  -2.9389155e-03
  -2.9610768e-03
  -2.9730325e-03
  -2.9736863e-03
  -2.9751064e-03
  -2.9765318e-03
  -2.9773020e-03
  -2.9781007e-03
  -2.9825062e-03
  -3.0041062e-03
  -2.9879170e-03
  -2.9158246e-03
  -2.9073049e-03
  -2.9734309e-03
  -3.0141717e-03
  -3.0302938e-03
  -3.0859136e-03
  -3.0618928e-03
  -3.0756554e-03
  -3.1638877e-03
  -3.1194539e-03
  -3.0700229e-03
  -3.0896173e-03
  -3.0091089e-03
  -2.8247037e-03
  -2.7262425e-03
  -2.7298636e-03
  -2.8175750e-03
  -2.9246905e-03
  -2.9450733e-03
  -2.9322681e-03
  -3.0133693e-03
  -3.1471562e-03
  -3.3962412e-03
  -3.5344890e-03
  -3.5169172e-03
  -3.6308149e-03
  -3.5758763e-03
  -3.5868107e-03
  -3.7245853e-03
  -3.7121295e-03
  -3.6247517e-03
  -3.6167039e-03
  -3.6425374e-03
  -3.5839750e-03
  -3.5544992e-03
  -3.5485517e-03
  -3.4668936e-03
  -3.4498599e-03
  -3.3797946e-03
  -3.3343308e-03
  -3.3801203e-03
  -3.3943928e-03
  -3.3595803e-03
  -3.3763548e-03
  -3.3814792e-03
  -3.3520750e-03
  -3.3410329e-03
  -3.3093831e-03
  -3.3453264e-03
  -3.3813053e-03
  -3.4712886e-03
  -3.5287906e-03
  -3.5253219e-03
  -3.5864469e-03
  -3.6737614e-03
  -3.6973656e-03
  -3.7087612e-03
  -3.7165508e-03
  -3.7281141e-03
  -3.7112991e-03
  -3.7415355e-03
  -3.7551907e-03
  -3.7235357e-03
  -3.7144219e-03
  -3.6742408e-03
  -3.6620748e-03
  -3.6913539e-03
  -3.7147928e-03
  -3.7111581e-03
  -3.7228876e-03
  -3.7577054e-03
  -3.8264469e-03
  -3.8048611e-03
  -3.7624023e-03
  -3.9017923e-03
  -3.9977038e-03
  -4.0399333e-03
  -4.0922956e-03
  -4.0654575e-03
  -4.0463252e-03
  -4.0218333e-03
  -4.1933258e-03
  -4.1021729e-03
  -4.0131203e-03
  -4.1377053e-03
  -4.0613752e-03
  -4.4780264e-03
  -3.3632984e-03
  -3.3503036e-03
  -3.4562821e-03
  -3.5197227e-03
  -3.1024069e-03
  -2.1294570e-03
  -2.4038599e-03
  -2.3700214e-03
  -2.0727783e-03
  -3.1658792e-03
  -3.9405075e-03
  -4.2080764e-03
  -4.2254880e-03
  -3.6415945e-03
  -3.7940643e-03
  -4.3229943e-03
  -4.2924748e-03
  -4.2876841e-03
  -4.2432912e-03
  -4.1647713e-03
  -3.9797264e-03
  -3.8794495e-03
  -4.1992181e-03
  -4.4159674e-03
  -4.2180176e-03
  -4.1905194e-03
  -4.3431053e-03
  -4.1889393e-03
  -4.3010231e-03
  -4.4518246e-03
  -4.3768803e-03
  -4.2380760e-03
  -4.3216126e-03
  -4.3210429e-03
  -4.2258814e-03
  -4.2832225e-03
  -4.2967044e-03
  -4.2831980e-03
  -4.2332960e-03
  -4.2099747e-03
  -4.2538969e-03
  -4.2950740e-03
  -4.3130648e-03
  -4.2967281e-03
  -4.2825352e-03
  -4.2752400e-03
  -4.3376460e-03
  -4.3559340e-03
  -4.2926716e-03
  -4.3006742e-03
  -4.3283748e-03
  -4.3931466e-03
  -4.3841774e-03
  -4.2669906e-03
  -4.2913742e-03
  -4.3677768e-03
  -4.3325015e-03
  -4.3458904e-03
  -4.3624558e-03
  -4.3144252e-03
  -4.3142029e-03
  -4.3896216e-03
  -4.4298879e-03
  -4.4101496e-03
  -4.4057193e-03
  -4.4381817e-03
  -4.3983480e-03
  -4.3958361e-03
  -4.4064813e-03
  -4.3742655e-03
  -4.4521200e-03
  -4.4074219e-03
  -4.4444473e-03
  -4.5014271e-03
  -4.4550477e-03
  -4.3805795e-03
  -4.3532914e-03
  -4.3487064e-03
  -4.3730984e-03
  -4.3887689e-03
  -4.4842828e-03
  -4.4634528e-03
  -4.4700773e-03
  -4.5501978e-03
  -4.5599170e-03
  -4.5407453e-03
  -4.5871164e-03
  -4.6019129e-03
  -4.5881573e-03
  -4.5726407e-03
  -4.5085795e-03
  -4.5658976e-03
  -4.5893452e-03
  -4.4843004e-03
  -4.4615641e-03
  -4.5035504e-03
  -4.5664717e-03
  -4.6016618e-03
  -4.5686498e-03
  -4.6042270e-03
  -4.6552724e-03
  -4.6828499e-03
  -4.6820197e-03
  -4.7175469e-03
  -4.7091401e-03
  -4.6641663e-03
  -4.7330182e-03
  -4.7427239e-03
  -4.6429575e-03
  -4.6781145e-03
  -4.4741268e-03
  -4.5630854e-03
  -4.6944502e-03
  -4.8837903e-03
  -4.8126483e-03
  -4.6049443e-03
  -4.6572664e-03
  -4.9153709e-03
  -5.1630339e-03
  -4.8193808e-03
  -4.4718687e-03
  -5.1868264e-03
  -4.7132913e-03
  -4.2779055e-03
  -5.4817659e-03
  -6.4533265e-03
  -5.1483610e-03
  -4.0109729e-03
  -4.0137803e-03
  -5.5889583e-03
  -7.8122278e-03
  -6.9311581e-03
  -5.8122470e-03
  -5.9510259e-03
  -6.5684898e-03
  -6.5820393e-03
  -6.5411229e-03
  -6.9727849e-03
  -8.5807430e-03
  -1.1237484e-02
  -1.0795523e-02
  -9.9400150e-03
  -8.0361369e-03
  -7.0911942e-03
  -9.1201346e-03
  -6.3835421e-03
  -5.8719539e-03
  -9.9449933e-03
  -2.1066208e-02
