   1.9161679e-02
   1.3630742e-02
   1.8159245e-02
   1.7328944e-02
   2.0004616e-02
   1.9820673e-02
   1.5294101e-02
   2.4234477e-02
   2.4872647e-02
   2.6126223e-02
   2.0211619e-02
   2.4933926e-02
   2.7687255e-02
   3.3327237e-02
   3.9764723e-02
   5.9177200e-02
   7.0821841e-02
   8.2129360e-02
   9.3672389e-02
   1.0008271e-01
   1.1731876e-01
   1.1560607e-01
   1.2928196e-01
   1.3458601e-01
   1.4170453e-01
   1.4676811e-01
   1.4469465e-01
   1.5316463e-01
   1.5382655e-01
   1.5453225e-01
   1.5650418e-01
   1.5630444e-01
   1.6318739e-01
   1.5592792e-01
   1.5899261e-01
   1.6209965e-01
   1.5653123e-01
   1.5726608e-01
   1.5537200e-01
   1.5470994e-01
   1.5301810e-01
   1.5801919e-01
   1.6065596e-01
   1.6226877e-01
   1.5992470e-01
   1.5804177e-01
   1.4063218e-01
   1.4076825e-01
   1.4178114e-01
   1.3971143e-01
   1.4228311e-01
   1.4329108e-01
   1.4215669e-01
   1.4229748e-01
   1.4354301e-01
   1.4100540e-01
   1.3808563e-01
   1.3761451e-01
   1.3538594e-01
   1.3204135e-01
   1.3299104e-01
   1.3188515e-01
   1.3106741e-01
   1.3161492e-01
   1.2813650e-01
   1.2774777e-01
   1.2583735e-01
   1.2519123e-01
   1.2289443e-01
   1.2151262e-01
   1.2021474e-01
   1.2042830e-01
   1.1835313e-01
   1.1650273e-01
   1.1489112e-01
   1.1387982e-01
   1.1171949e-01
   1.1057631e-01
   1.0871099e-01
   1.0660559e-01
   1.0423845e-01
   1.0218270e-01
   9.9661800e-02
   9.7733408e-02
   9.5995758e-02
   9.4885730e-02
   9.3510507e-02
   9.2127999e-02
   9.0330582e-02
   8.8759815e-02
   8.7328471e-02
   8.5984537e-02
   8.4343736e-02
   8.2809191e-02
   8.1382796e-02
   8.0270927e-02
   7.8492111e-02
   7.7105404e-02
   7.5534103e-02
   7.4405274e-02
   7.3402728e-02
   7.2095794e-02
   7.1295961e-02
   6.9757151e-02
   6.8704416e-02
   6.7711691e-02
   6.6567791e-02
   6.5453955e-02
   6.4427904e-02
   6.3353157e-02
   6.2364230e-02
   6.1344855e-02
   6.0190169e-02
   5.9381002e-02
   5.8455914e-02
   5.7409849e-02
   5.6605502e-02
   5.5704117e-02
   5.4921956e-02
   5.3950700e-02
   5.3070299e-02
   5.2322413e-02
   5.1511627e-02
   5.0652922e-02
   4.9800173e-02
   4.9034319e-02
   4.8167441e-02
   4.7471895e-02
   4.6859213e-02
   4.6281292e-02
   4.5698797e-02
   4.5091198e-02
   4.4274133e-02
   4.3403490e-02
   4.2697744e-02
   4.2189095e-02
   4.1652170e-02
   4.1009755e-02
   4.0337474e-02
   3.9705007e-02
   3.9181573e-02
   3.8589695e-02
   3.7959115e-02
   3.7299285e-02
   3.6781363e-02
   3.6190785e-02
   3.5690223e-02
   3.5151505e-02
   3.4686122e-02
   3.4109686e-02
   3.3696269e-02
   3.3213830e-02
   3.2734890e-02
   3.2175757e-02
   3.1665938e-02
   3.1220560e-02
   3.0735623e-02
   3.0313930e-02
   2.9871347e-02
   2.9402359e-02
   2.8926298e-02
   2.8485851e-02
   2.8044989e-02
   2.7688206e-02
   2.7266271e-02
   2.6906892e-02
   2.6522711e-02
   2.6114507e-02
   2.5729106e-02
   2.5335609e-02
   2.4948241e-02
   2.4640621e-02
   2.4214005e-02
   2.3878403e-02
   2.3474058e-02
   2.3124152e-02
   2.2776165e-02
   2.2396002e-02
   2.2098188e-02
   2.1746544e-02
   2.1390075e-02
   2.1042468e-02
   2.0733367e-02
   2.0390575e-02
   2.0079016e-02
   1.9725965e-02
   1.9338055e-02
   1.9000061e-02
   1.8677224e-02
   1.8324651e-02
   1.8039384e-02
   1.7804047e-02
   1.7514847e-02
   1.7265562e-02
   1.7076660e-02
   1.6897559e-02
   1.6639429e-02
   1.6330889e-02
   1.6057451e-02
   1.5720924e-02
   1.5391774e-02
   1.5132509e-02
   1.4921759e-02
   1.4679837e-02
   1.4504105e-02
   1.4259740e-02
   1.4088183e-02
   1.3908069e-02
   1.3698899e-02
   1.3500515e-02
   1.3307040e-02
   1.3117995e-02
   1.2966948e-02
   1.2773288e-02
   1.2574850e-02
   1.2374068e-02
   1.2211331e-02
   1.2043503e-02
   1.1831156e-02
   1.1731675e-02
   1.1688898e-02
   1.1667754e-02
   1.1587462e-02
   1.1431932e-02
   1.1283969e-02
   1.1000216e-02
   1.0686362e-02
   1.0449827e-02
   1.0244689e-02
   9.9622249e-03
   9.7439294e-03
   9.5365340e-03
   9.3755806e-03
   9.1468484e-03
   8.9779871e-03
   8.9026796e-03
   8.6777922e-03
   8.5545430e-03
   8.3689436e-03
   8.2171282e-03
   8.0798249e-03
   7.9749383e-03
   7.8984787e-03
   7.8618030e-03
   7.8235188e-03
   7.6713223e-03
   7.5410377e-03
   7.4273214e-03
   7.3470320e-03
   7.2283469e-03
   7.0335598e-03
   6.8010815e-03
   6.6634618e-03
   6.5664475e-03
   6.4419106e-03
   6.3231033e-03
   6.2092193e-03
   6.0892671e-03
   5.9702680e-03
   5.8927889e-03
   5.7811720e-03
   5.6100530e-03
   5.5401794e-03
   5.3736330e-03
   5.2569662e-03
   4.9932946e-03
   4.8191253e-03
   4.7174583e-03
   4.6720568e-03
   4.5861248e-03
   4.5200754e-03
   4.4284646e-03
   4.3693245e-03
   4.3261231e-03
   4.1812234e-03
   4.1282223e-03
   4.0896905e-03
   3.9827253e-03
   3.9152928e-03
   3.8844166e-03
   3.7268008e-03
   3.7204964e-03
   3.6138631e-03
   3.5172242e-03
   3.4321148e-03
   3.2783960e-03
   3.0911694e-03
   3.0495826e-03
   2.9420788e-03
   2.9350434e-03
   2.8849222e-03
   2.7324487e-03
   2.6653280e-03
   2.5473823e-03
   2.6056946e-03
   2.5613770e-03
   2.5704769e-03
   2.5019108e-03
   2.4280377e-03
   2.4218453e-03
   2.4089441e-03
   2.4013606e-03
   2.3238340e-03
   2.2482679e-03
   2.2577629e-03
   2.2373165e-03
   2.1980167e-03
   2.0565135e-03
   1.9606315e-03
   1.9644836e-03
   1.8042816e-03
   1.6934809e-03
   1.5580063e-03
   1.4562339e-03
   1.2291493e-03
   1.0150372e-03
   6.4603874e-04
   6.2239451e-04
   7.5221146e-04
   8.5193176e-04
   9.6942235e-04
   1.0438809e-03
   1.0952151e-03
   1.1274240e-03
   1.0647958e-03
   1.0153511e-03
   9.5749376e-04
   9.2370954e-04
   7.8949233e-04
   8.0886143e-04
   7.3659934e-04
   6.4819505e-04
   6.8181098e-04
   5.3696749e-04
   4.8621931e-04
   4.7741590e-04
   3.7011886e-04
   2.5463844e-04
   2.3068908e-04
   2.1913722e-04
   1.9811657e-04
  -1.3474306e-05
   2.8990557e-05
   3.0795852e-05
  -1.0484962e-04
  -1.3340274e-04
  -2.3952447e-04
  -2.7480617e-04
  -2.8933455e-04
  -3.8373020e-04
  -4.2415580e-04
  -5.1319799e-04
  -5.9973547e-04
  -6.7638847e-04
  -5.6274891e-04
  -7.7689376e-04
  -6.3803993e-04
  -8.0502210e-04
  -6.9798770e-04
  -9.5591055e-04
  -9.8691869e-04
  -1.0296209e-03
  -8.7279253e-04
  -1.0624062e-03
  -1.0416630e-03
  -1.0379715e-03
  -1.1099010e-03
  -1.2125345e-03
  -1.1714035e-03
  -1.0813318e-03
  -1.1783461e-03
  -1.2063536e-03
  -1.1501087e-03
  -1.2480850e-03
  -1.3188941e-03
  -1.3320025e-03
  -1.3096524e-03
  -1.4584459e-03
  -1.3515870e-03
  -1.5006215e-03
  -1.4653502e-03
  -1.4147715e-03
  -1.4837219e-03
  -1.5259275e-03
  -1.5306136e-03
  -1.5881472e-03
  -1.7098556e-03
  -1.8038586e-03
  -1.7951065e-03
  -1.6554570e-03
  -1.8627910e-03
  -1.6608328e-03
  -1.9722344e-03
  -1.8101498e-03
  -2.1735779e-03
  -1.9231859e-03
  -1.8529856e-03
  -2.1559838e-03
  -1.9953599e-03
  -1.9461952e-03
  -2.0817338e-03
  -1.9942553e-03
  -2.0756412e-03
  -2.1588503e-03
  -2.1795950e-03
  -2.1630988e-03
  -2.1860908e-03
  -2.3128706e-03
  -2.3447152e-03
  -2.2653746e-03
  -2.3875959e-03
  -2.7677313e-03
  -2.8107795e-03
  -2.3699999e-03
  -2.5591438e-03
  -2.6766375e-03
  -2.6704546e-03
  -2.8242290e-03
  -2.6144054e-03
  -3.0546806e-03
  -2.9887665e-03
  -2.8062671e-03
  -2.8327380e-03
  -2.8180435e-03
  -3.4144108e-03
  -3.3000980e-03
  -3.0588738e-03
  -3.1583436e-03
  -3.2967332e-03
  -3.2800110e-03
  -3.4394069e-03
  -3.4690338e-03
  -3.8773247e-03
  -3.4525511e-03
  -3.6165824e-03
  -3.5845183e-03
  -2.8719029e-03
  -3.4535539e-03
  -3.2734109e-03
  -3.6419903e-03
  -4.2270717e-03
  -3.3629851e-03
  -3.8855203e-03
  -4.1588144e-03
  -3.8887253e-03
  -4.2023750e-03
  -4.1790949e-03
  -4.8619206e-03
  -4.0803288e-03
  -4.4825138e-03
  -4.3091757e-03
  -3.6937855e-03
  -4.8511930e-03
  -3.8607498e-03
  -4.6132600e-03
  -4.4077356e-03
  -4.8626721e-03
  -4.7094162e-03
  -4.1603260e-03
  -4.3213162e-03
  -4.7392500e-03
  -4.4997640e-03
  -4.9693473e-03
  -4.3412024e-03
  -4.3412024e-03
  -4.4874839e-03
  -4.4448066e-03
  -5.2852674e-03
  -5.3559753e-03
  -5.0217675e-03
  -4.9714586e-03
  -4.3603348e-03
  -4.2504506e-03
  -5.1662709e-03
  -5.0254302e-03
  -4.6885789e-03
  -4.6286510e-03
  -6.1058654e-03
  -4.1390245e-03
  -4.6779732e-03
  -4.8372075e-03
  -5.8642609e-03
  -4.8592829e-03
  -5.0143365e-03
  -5.0836120e-03
  -5.8744561e-03
  -3.9168889e-03
  -5.1838163e-03
  -5.7483172e-03
  -4.3328467e-03
  -4.2174084e-03
  -4.5111584e-03
  -4.6534906e-03
  -4.5940437e-03
  -4.0658529e-03
  -3.8104314e-03
  -3.7335623e-03
  -4.4095890e-03
  -4.3146244e-03
  -4.5439202e-03
  -4.6808694e-03
  -4.8266354e-03
  -4.9815158e-03
  -5.0759914e-03
  -5.0526559e-03
  -4.9924163e-03
  -4.9328008e-03
  -4.8964201e-03
  -4.9229351e-03
  -4.9800349e-03
  -5.0366635e-03
  -5.0669629e-03
  -5.0938325e-03
  -5.1518798e-03
  -5.2096614e-03
  -5.2406695e-03
  -5.2542291e-03
  -5.2835848e-03
  -5.3129111e-03
  -5.3286938e-03
  -5.3122512e-03
  -5.2816548e-03
  -5.2509705e-03
  -5.2344022e-03
  -5.2104813e-03
  -5.1584981e-03
  -5.1063048e-03
  -5.0781158e-03
  -5.0945587e-03
  -5.1854745e-03
  -5.4229683e-03
  -5.4232428e-03
  -5.4479005e-03
  -5.3467972e-03
  -5.1271394e-03
  -5.2046948e-03
  -5.3660115e-03
  -5.5861714e-03
  -5.5433940e-03
  -5.4329667e-03
  -5.5744634e-03
  -5.6452696e-03
  -5.4911297e-03
  -5.4906138e-03
  -5.4482984e-03
  -5.0372697e-03
  -4.8782341e-03
  -5.2631389e-03
  -5.4333708e-03
  -5.5606417e-03
  -5.5055754e-03
  -5.1302509e-03
  -5.2713395e-03
  -5.6875695e-03
  -5.9361276e-03
  -5.9904692e-03
  -6.0767960e-03
  -6.2620669e-03
  -6.1534539e-03
  -6.2476382e-03
  -6.4050462e-03
  -6.4425404e-03
  -6.2260737e-03
  -6.2881444e-03
  -6.5615871e-03
  -6.2859636e-03
  -6.2903186e-03
  -6.3713638e-03
  -6.2182398e-03
  -6.2777045e-03
  -5.9758091e-03
  -5.8779512e-03
  -6.0454304e-03
  -5.9639065e-03
  -5.8723268e-03
  -6.1626599e-03
  -6.3249260e-03
  -6.0192203e-03
  -5.8250175e-03
  -5.9238570e-03
  -6.0905468e-03
  -6.0727189e-03
  -6.2279852e-03
  -6.4090736e-03
  -6.4992807e-03
  -6.6203283e-03
  -6.6032080e-03
  -6.5843310e-03
  -6.7004751e-03
  -6.6439005e-03
  -6.7544305e-03
  -6.7302755e-03
  -6.7193653e-03
  -6.8472202e-03
  -6.8035074e-03
  -6.6618353e-03
  -6.6892080e-03
  -6.7488494e-03
  -6.6794959e-03
  -6.7183526e-03
  -6.7867510e-03
  -6.7801961e-03
  -6.7028719e-03
  -6.8507514e-03
  -6.8399270e-03
  -6.8924007e-03
  -7.0938481e-03
  -7.0999407e-03
  -6.9751306e-03
  -7.0847728e-03
  -7.5267627e-03
  -7.8417386e-03
  -7.7137779e-03
  -8.5527940e-03
  -7.6897544e-03
  -7.2956315e-03
  -7.5499387e-03
  -6.3405918e-03
  -8.6859755e-03
  -7.5673111e-03
  -7.0370092e-03
  -5.3964582e-03
   3.0195586e-04
  -1.0697943e-04
  -4.5106039e-03
  -4.9205558e-03
  -4.9195268e-03
  -4.9845009e-03
  -5.5789687e-03
  -6.8535519e-03
  -8.0341412e-03
  -8.1524235e-03
  -7.6059793e-03
  -8.2853747e-03
  -8.3431187e-03
  -7.5258700e-03
  -6.5026494e-03
  -6.4828941e-03
  -7.4849770e-03
  -7.7851003e-03
  -7.3295671e-03
  -7.5894209e-03
  -7.8319593e-03
  -7.5360915e-03
  -7.5063094e-03
  -7.4079991e-03
  -7.3312040e-03
  -7.2770393e-03
  -7.3298464e-03
  -7.5946185e-03
  -7.5354849e-03
  -7.5713615e-03
  -7.6683468e-03
  -7.4279266e-03
  -7.3488060e-03
  -7.5266422e-03
  -7.6513459e-03
  -7.6944311e-03
  -7.6013130e-03
  -7.4252256e-03
  -7.5698017e-03
  -7.6915643e-03
  -7.6239973e-03
  -7.5181643e-03
  -7.7378165e-03
  -7.8967180e-03
  -7.8975229e-03
  -7.6037587e-03
  -7.4866220e-03
  -7.6725479e-03
  -7.7156835e-03
  -7.7547836e-03
  -7.6385755e-03
  -7.6819082e-03
  -7.8330472e-03
  -7.7923017e-03
  -7.7002449e-03
  -7.8386306e-03
  -7.8445212e-03
  -7.6710352e-03
  -7.7872588e-03
  -7.7743880e-03
  -7.7865864e-03
  -7.9472462e-03
  -7.9409857e-03
  -7.8559416e-03
  -7.7894055e-03
  -7.7161812e-03
  -7.7684455e-03
  -7.8221028e-03
  -7.7986220e-03
  -7.9394090e-03
  -8.0045308e-03
  -7.9157268e-03
  -7.7424774e-03
  -7.6586510e-03
  -7.7229351e-03
  -7.8306300e-03
  -7.7945469e-03
  -8.1084079e-03
  -8.0982527e-03
  -7.8961073e-03
  -7.9911836e-03
  -7.9630958e-03
  -7.8900828e-03
  -7.9437911e-03
  -8.1172361e-03
  -8.1903849e-03
  -7.9388624e-03
  -8.1075310e-03
  -8.0984351e-03
  -8.0641572e-03
  -8.0333235e-03
  -7.8812543e-03
  -8.0828064e-03
  -7.9462850e-03
  -8.0705739e-03
  -8.1838351e-03
  -8.1114740e-03
  -7.8145530e-03
  -7.9911080e-03
  -8.1044557e-03
  -8.2205720e-03
  -8.3632853e-03
  -8.1651387e-03
  -8.3124111e-03
  -8.5026923e-03
  -8.0977037e-03
  -7.8806819e-03
  -7.7913042e-03
  -8.3050711e-03
  -8.5120476e-03
  -8.4457877e-03
  -8.1052228e-03
  -7.6681633e-03
  -8.1630439e-03
  -8.0268981e-03
  -8.9695650e-03
  -8.7565205e-03
  -7.4118808e-03
  -7.6892896e-03
  -9.1186913e-03
  -8.5515252e-03
  -9.0000546e-03
  -6.3102480e-03
  -8.5075691e-03
  -7.9515252e-03
  -7.8848585e-03
  -8.0999123e-03
  -1.3489519e-02
  -1.6447511e-02
  -1.2747181e-02
  -1.4168504e-02
  -8.3270354e-03
  -8.1472699e-03
  -8.5515252e-03
  -8.3697070e-03
  -8.8924343e-03
  -2.1171597e-02
  -2.7380589e-02
  -1.4594547e-02
  -2.6069888e-02
  -1.9935671e-02
  -2.1514214e-02
  -1.3725572e-02
  -1.7871321e-02
  -2.7790448e-02
  -3.9943321e-02
