  -4.1931043e-03
  -7.0658040e-03
  -5.3210063e-03
  -4.1952030e-03
  -3.4971646e-03
  -3.6868441e-03
  -5.3051871e-03
  -2.4658622e-03
  -2.6861116e-03
  -1.5649886e-03
  -1.8247703e-03
  -1.3029948e-03
   7.8549334e-04
   3.5281715e-03
   6.0631399e-03
   1.6915025e-02
   2.2941094e-02
   2.8191843e-02
   3.4985878e-02
   3.8287416e-02
   4.7279087e-02
   4.6250032e-02
   5.3448190e-02
   5.6364833e-02
   6.0153229e-02
   6.2755031e-02
   6.1726673e-02
   6.6224503e-02
   6.6739831e-02
   6.6963575e-02
   6.8113121e-02
   6.8044278e-02
   7.1704835e-02
   6.7817434e-02
   6.9631383e-02
   7.1223927e-02
   6.8337767e-02
   6.8800824e-02
   6.7789250e-02
   6.7470834e-02
   6.6621761e-02
   6.9316682e-02
   7.0838997e-02
   7.1783990e-02
   7.0528541e-02
   6.9674303e-02
   6.0218995e-02
   6.0375965e-02
   6.0972926e-02
   5.9937723e-02
   6.1423260e-02
   6.1955179e-02
   6.1378516e-02
   6.1548421e-02
   6.2315236e-02
   6.0967204e-02
   5.9476975e-02
   5.9295556e-02
   5.8141339e-02
   5.6387508e-02
   5.7066045e-02
   5.6498006e-02
   5.6089407e-02
   5.6425714e-02
   5.4641954e-02
   5.4440112e-02
   5.3576066e-02
   5.3330559e-02
   5.2163884e-02
   5.1488928e-02
   5.0823709e-02
   5.0995348e-02
   4.9911089e-02
   4.8984756e-02
   4.8199924e-02
   4.7714745e-02
   4.6586239e-02
   4.6013612e-02
   4.5042818e-02
   4.3975724e-02
   4.2747515e-02
   4.1737432e-02
   4.0447198e-02
   3.9433685e-02
   3.8524858e-02
   3.7982110e-02
   3.7277462e-02
   3.6588982e-02
   3.5669917e-02
   3.4855670e-02
   3.4146325e-02
   3.3474981e-02
   3.2617787e-02
   3.1862075e-02
   3.1162807e-02
   3.0662221e-02
   2.9754477e-02
   2.9086262e-02
   2.8249486e-02
   2.7693970e-02
   2.7205214e-02
   2.6562498e-02
   2.6203405e-02
   2.5401586e-02
   2.4901189e-02
   2.4427372e-02
   2.3877507e-02
   2.3349486e-02
   2.2864900e-02
   2.2348156e-02
   2.1875683e-02
   2.1378754e-02
   2.0831797e-02
   2.0428534e-02
   1.9994362e-02
   1.9479263e-02
   1.9104052e-02
   1.8669738e-02
   1.8284268e-02
   1.7825377e-02
   1.7379747e-02
   1.7039194e-02
   1.6651365e-02
   1.6253499e-02
   1.5850533e-02
   1.5492460e-02
   1.5083203e-02
   1.4782961e-02
   1.4509065e-02
   1.4272474e-02
   1.4001416e-02
   1.3803505e-02
   1.3417901e-02
   1.2970342e-02
   1.2634556e-02
   1.2398825e-02
   1.2148357e-02
   1.1846296e-02
   1.1529066e-02
   1.1228161e-02
   1.0985775e-02
   1.0700169e-02
   1.0394349e-02
   1.0070089e-02
   9.8216376e-03
   9.5304893e-03
   9.2548672e-03
   8.9761558e-03
   8.7108967e-03
   8.4069641e-03
   8.1885367e-03
   7.9602355e-03
   7.7451423e-03
   7.4852430e-03
   7.2483724e-03
   7.0398106e-03
   6.8208219e-03
   6.6190819e-03
   6.4219177e-03
   6.2065387e-03
   5.9556602e-03
   5.7483034e-03
   5.5385741e-03
   5.3744879e-03
   5.1544508e-03
   4.9726743e-03
   4.8053514e-03
   4.5884969e-03
   4.3985571e-03
   4.1820739e-03
   3.9953476e-03
   3.8110932e-03
   3.5784915e-03
   3.3877932e-03
   3.1702493e-03
   2.9812463e-03
   2.8091693e-03
   2.6223826e-03
   2.4548666e-03
   2.2949948e-03
   2.1117078e-03
   1.9034156e-03
   1.7365469e-03
   1.5386939e-03
   1.3593488e-03
   1.1287111e-03
   8.6802914e-04
   6.2655264e-04
   3.8110085e-04
   1.1239319e-04
  -1.4025019e-04
  -3.7563401e-04
  -6.4361721e-04
  -8.8914703e-04
  -1.1405345e-03
  -1.4089060e-03
  -1.6987064e-03
  -2.0406426e-03
  -2.3717790e-03
  -2.7169128e-03
  -3.0575883e-03
  -3.3497840e-03
  -3.6324647e-03
  -3.9439750e-03
  -4.2257162e-03
  -4.5312462e-03
  -4.7987011e-03
  -5.0322079e-03
  -5.2501012e-03
  -5.4318321e-03
  -5.5876070e-03
  -5.7089862e-03
  -5.8202197e-03
  -5.9596137e-03
  -6.1097450e-03
  -6.2339531e-03
  -6.3578903e-03
  -6.4906701e-03
  -6.6024336e-03
  -6.6933403e-03
  -6.7297337e-03
  -6.7567138e-03
  -6.8042366e-03
  -6.9032695e-03
  -7.0301136e-03
  -7.1788600e-03
  -7.3625925e-03
  -7.5314486e-03
  -7.6581628e-03
  -7.8129603e-03
  -7.9440408e-03
  -8.0664575e-03
  -8.1867493e-03
  -8.3116867e-03
  -8.4050138e-03
  -8.4837526e-03
  -8.6021258e-03
  -8.7193208e-03
  -8.8570190e-03
  -8.9445513e-03
  -9.0423460e-03
  -9.1021272e-03
  -9.1716096e-03
  -9.2212560e-03
  -9.2863372e-03
  -9.3945801e-03
  -9.4954550e-03
  -9.5789165e-03
  -9.6490422e-03
  -9.7385200e-03
  -9.8693168e-03
  -1.0021018e-02
  -1.0091014e-02
  -1.0154412e-02
  -1.0220176e-02
  -1.0276359e-02
  -1.0332175e-02
  -1.0384633e-02
  -1.0434310e-02
  -1.0488612e-02
  -1.0552029e-02
  -1.0627569e-02
  -1.0699224e-02
  -1.0787080e-02
  -1.0901194e-02
  -1.1050416e-02
  -1.1207366e-02
  -1.1296888e-02
  -1.1372558e-02
  -1.1434235e-02
  -1.1515110e-02
  -1.1571591e-02
  -1.1660879e-02
  -1.1751863e-02
  -1.1845743e-02
  -1.1903922e-02
  -1.1978105e-02
  -1.2044496e-02
  -1.2115359e-02
  -1.2190769e-02
  -1.2276552e-02
  -1.2341677e-02
  -1.2413479e-02
  -1.2517202e-02
  -1.2623653e-02
  -1.2759611e-02
  -1.2895553e-02
  -1.2962718e-02
  -1.3016926e-02
  -1.3056748e-02
  -1.3146881e-02
  -1.3217476e-02
  -1.3291661e-02
  -1.3337355e-02
  -1.3365497e-02
  -1.3390602e-02
  -1.3385262e-02
  -1.3405903e-02
  -1.3437595e-02
  -1.3489713e-02
  -1.3475900e-02
  -1.3498528e-02
  -1.3519547e-02
  -1.3551252e-02
  -1.3565035e-02
  -1.3592972e-02
  -1.3628498e-02
  -1.3675703e-02
  -1.3695488e-02
  -1.3740270e-02
  -1.3786683e-02
  -1.3848775e-02
  -1.3919912e-02
  -1.3984209e-02
  -1.4076332e-02
  -1.4199782e-02
  -1.4441728e-02
  -1.4512011e-02
  -1.4441195e-02
  -1.4354292e-02
  -1.4265938e-02
  -1.4224610e-02
  -1.4212295e-02
  -1.4216789e-02
  -1.4214247e-02
  -1.4234693e-02
  -1.4259554e-02
  -1.4292996e-02
  -1.4343216e-02
  -1.4379732e-02
  -1.4388686e-02
  -1.4425420e-02
  -1.4460550e-02
  -1.4506309e-02
  -1.4518529e-02
  -1.4565779e-02
  -1.4586500e-02
  -1.4635399e-02
  -1.4621664e-02
  -1.4673486e-02
  -1.4695961e-02
  -1.4727526e-02
  -1.4764766e-02
  -1.4811376e-02
  -1.4811724e-02
  -1.4845608e-02
  -1.4859551e-02
  -1.4889986e-02
  -1.4954331e-02
  -1.4987923e-02
  -1.5007835e-02
  -1.5079554e-02
  -1.5105943e-02
  -1.5185705e-02
  -1.5198359e-02
  -1.5224723e-02
  -1.5272973e-02
  -1.5275545e-02
  -1.5318545e-02
  -1.5337210e-02
  -1.5360338e-02
  -1.5407231e-02
  -1.5369354e-02
  -1.5388274e-02
  -1.5454993e-02
  -1.5463799e-02
  -1.5535557e-02
  -1.5497187e-02
  -1.5506807e-02
  -1.5492673e-02
  -1.5530526e-02
  -1.5524221e-02
  -1.5536376e-02
  -1.5557454e-02
  -1.5610131e-02
  -1.5589000e-02
  -1.5596339e-02
  -1.5650958e-02
  -1.5672284e-02
  -1.5705061e-02
  -1.5699568e-02
  -1.5719925e-02
  -1.5736673e-02
  -1.5728632e-02
  -1.5758666e-02
  -1.5794664e-02
  -1.5808046e-02
  -1.5874424e-02
  -1.5881329e-02
  -1.5813884e-02
  -1.5871961e-02
  -1.5914985e-02
  -1.5918720e-02
  -1.5945754e-02
  -1.5925619e-02
  -1.5957102e-02
  -1.5954906e-02
  -1.6006638e-02
  -1.6020563e-02
  -1.6047695e-02
  -1.6034698e-02
  -1.6053296e-02
  -1.6155678e-02
  -1.6142131e-02
  -1.6117186e-02
  -1.6152621e-02
  -1.6115422e-02
  -1.6180770e-02
  -1.6263797e-02
  -1.6277750e-02
  -1.6320465e-02
  -1.6351945e-02
  -1.6449507e-02
  -1.6437643e-02
  -1.6490820e-02
  -1.6461167e-02
  -1.6439041e-02
  -1.6525138e-02
  -1.6518119e-02
  -1.6629667e-02
  -1.6665364e-02
  -1.6529956e-02
  -1.6568990e-02
  -1.6627667e-02
  -1.6696972e-02
  -1.6687962e-02
  -1.6653201e-02
  -1.6694412e-02
  -1.6654918e-02
  -1.6673297e-02
  -1.6712320e-02
  -1.6661980e-02
  -1.6779187e-02
  -1.6802604e-02
  -1.6869941e-02
  -1.6884618e-02
  -1.6550909e-02
  -1.6722222e-02
  -1.6492611e-02
  -1.6737722e-02
  -1.6741366e-02
  -1.6627060e-02
  -1.6986783e-02
  -1.7058261e-02
  -1.6950465e-02
  -1.6895835e-02
  -1.6708244e-02
  -1.6847332e-02
  -1.7224991e-02
  -1.6930168e-02
  -1.7134359e-02
  -1.6903766e-02
  -1.7063618e-02
  -1.6962867e-02
  -1.7026061e-02
  -1.7026003e-02
  -1.6806567e-02
  -1.7125886e-02
  -1.7056990e-02
  -1.6986039e-02
  -1.7113105e-02
  -1.7114345e-02
  -1.6995267e-02
  -1.6869662e-02
  -1.6869662e-02
  -1.7196246e-02
  -1.7029980e-02
  -1.7237672e-02
  -1.7255150e-02
  -1.7155498e-02
  -1.7006240e-02
  -1.6976033e-02
  -1.6970603e-02
  -1.7079927e-02
  -1.7183502e-02
  -1.7035173e-02
  -1.7008784e-02
  -1.7148540e-02
  -1.7070986e-02
  -1.7066040e-02
  -1.7064582e-02
  -1.6995305e-02
  -1.6889763e-02
  -1.6971671e-02
  -1.7008265e-02
  -1.6751620e-02
  -1.7216977e-02
  -1.6875333e-02
  -1.6723103e-02
  -1.6698583e-02
  -1.6593178e-02
  -1.6855063e-02
  -1.7003417e-02
  -1.7021502e-02
  -1.7501328e-02
  -1.7321643e-02
  -1.7235274e-02
  -1.7270479e-02
  -1.7211759e-02
  -1.7451365e-02
  -1.7578358e-02
  -1.7625836e-02
  -1.7572022e-02
  -1.7539198e-02
  -1.7554003e-02
  -1.7592218e-02
  -1.7630036e-02
  -1.7653111e-02
  -1.7665635e-02
  -1.7692609e-02
  -1.7719357e-02
  -1.7733669e-02
  -1.7728751e-02
  -1.7718140e-02
  -1.7707576e-02
  -1.7701906e-02
  -1.7705252e-02
  -1.7712499e-02
  -1.7719734e-02
  -1.7723633e-02
  -1.7735499e-02
  -1.7757587e-02
  -1.7779749e-02
  -1.7791705e-02
  -1.7792358e-02
  -1.7793778e-02
  -1.7795204e-02
  -1.7795974e-02
  -1.7796773e-02
  -1.7801178e-02
  -1.7822778e-02
  -1.7806589e-02
  -1.7734497e-02
  -1.7725977e-02
  -1.7792103e-02
  -1.7832844e-02
  -1.7848966e-02
  -1.7904586e-02
  -1.7880565e-02
  -1.7894327e-02
  -1.7982560e-02
  -1.7938126e-02
  -1.7888695e-02
  -1.7908289e-02
  -1.7827781e-02
  -1.7643376e-02
  -1.7544915e-02
  -1.7548536e-02
  -1.7636247e-02
  -1.7743362e-02
  -1.7763745e-02
  -1.7750940e-02
  -1.7832041e-02
  -1.7965828e-02
  -1.8214913e-02
  -1.8353161e-02
  -1.8335589e-02
  -1.8449487e-02
  -1.8394548e-02
  -1.8405483e-02
  -1.8543257e-02
  -1.8530801e-02
  -1.8443424e-02
  -1.8435376e-02
  -1.8461209e-02
  -1.8402647e-02
  -1.8373171e-02
  -1.8367224e-02
  -1.8285566e-02
  -1.8268532e-02
  -1.8198467e-02
  -1.8153003e-02
  -1.8198792e-02
  -1.8213065e-02
  -1.8178252e-02
  -1.8195027e-02
  -1.8200151e-02
  -1.8170747e-02
  -1.8159705e-02
  -1.8128055e-02
  -1.8163998e-02
  -1.8199977e-02
  -1.8289961e-02
  -1.8347463e-02
  -1.8343994e-02
  -1.8405119e-02
  -1.8492433e-02
  -1.8516038e-02
  -1.8527433e-02
  -1.8535223e-02
  -1.8546786e-02
  -1.8529971e-02
  -1.8560207e-02
  -1.8573863e-02
  -1.8542208e-02
  -1.8533094e-02
  -1.8492913e-02
  -1.8480747e-02
  -1.8510026e-02
  -1.8533465e-02
  -1.8529830e-02
  -1.8541560e-02
  -1.8576377e-02
  -1.8645119e-02
  -1.8623533e-02
  -1.8581074e-02
  -1.8720464e-02
  -1.8816376e-02
  -1.8858605e-02
  -1.8910968e-02
  -1.8884130e-02
  -1.8864997e-02
  -1.8840505e-02
  -1.9011998e-02
  -1.8920845e-02
  -1.8831792e-02
  -1.8956377e-02
  -1.8880047e-02
  -1.9296698e-02
  -1.8181970e-02
  -1.8168976e-02
  -1.8274954e-02
  -1.8338395e-02
  -1.7921079e-02
  -1.6948129e-02
  -1.7222532e-02
  -1.7188693e-02
  -1.6891450e-02
  -1.7984551e-02
  -1.8759179e-02
  -1.9026748e-02
  -1.9044160e-02
  -1.8460266e-02
  -1.8612736e-02
  -1.9141666e-02
  -1.9111147e-02
  -1.9106356e-02
  -1.9061963e-02
  -1.8983443e-02
  -1.8798398e-02
  -1.8698121e-02
  -1.9017890e-02
  -1.9234639e-02
  -1.9036690e-02
  -1.9009191e-02
  -1.9161777e-02
  -1.9007611e-02
  -1.9119695e-02
  -1.9270497e-02
  -1.9195552e-02
  -1.9056748e-02
  -1.9140285e-02
  -1.9139715e-02
  -1.9044553e-02
  -1.9101895e-02
  -1.9115376e-02
  -1.9101870e-02
  -1.9051968e-02
  -1.9028647e-02
  -1.9072569e-02
  -1.9113746e-02
  -1.9131737e-02
  -1.9115400e-02
  -1.9101207e-02
  -1.9093912e-02
  -1.9156318e-02
  -1.9174606e-02
  -1.9111344e-02
  -1.9119346e-02
  -1.9147047e-02
  -1.9211819e-02
  -1.9202849e-02
  -1.9085663e-02
  -1.9110046e-02
  -1.9186449e-02
  -1.9151174e-02
  -1.9164562e-02
  -1.9181128e-02
  -1.9133097e-02
  -1.9132875e-02
  -1.9208294e-02
  -1.9248560e-02
  -1.9228822e-02
  -1.9224391e-02
  -1.9256854e-02
  -1.9217020e-02
  -1.9214508e-02
  -1.9225153e-02
  -1.9192937e-02
  -1.9270792e-02
  -1.9226094e-02
  -1.9263119e-02
  -1.9320099e-02
  -1.9273720e-02
  -1.9199251e-02
  -1.9171963e-02
  -1.9167378e-02
  -1.9191770e-02
  -1.9207441e-02
  -1.9302955e-02
  -1.9282125e-02
  -1.9288749e-02
  -1.9368870e-02
  -1.9378589e-02
  -1.9359417e-02
  -1.9405788e-02
  -1.9420585e-02
  -1.9406829e-02
  -1.9391313e-02
  -1.9327251e-02
  -1.9384570e-02
  -1.9408017e-02
  -1.9302972e-02
  -1.9280236e-02
  -1.9322222e-02
  -1.9385144e-02
  -1.9420334e-02
  -1.9387322e-02
  -1.9422899e-02
  -1.9473944e-02
  -1.9501522e-02
  -1.9500692e-02
  -1.9536219e-02
  -1.9527812e-02
  -1.9482838e-02
  -1.9551690e-02
  -1.9561396e-02
  -1.9461630e-02
  -1.9496787e-02
  -1.9292799e-02
  -1.9381757e-02
  -1.9513122e-02
  -1.9702462e-02
  -1.9631320e-02
  -1.9423616e-02
  -1.9475938e-02
  -1.9734043e-02
  -1.9981706e-02
  -1.9638053e-02
  -1.9290541e-02
  -2.0005498e-02
  -1.9531963e-02
  -1.9096577e-02
  -2.0300438e-02
  -2.1271998e-02
  -1.9967033e-02
  -1.8829645e-02
  -1.8832452e-02
  -2.0407630e-02
  -2.2630900e-02
  -2.1749830e-02
  -2.0630919e-02
  -2.0769698e-02
  -2.1387162e-02
  -2.1400711e-02
  -2.1359795e-02
  -2.1791457e-02
  -2.3399415e-02
  -2.6056156e-02
  -2.5614195e-02
  -2.4758687e-02
  -2.2854809e-02
  -2.1909866e-02
  -2.3938807e-02
  -2.1202214e-02
  -2.0690626e-02
  -2.4763665e-02
  -3.5884880e-02
