   4.0469563e-03
   1.3992048e-03
   4.2991703e-03
   2.2131993e-03
   4.4580590e-03
   2.7515474e-03
   4.7762010e-03
   4.8301482e-03
   2.2957447e-03
   4.2928101e-03
   2.1999674e-03
   4.5241555e-03
   2.9751569e-03
   5.7859694e-03
   2.5950510e-03
   4.4224822e-03
   5.7544048e-03
   5.0853477e-03
   5.5742157e-03
   6.5721824e-03
   7.5520881e-03
   7.3519448e-03
   8.4630112e-03
   8.8130700e-03
   9.5205124e-03
   9.8297223e-03
   9.7689413e-03
   1.0567685e-02
   1.0659003e-02
   1.0769211e-02
   1.1072577e-02
   1.1117045e-02
   1.1812918e-02
   1.1303578e-02
   1.1747725e-02
   1.2050115e-02
   1.1717247e-02
   1.1925317e-02
   1.1823766e-02
   1.1938087e-02
   1.1845756e-02
   1.2467683e-02
   1.2839420e-02
   1.3087719e-02
   1.3061649e-02
   1.3034136e-02
   1.1541720e-02
   1.1684474e-02
   1.1896444e-02
   1.1922418e-02
   1.2283911e-02
   1.2424611e-02
   1.2463346e-02
   1.2623064e-02
   1.2908499e-02
   1.2790048e-02
   1.2691469e-02
   1.2735518e-02
   1.2719186e-02
   1.2508570e-02
   1.2826223e-02
   1.2822079e-02
   1.2851906e-02
   1.2956667e-02
   1.2789600e-02
   1.2923422e-02
   1.2951908e-02
   1.3104133e-02
   1.3037465e-02
   1.2980386e-02
   1.3011900e-02
   1.3141317e-02
   1.3063075e-02
   1.3052755e-02
   1.3026990e-02
   1.3081613e-02
   1.2946876e-02
   1.2896759e-02
   1.2800018e-02
   1.2688230e-02
   1.2596975e-02
   1.2592562e-02
   1.2447347e-02
   1.2311924e-02
   1.2192793e-02
   1.2195733e-02
   1.2170862e-02
   1.2133236e-02
   1.2069680e-02
   1.2014106e-02
   1.2001122e-02
   1.1957126e-02
   1.1942233e-02
   1.1894810e-02
   1.1875146e-02
   1.1942431e-02
   1.1888914e-02
   1.1880651e-02
   1.1788856e-02
   1.1780945e-02
   1.1793844e-02
   1.1788463e-02
   1.1846312e-02
   1.1777121e-02
   1.1795791e-02
   1.1838721e-02
   1.1850802e-02
   1.1887748e-02
   1.1907993e-02
   1.1950594e-02
   1.1983021e-02
   1.2007778e-02
   1.2006178e-02
   1.2022942e-02
   1.2047432e-02
   1.2056635e-02
   1.2089688e-02
   1.2085149e-02
   1.2126361e-02
   1.2116733e-02
   1.2113276e-02
   1.2176957e-02
   1.2207869e-02
   1.2232969e-02
   1.2266149e-02
   1.2321811e-02
   1.2347382e-02
   1.2412648e-02
   1.2490024e-02
   1.2535570e-02
   1.2627772e-02
   1.2754113e-02
   1.2825666e-02
   1.2792524e-02
   1.2793980e-02
   1.2834135e-02
   1.2876417e-02
   1.2917007e-02
   1.2920468e-02
   1.2930204e-02
   1.2969382e-02
   1.2986625e-02
   1.3002287e-02
   1.2995250e-02
   1.3010324e-02
   1.3001300e-02
   1.2969555e-02
   1.2939308e-02
   1.2880115e-02
   1.2816785e-02
   1.2799391e-02
   1.2831445e-02
   1.2858760e-02
   1.2893290e-02
   1.2915619e-02
   1.2949547e-02
   1.2981498e-02
   1.3002796e-02
   1.3035286e-02
   1.3055774e-02
   1.3034400e-02
   1.3037799e-02
   1.3054057e-02
   1.3068832e-02
   1.3066973e-02
   1.3074784e-02
   1.3084655e-02
   1.3054895e-02
   1.3071141e-02
   1.3039929e-02
   1.3011936e-02
   1.2977864e-02
   1.2903206e-02
   1.2872416e-02
   1.2845057e-02
   1.2826615e-02
   1.2798489e-02
   1.2792583e-02
   1.2782516e-02
   1.2784356e-02
   1.2776137e-02
   1.2722814e-02
   1.2696165e-02
   1.2623567e-02
   1.2555241e-02
   1.2444347e-02
   1.2335745e-02
   1.2191304e-02
   1.2021235e-02
   1.1824128e-02
   1.1633162e-02
   1.1386267e-02
   1.1104387e-02
   1.0847794e-02
   1.0521828e-02
   1.0199645e-02
   9.8504804e-03
   9.4860930e-03
   9.1229699e-03
   8.7564043e-03
   8.3797153e-03
   8.0378891e-03
   7.7052867e-03
   7.3050904e-03
   6.9442366e-03
   6.5235521e-03
   6.1730700e-03
   5.8710727e-03
   5.6346524e-03
   5.4852680e-03
   5.3744496e-03
   5.2861040e-03
   5.2305124e-03
   5.1353918e-03
   5.0469494e-03
   4.9873917e-03
   4.9060805e-03
   4.8352011e-03
   4.7470905e-03
   4.7083640e-03
   4.6855991e-03
   4.6443178e-03
   4.6343347e-03
   4.5764499e-03
   4.5257780e-03
   4.4519029e-03
   4.3912255e-03
   4.3341243e-03
   4.2832622e-03
   4.2167764e-03
   4.1660268e-03
   4.1226408e-03
   4.0737718e-03
   4.0202499e-03
   3.9828786e-03
   3.9437000e-03
   3.8865813e-03
   3.8277194e-03
   3.7597592e-03
   3.7183245e-03
   3.6501286e-03
   3.6020535e-03
   3.5261508e-03
   3.4840484e-03
   3.4098735e-03
   3.3139728e-03
   3.2497792e-03
   3.1788933e-03
   3.1341548e-03
   3.0816823e-03
   3.0206337e-03
   2.9475415e-03
   2.9460670e-03
   2.9028944e-03
   2.9135064e-03
   2.9267732e-03
   2.9164089e-03
   2.9340146e-03
   2.9370815e-03
   2.9251786e-03
   2.9182797e-03
   2.8806330e-03
   2.8691659e-03
   2.8000786e-03
   2.7522871e-03
   2.6916146e-03
   2.5849131e-03
   2.5263842e-03
   2.3964456e-03
   2.3504125e-03
   2.2544114e-03
   2.1658744e-03
   2.0922145e-03
   1.9908456e-03
   1.9099875e-03
   1.8336728e-03
   1.7491668e-03
   1.6782318e-03
   1.5998555e-03
   1.5056399e-03
   1.4366805e-03
   1.3508063e-03
   1.2677763e-03
   1.1753925e-03
   1.0862183e-03
   9.7939000e-04
   8.4421028e-04
   7.7203386e-04
   7.6409736e-04
   6.7401016e-04
   6.2738544e-04
   5.7468814e-04
   4.9310577e-04
   4.3373010e-04
   4.0870829e-04
   3.9211975e-04
   3.6302082e-04
   3.7763821e-04
   3.2309484e-04
   2.8989070e-04
   3.1762404e-04
   2.9508471e-04
   2.7539308e-04
   2.9352101e-04
   2.6483520e-04
   3.0538807e-04
   2.8071437e-04
   2.3735632e-04
   2.5528741e-04
   2.7184770e-04
   2.6741434e-04
   1.9254916e-04
   2.0154195e-04
   1.8863036e-04
   1.8012809e-04
   9.2570287e-05
   5.4801835e-05
  -2.9999187e-05
   4.6338592e-05
   6.3115118e-05
   8.3797800e-05
   1.2716819e-04
   9.0351976e-05
   1.2739550e-04
   1.5943019e-04
   1.3248352e-04
   1.5220256e-04
   1.5842406e-04
   1.2233411e-04
   7.5318388e-05
   9.5651036e-05
   1.0135612e-04
   1.0435285e-04
   8.5084748e-05
   1.0670665e-04
   1.0150846e-04
   1.1508511e-04
   1.3625660e-04
   1.3132890e-04
   5.6983061e-05
   8.1833241e-05
   7.0236824e-05
   7.9366783e-05
   1.9144982e-05
   3.5400082e-05
   9.7072237e-05
   8.5151416e-05
   8.8041619e-05
   6.5694822e-05
  -2.6427589e-06
   5.7757141e-05
  -4.9896248e-06
   6.4886884e-05
  -2.3601377e-05
  -2.5559232e-05
  -7.7780339e-05
  -9.1461296e-05
  -1.5142016e-04
  -1.6571589e-04
  -9.0866999e-05
  -1.7912539e-04
  -9.8307869e-05
  -2.0652289e-04
  -1.5229140e-04
  -2.6313050e-04
  -1.8158248e-04
  -2.9436657e-04
  -2.9116583e-04
  -2.1589167e-04
  -2.4674002e-04
  -1.9856876e-04
  -2.3229655e-04
  -2.4120479e-04
  -2.2132864e-04
  -2.1657210e-04
  -2.1464582e-04
  -2.5599036e-04
  -2.3121856e-04
  -2.1704362e-04
  -2.3379375e-04
  -1.6912421e-04
  -1.9509631e-04
  -2.4501303e-04
  -2.0034098e-04
  -2.3862220e-04
  -3.6253047e-04
  -2.4121800e-04
  -3.0834627e-04
  -2.8080528e-04
  -2.5194456e-04
  -2.4560473e-04
  -3.1319616e-04
  -2.5242156e-04
  -2.7887594e-04
  -2.3224539e-04
  -3.7434244e-04
  -1.9008176e-04
  -3.2786819e-04
  -3.4377702e-04
  -3.7189160e-04
  -3.7538118e-04
  -3.6816971e-04
  -4.8749705e-04
  -4.1348039e-04
  -3.2643335e-04
  -4.2951858e-04
  -3.6102330e-04
  -3.4815551e-04
  -4.6245059e-04
  -4.7346002e-04
  -3.6739744e-04
  -5.2520939e-04
  -4.9442881e-04
  -5.5589164e-04
  -4.9566452e-04
  -3.5461389e-04
  -4.8861272e-04
  -5.7021092e-04
  -5.6514000e-04
  -5.9171932e-04
  -8.2315115e-04
  -4.7654866e-04
  -4.9764797e-04
  -5.4310886e-04
  -4.3721218e-04
  -7.0955156e-04
  -5.3989230e-04
  -5.4603187e-04
  -6.6365753e-04
  -6.1906507e-04
  -7.2954304e-04
  -5.1279145e-04
  -7.0397491e-04
  -4.8246549e-04
  -5.5485724e-04
  -7.7005861e-04
  -8.0478013e-04
  -2.2943174e-04
  -6.2939660e-04
  -4.8530089e-04
  -5.9087941e-04
  -8.0909790e-04
  -7.6842925e-04
  -5.1537835e-04
  -8.6928882e-04
  -7.4643523e-04
  -5.8440486e-04
  -5.9445095e-04
  -7.2714824e-04
  -5.3517519e-04
  -8.9244653e-04
  -6.2317961e-04
  -4.2876565e-04
  -9.1345750e-04
  -7.7038261e-04
  -6.2872514e-04
  -6.6689711e-04
  -7.9981977e-04
  -5.8487732e-04
  -6.6152733e-04
  -6.5090073e-04
  -7.8926720e-04
  -5.3323507e-04
  -2.7645546e-04
  -2.7645546e-04
  -8.4712175e-04
  -4.4974377e-04
  -4.4567000e-04
  -4.4533291e-04
  -5.1077559e-04
  -5.4671154e-04
  -6.8943544e-04
  -7.1510139e-04
   8.8188598e-05
  -7.2488067e-04
  -7.3027053e-04
  -7.3123050e-04
  -7.7212651e-04
  -2.1368457e-04
  -7.7201669e-04
  -9.3698377e-04
  -6.1368492e-05
  -4.3894352e-04
  -5.1888357e-04
  -5.5459555e-04
  -6.1434918e-04
  -7.6970375e-04
  -4.6724450e-05
   2.7541794e-04
  -4.9083228e-04
  -5.8946681e-04
  -8.5205109e-04
  -9.9385511e-04
  -3.1795504e-04
  -9.8912921e-04
  -1.1692939e-03
  -1.2469161e-03
  -8.7474992e-04
  -9.6420135e-04
  -1.2157972e-03
  -1.2497175e-03
  -1.0621684e-03
  -8.1642340e-04
  -6.6651803e-04
  -6.3403595e-04
  -5.5019262e-04
  -4.6721960e-04
  -4.1658647e-04
  -4.6180110e-04
  -5.5918081e-04
  -6.5574862e-04
  -7.0741818e-04
  -6.9878080e-04
  -6.8014011e-04
  -6.6158203e-04
  -6.5161826e-04
  -6.2974651e-04
  -5.8239309e-04
  -5.3508501e-04
  -5.0963987e-04
  -5.5967161e-04
  -6.5280313e-04
  -7.4621951e-04
  -7.9663369e-04
  -8.0539218e-04
  -8.2443229e-04
  -8.4354818e-04
  -8.5387150e-04
  -8.3475826e-04
  -7.2908859e-04
  -8.2196006e-04
  -8.5274087e-04
  -7.0901892e-04
  -7.6643995e-04
  -7.8657171e-04
  -5.9735186e-04
  -6.0114826e-04
  -7.4289647e-04
  -7.4127125e-04
  -7.9552590e-04
  -8.0713906e-04
  -6.8481477e-04
  -6.1335081e-04
  -6.1879300e-04
  -7.2766755e-04
  -5.6956388e-04
  -4.2295169e-04
  -4.8117089e-04
  -5.7583325e-04
  -7.0249216e-04
  -8.0496519e-04
  -8.6320930e-04
  -9.2964986e-04
  -1.3713074e-03
  -1.4851573e-03
  -9.8886663e-04
  -9.3602843e-04
  -1.1130739e-03
  -9.5593333e-04
  -1.2339002e-03
  -1.3846070e-03
  -1.2039694e-03
  -9.4475660e-04
  -1.0781202e-03
  -1.0363205e-03
  -9.7435274e-04
  -9.0401960e-04
  -9.3371948e-04
  -8.6973612e-04
  -6.7926673e-04
  -6.9251090e-04
  -7.6416274e-04
  -8.3949242e-04
  -8.4025255e-04
  -6.3974884e-04
  -7.2904806e-04
  -9.0174968e-04
  -9.1619405e-04
  -7.9569220e-04
  -6.8347007e-04
  -8.5683722e-04
  -8.5196730e-04
  -8.7486250e-04
  -9.4938855e-04
  -7.7398022e-04
  -7.6661252e-04
  -9.1068308e-04
  -8.3075017e-04
  -8.5842978e-04
  -8.8322629e-04
  -1.0637499e-03
  -1.0888966e-03
  -1.0871484e-03
  -9.8690650e-04
  -8.3029811e-04
  -9.5215513e-04
  -8.4332470e-04
  -8.5053011e-04
  -8.5229154e-04
  -8.3464122e-04
  -9.3540995e-04
  -9.6821473e-04
  -9.3920361e-04
  -1.0109096e-03
  -8.1562583e-04
  -6.6975431e-04
  -9.2864320e-04
  -1.0333694e-03
  -1.1191704e-03
  -1.1215030e-03
  -1.1140941e-03
  -1.2035703e-03
  -8.8811400e-04
  -4.9864104e-04
  -9.9052014e-04
  -1.3000952e-03
  -1.3743955e-03
  -2.0353896e-03
  -2.5386643e-03
  -1.5891774e-03
  -1.0408391e-03
  -2.8596787e-03
  -3.2789193e-03
  -1.1107387e-03
  -2.0665572e-03
  -5.2424425e-03
  -1.2825666e-03
   1.1467805e-03
  -1.2404764e-03
  -1.1444107e-03
  -1.3602295e-03
  -1.3577166e-03
  -1.3114687e-03
  -1.3260360e-03
  -1.3931594e-03
  -1.5027145e-03
  -1.5721003e-03
  -1.5637645e-03
  -1.5668832e-03
  -1.2197445e-03
  -6.6026591e-04
  -1.0679339e-03
  -1.3035284e-03
  -1.5331156e-03
  -1.4683074e-03
  -1.0290212e-03
  -5.5285463e-04
  -1.1827471e-03
  -1.3427775e-03
  -1.3466752e-03
  -1.1359036e-03
  -1.2666317e-03
  -1.5082861e-03
  -1.1969601e-03
  -1.1189960e-03
  -1.2332510e-03
  -1.0696665e-03
  -9.3154985e-04
  -1.0937049e-03
  -1.0331201e-03
  -1.1964043e-03
  -1.3317311e-03
  -9.9567012e-04
  -1.0855556e-03
  -1.1710800e-03
  -1.0509164e-03
  -9.8868281e-04
  -1.0917260e-03
  -1.2305335e-03
  -1.1742393e-03
  -1.0948092e-03
  -1.1590784e-03
  -1.1436409e-03
  -1.1233107e-03
  -1.2232900e-03
  -1.2368875e-03
  -1.1560443e-03
  -9.1497501e-04
  -9.2981410e-04
  -1.1639019e-03
  -1.0483218e-03
  -1.1523367e-03
  -1.2490384e-03
  -1.1160515e-03
  -1.1828383e-03
  -1.2109267e-03
  -1.2009141e-03
  -1.2055187e-03
  -1.1292547e-03
  -1.3240722e-03
  -1.2510152e-03
  -1.3625752e-03
  -1.4549118e-03
  -1.2830239e-03
  -1.0219655e-03
  -1.0661283e-03
  -1.0306008e-03
  -8.7367697e-04
  -7.8311566e-04
  -1.0934097e-03
  -1.2393954e-03
  -1.0346589e-03
  -1.1647384e-03
  -1.2641296e-03
  -1.2795102e-03
  -1.5062845e-03
  -1.4999602e-03
  -1.4842212e-03
  -1.0425759e-03
  -1.2584748e-03
  -1.3598326e-03
  -1.3363813e-03
  -1.4569376e-03
  -1.0962934e-03
  -1.0829480e-03
  -1.3198234e-03
  -1.4097309e-03
  -1.3842490e-03
  -1.4107347e-03
  -1.3019046e-03
  -1.4949563e-03
  -1.4975903e-03
  -1.1839999e-03
  -1.4379598e-03
  -1.4271962e-03
  -1.4356951e-03
  -1.2888637e-03
  -1.4414880e-03
  -1.4391579e-03
  -1.2267979e-03
  -1.0137104e-03
  -1.4677769e-03
  -1.6749435e-03
  -1.3711667e-03
  -1.0407571e-03
  -1.3530433e-03
  -1.8740856e-03
  -1.4757374e-03
  -7.1251750e-04
  -1.2296095e-03
  -2.3267822e-03
   1.5048467e-04
  -9.2801440e-04
  -6.8817992e-03
  -8.1339890e-03
  -1.7631792e-03
  -1.7726573e-03
  -1.7851573e-03
  -1.1883831e-03
  -1.4058469e-03
  -1.0092952e-03
  -1.2296017e-03
  -1.9451573e-03
  -1.9076062e-03
  -6.5286631e-03
  -2.8515726e-04
  -6.4879363e-04
  -6.1106203e-03
  -6.7579841e-03
  -2.1423001e-03
  -8.5662747e-03
  -6.7230964e-03
  -3.5962535e-04
   4.4461871e-03
  -2.8515726e-04
  -7.1849060e-04
  -3.2101573e-03
  -2.0438198e-02
