   2.1961100e-03   1.8935437e-02   6.4206000e-01
   2.6438400e-03   2.0304000e-02   7.7414133e-01
   2.4646800e-03   2.1631500e-02   7.3434233e-01
   2.7118000e-03   2.3318750e-02   8.0037100e-01
   3.0141600e-03   2.5407188e-02   8.3096517e-01
   3.0508200e-03   2.6046625e-02   8.7506400e-01
   3.1712000e-03   2.6509250e-02   9.3217600e-01
   3.4365000e-03   2.7403125e-02   9.6571867e-01
   3.6406000e-03   3.1882500e-02   9.7687950e-01
   4.1561600e-03   3.4000000e-02   9.8357583e-01
   4.5105300e-03   3.8541063e-02   1.1382620e+00
   5.7733200e-03   4.6590250e-02   1.2784287e+00
   7.0674800e-03   6.3102500e-02   1.5407357e+00
   1.0481920e-02   9.4544000e-02   1.9934087e+00
   1.6377620e-02   1.4467315e-01   2.7954667e+00
   2.3661800e-02   2.1776825e-01   3.6561613e+00
   3.5865450e-02   3.3406933e-01   5.0564773e+00
   5.2159980e-02   4.8765135e-01   6.8641430e+00
   6.7974720e-02   6.4284412e-01   8.6046427e+00
   9.7732320e-02   9.2160187e-01   1.1531300e+01
   1.3530080e-01   1.2842493e+00   1.3991987e+01
   1.6224648e-01   1.5364250e+00   1.8403893e+01
   1.9887000e-01   1.8854063e+00   2.0414160e+01
   2.3830850e-01   2.2582095e+00   2.3166827e+01
   2.9600894e-01   2.8022470e+00   2.6655750e+01
   3.3786210e-01   3.1977923e+00   3.1103190e+01
   3.8656802e-01   3.6496690e+00   3.4488510e+01
   4.3053012e-01   4.0544833e+00   3.6661300e+01
   4.8480562e-01   4.5535358e+00   4.0874520e+01
   5.6631000e-01   5.3077847e+00   4.6443623e+01
   6.3961298e-01   5.9803237e+00   5.4321517e+01
   7.2860062e-01   6.7904815e+00   5.8576357e+01
   7.6647072e-01   7.1198970e+00   6.0657020e+01
   7.9157400e-01   7.3302375e+00   6.1666923e+01
   7.9600062e-01   7.3373012e+00   6.1390517e+01
   7.9363312e-01   7.2873618e+00   6.0617893e+01
   7.7635378e-01   7.0916240e+00   6.0415253e+01
   8.0859702e-01   7.3501605e+00   6.1206053e+01
   8.6271380e-01   7.7964578e+00   6.4143047e+01
   8.9952902e-01   8.0853998e+00   6.6651657e+01
   8.9206652e-01   7.9853518e+00   6.7681440e+01
   9.2062646e-01   8.1765967e+00   6.5716413e+01
   9.3040764e-01   8.2088720e+00   6.4897667e+01
   9.6891576e-01   8.4940863e+00   6.6417870e+01
   9.9808210e-01   8.6872390e+00   6.8842117e+01
   1.0477687e+00   9.0569535e+00   7.0824660e+01
   1.0879762e+00   9.3418710e+00   8.2102573e+01
   1.1049953e+00   9.4152240e+00   8.3542060e+01
   1.1082044e+00   9.3766440e+00   8.1492487e+01
   1.0636401e+00   8.9269040e+00   7.7560140e+01
   1.0718726e+00   8.9190150e+00   7.6727483e+01
   1.1002635e+00   9.0808745e+00   7.8331797e+01
   1.1799660e+00   9.6866202e+00   8.1321297e+01
   1.2168886e+00   9.9301015e+00   8.3928340e+01
   1.2938316e+00   1.0496118e+01   8.8169793e+01
   1.3479484e+00   1.0854125e+01   9.0782317e+01
   1.3692874e+00   1.0955890e+01   9.3765600e+01
   1.3804714e+00   1.0954695e+01   9.3071160e+01
   1.3546846e+00   1.0682100e+01   9.1491200e+01
   1.3169288e+00   1.0286598e+01   8.9422597e+01
   1.3372360e+00   1.0363493e+01   9.0244927e+01
   1.4586090e+00   1.1245835e+01   9.7513657e+01
   1.5325588e+00   1.1763265e+01   1.0164870e+02
   1.5197140e+00   1.1602160e+01   1.0012849e+02
   1.4020012e+00   1.0618520e+01   9.1835717e+01
   1.2665912e+00   9.5005997e+00   8.3023687e+01
   1.2053110e+00   8.9457360e+00   7.8759300e+01
   1.2818674e+00   9.4559263e+00   8.3425200e+01
   1.3836206e+00   1.0155596e+01   9.0366990e+01
   1.4925066e+00   1.0899450e+01   9.7571200e+01
   1.5908774e+00   1.1568248e+01   1.0355343e+02
   1.5128386e+00   1.0927448e+01   9.7882433e+01
   1.4511016e+00   1.0389165e+01   9.4250630e+01
   1.4266404e+00   1.0136732e+01   9.2321693e+01
   1.5493742e+00   1.0974165e+01   1.0071453e+02
   1.7373094e+00   1.2268568e+01   1.1272013e+02
   2.0097888e+00   1.4186895e+01   1.3239460e+02
   2.1597242e+00   1.5227318e+01   1.4254330e+02
   2.1266816e+00   1.4945838e+01   1.4142210e+02
   2.0516178e+00   1.4334675e+01   1.3617580e+02
   2.0115706e+00   1.3999603e+01   1.3553137e+02
   2.1835252e+00   1.5181930e+01   1.5012827e+02
   2.4953368e+00   1.7269050e+01   1.7402970e+02
   2.7233786e+00   1.8718757e+01   1.9070413e+02
   2.6585676e+00   1.8217028e+01   1.8643723e+02
   2.5051358e+00   1.7125802e+01   1.7657260e+02
   2.4141334e+00   1.6445200e+01   1.7065003e+02
   2.3493864e+00   1.5942573e+01   1.6685540e+02
   2.2892886e+00   1.5475915e+01   1.6388210e+02
   2.2627482e+00   1.5248105e+01   1.6327713e+02
   2.2232826e+00   1.4940213e+01   1.6175777e+02
   2.1944468e+00   1.4703090e+01   1.6055830e+02
   2.1463950e+00   1.4344938e+01   1.5869247e+02
   2.0989754e+00   1.3985840e+01   1.5638703e+02
   2.0131450e+00   1.3365365e+01   1.5116277e+02
   1.9151148e+00   1.2653233e+01   1.4417270e+02
   1.9450822e+00   1.2807000e+01   1.4825303e+02
   2.1154848e+00   1.3928285e+01   1.6333973e+02
   2.2975676e+00   1.5118118e+01   1.7969433e+02
   2.3227764e+00   1.5270103e+01   1.8283810e+02
   2.2990728e+00   1.5091285e+01   1.8167780e+02
   2.2859866e+00   1.4975847e+01   1.8228273e+02
   2.2925026e+00   1.4997915e+01   1.8364533e+02
   2.3026162e+00   1.5045165e+01   1.8687253e+02
   2.3079514e+00   1.5062403e+01   1.8862703e+02
   2.2833002e+00   1.4875103e+01   1.8782720e+02
   2.2862788e+00   1.4876298e+01   1.8973097e+02
   2.3177628e+00   1.5079265e+01   1.9433357e+02
   2.3747340e+00   1.5447062e+01   2.0078237e+02
   2.3905308e+00   1.5536795e+01   2.0402300e+02
   2.3798740e+00   1.5414585e+01   2.0428183e+02
   2.3578202e+00   1.5217045e+01   2.0405180e+02
   2.3583952e+00   1.5153942e+01   2.0503947e+02
   2.3367400e+00   1.4925735e+01   2.0383997e+02
   2.3606310e+00   1.4984280e+01   2.0631000e+02
   2.4469922e+00   1.5448448e+01   2.1492570e+02
   2.5227524e+00   1.5857845e+01   2.2219773e+02
   2.5028414e+00   1.5658610e+01   2.2148250e+02
   2.4207026e+00   1.5065310e+01   2.1480277e+02
   2.3355336e+00   1.4459330e+01   2.0801813e+02
   2.2761764e+00   1.4031025e+01   2.0403460e+02
   2.2490326e+00   1.3803220e+01   2.0225807e+02
   2.2324440e+00   1.3658513e+01   2.0207980e+02
   2.2387686e+00   1.3658100e+01   2.0407690e+02
   2.2358440e+00   1.3606265e+01   2.0547677e+02
   2.2419586e+00   1.3608220e+01   2.0737893e+02
   2.2409738e+00   1.3572827e+01   2.0899553e+02
   2.2382730e+00   1.3531155e+01   2.0989223e+02
   2.1887198e+00   1.3217382e+01   2.0628640e+02
   2.0766296e+00   1.2516998e+01   1.9645063e+02
   1.9843316e+00   1.1930098e+01   1.8841793e+02
   2.0755504e+00   1.2458488e+01   1.9827603e+02
   2.3153814e+00   1.3931027e+01   2.2452763e+02
   2.4012888e+00   1.4490003e+01   2.3625347e+02
   2.2785684e+00   1.3783250e+01   2.2622247e+02
   2.1279758e+00   1.2911732e+01   2.1336150e+02
   2.0321616e+00   1.2385670e+01   2.0610910e+02
   2.0024492e+00   1.2269705e+01   2.0583757e+02
   1.9807694e+00   1.2214218e+01   2.0663383e+02
   1.9348596e+00   1.2009857e+01   2.0500447e+02
   1.8643984e+00   1.1659675e+01   2.0044250e+02
   1.7925318e+00   1.1291415e+01   1.9631177e+02
   1.7369410e+00   1.1031210e+01   1.9399707e+02
   1.7118110e+00   1.0975575e+01   1.9531847e+02
   1.7061080e+00   1.1063670e+01   1.9848703e+02
   1.6875594e+00   1.1100970e+01   2.0074603e+02
   1.6571818e+00   1.1088508e+01   2.0208890e+02
   1.6299576e+00   1.1111698e+01   2.0386120e+02
   1.5919928e+00   1.1047830e+01   2.0402680e+02
   1.5467332e+00   1.0886728e+01   2.0266123e+02
   1.4916594e+00   1.0587852e+01   1.9839723e+02
   1.4353140e+00   1.0218741e+01   1.9296757e+02
   1.4002560e+00   9.9765115e+00   1.8996550e+02
   1.4026512e+00   1.0003191e+01   1.9217403e+02
   1.4206824e+00   1.0139342e+01   1.9632797e+02
   1.4258800e+00   1.0184746e+01   1.9866357e+02
   1.4208296e+00   1.0156768e+01   1.9981750e+02
   1.3972642e+00   9.9972490e+00   1.9827610e+02
   1.3766700e+00   9.8639973e+00   1.9711293e+02
   1.3692750e+00   9.8346363e+00   1.9818903e+02
   1.3736376e+00   9.9008718e+00   2.0126520e+02
   1.3503744e+00   9.7570450e+00   1.9992910e+02
   1.3229082e+00   9.5903145e+00   1.9813510e+02
   1.3050172e+00   9.4929298e+00   1.9747077e+02
   1.2915906e+00   9.4328878e+00   1.9798157e+02
   1.2711220e+00   9.3242798e+00   1.9705623e+02
   1.2432032e+00   9.1507022e+00   1.9491447e+02
   1.2191886e+00   9.0112105e+00   1.9376917e+02
   1.2048782e+00   8.9553378e+00   1.9421000e+02
   1.1915400e+00   8.9068445e+00   1.9483063e+02
   1.1674376e+00   8.7844360e+00   1.9344460e+02
   1.1324796e+00   8.5804125e+00   1.9020607e+02
   1.1123274e+00   8.4945207e+00   1.8969177e+02
   1.1371809e+00   8.7516498e+00   1.9694173e+02
   1.1875956e+00   9.1924040e+00   2.0861223e+02
   1.2115342e+00   9.4290180e+00   2.1561490e+02
   1.1853882e+00   9.2707067e+00   2.1345143e+02
   1.1364544e+00   8.9168850e+00   2.0688490e+02
   1.0849644e+00   8.5385647e+00   1.9962880e+02
   1.0532272e+00   8.3116800e+00   1.9575073e+02
   1.0310523e+00   8.1682822e+00   1.9397340e+02
   1.0159210e+00   8.0801557e+00   1.9350527e+02
   9.9633246e-01   7.9585540e+00   1.9191323e+02
   9.7475644e-01   7.8234560e+00   1.9032710e+02
   9.5116426e-01   7.6757738e+00   1.8839923e+02
   9.2799504e-01   7.5271640e+00   1.8673020e+02
   9.0319224e-01   7.3758062e+00   1.8515737e+02
   8.9008124e-01   7.3176960e+00   1.8538610e+02
   8.8062880e-01   7.3067100e+00   1.8651063e+02
   8.6772072e-01   7.2661713e+00   1.8721027e+02
   8.5167030e-01   7.2070662e+00   1.8695750e+02
   8.3780922e-01   7.1668760e+00   1.8694327e+02
   8.2768320e-01   7.1733675e+00   1.8816963e+02
   8.2294804e-01   7.2310635e+00   1.9034187e+02
   8.1771424e-01   7.2838490e+00   1.9263953e+02
   8.0435440e-01   7.2667288e+00   1.9325177e+02
   7.8066478e-01   7.1533695e+00   1.9191550e+02
   7.4368950e-01   6.9056375e+00   1.8807680e+02
   6.9988878e-01   6.5880047e+00   1.8258693e+02
   6.6571182e-01   6.3496900e+00   1.7889587e+02
   6.5202808e-01   6.2963395e+00   1.7898790e+02
   6.4655630e-01   6.3217550e+00   1.8079790e+02
   6.4227954e-01   6.3575608e+00   1.8233370e+02
   6.3839284e-01   6.3968428e+00   1.8399363e+02
   6.3556838e-01   6.4474588e+00   1.8551757e+02
   6.2909350e-01   6.4574842e+00   1.8589423e+02
   6.2081030e-01   6.4283855e+00   1.8512553e+02
   6.1270896e-01   6.3989828e+00   1.8448653e+02
   6.0666624e-01   6.3622770e+00   1.8393807e+02
   5.9981232e-01   6.3172785e+00   1.8343837e+02
   5.9009142e-01   6.2280425e+00   1.8190123e+02
   5.7876906e-01   6.1237550e+00   1.7967587e+02
   5.6843240e-01   6.0281297e+00   1.7761637e+02
   5.6025456e-01   5.9493540e+00   1.7637977e+02
   5.5673928e-01   5.9131187e+00   1.7652497e+02
   5.5710720e-01   5.9160400e+00   1.7738657e+02
   5.5794424e-01   5.9115742e+00   1.7837803e+02
   5.5542798e-01   5.8996390e+00   1.7916970e+02
   5.5301906e-01   5.8956658e+00   1.8002197e+02
   5.5228288e-01   5.8960675e+00   1.8078563e+02
   5.5039490e-01   5.8718130e+00   1.8037767e+02
   5.4518568e-01   5.8142852e+00   1.7895423e+02
   5.3717904e-01   5.7264885e+00   1.7711263e+02
   5.2688120e-01   5.6292695e+00   1.7579313e+02
   5.1733704e-01   5.5289768e+00   1.7503280e+02
   5.0798650e-01   5.4437900e+00   1.7434310e+02
   5.0090664e-01   5.3758855e+00   1.7406930e+02
   4.9748494e-01   5.3528478e+00   1.7439707e+02
   4.9703226e-01   5.3480507e+00   1.7525447e+02
   4.9642288e-01   5.3516825e+00   1.7648050e+02
   4.9583160e-01   5.3481702e+00   1.7738970e+02
   4.9373064e-01   5.3400263e+00   1.7824870e+02
   4.9028848e-01   5.3037670e+00   1.7803790e+02
   4.8214056e-01   5.2303833e+00   1.7672607e+02
   4.7615634e-01   5.1593480e+00   1.7532460e+02
   4.7140254e-01   5.1060085e+00   1.7447513e+02
   4.6004878e-01   4.9988753e+00   1.7254127e+02
   4.4332752e-01   4.8306867e+00   1.6909010e+02
   4.2829562e-01   4.6782740e+00   1.6596883e+02
   4.2371628e-01   4.6303875e+00   1.6529667e+02
   4.2580206e-01   4.6634745e+00   1.6692143e+02
   4.3080544e-01   4.7296200e+00   1.6939833e+02
   4.2633628e-01   4.6927890e+00   1.6865297e+02
   4.1081914e-01   4.5312778e+00   1.6295740e+02
   4.0053332e-01   4.4184610e+00   1.5930680e+02
   4.0227642e-01   4.4534155e+00   1.6078053e+02
   4.1573940e-01   4.5947837e+00   1.6611410e+02
   4.2044642e-01   4.6602523e+00   1.6865507e+02
   4.2194016e-01   4.6681480e+00   1.6935897e+02
   4.2003318e-01   4.6455625e+00   1.6920403e+02
   4.1429118e-01   4.5879357e+00   1.6841930e+02
   4.0833112e-01   4.5248985e+00   1.6794100e+02
   4.0458676e-01   4.4886997e+00   1.6746970e+02
   4.0225062e-01   4.4550263e+00   1.6710210e+02
   4.0059296e-01   4.4209843e+00   1.6663107e+02
   3.9807952e-01   4.3918300e+00   1.6654527e+02
   3.9719472e-01   4.3773447e+00   1.6680733e+02
   3.9610898e-01   4.3599090e+00   1.6697637e+02
   3.9323704e-01   4.3403743e+00   1.6718207e+02
   3.9194326e-01   4.3159675e+00   1.6719807e+02
   3.8973822e-01   4.2885373e+00   1.6703763e+02
   3.8513440e-01   4.2528812e+00   1.6658893e+02
   3.7908218e-01   4.1816797e+00   1.6508370e+02
   3.6217420e-01   3.9929358e+00   1.5980507e+02
   3.3162768e-01   3.6918518e+00   1.5092297e+02
   3.0910650e-01   3.4488157e+00   1.4417833e+02
   3.0482402e-01   3.4198055e+00   1.4452480e+02
   3.0852770e-01   3.4768302e+00   1.4744687e+02
   3.0668854e-01   3.4711397e+00   1.4820300e+02
   3.0152450e-01   3.4253128e+00   1.4760730e+02
   3.0174646e-01   3.4378188e+00   1.4814313e+02
   3.0733620e-01   3.4944460e+00   1.4990260e+02
   3.0670878e-01   3.4912065e+00   1.5061240e+02
   2.9938020e-01   3.4348757e+00   1.4971260e+02
   2.9588422e-01   3.4166752e+00   1.5008703e+02
   2.9796004e-01   3.4585080e+00   1.5221867e+02
   3.0040522e-01   3.5018247e+00   1.5414850e+02
   2.9939492e-01   3.5127737e+00   1.5488183e+02
   2.9630926e-01   3.4880825e+00   1.5410953e+02
   2.9290908e-01   3.4594218e+00   1.5322893e+02
   2.8907664e-01   3.4221830e+00   1.5207413e+02
   2.8412704e-01   3.3759540e+00   1.5071827e+02
   2.7679428e-01   3.3007973e+00   1.4826530e+02
   2.6091000e-01   3.1370625e+00   1.4346890e+02
   2.3200608e-01   2.8271145e+00   1.3317330e+02
   1.9905424e-01   2.4625783e+00   1.2066600e+02
   1.7893200e-01   2.2366500e+00   1.1294450e+02
   1.8388732e-01   2.3017030e+00   1.1548890e+02
   1.9352002e-01   2.4190000e+00   1.2015053e+02
   1.9375538e-01   2.4275502e+00   1.2089147e+02
   1.8469492e-01   2.3243175e+00   1.1778210e+02
   1.8072716e-01   2.2821770e+00   1.1673230e+02
   1.8064946e-01   2.2868930e+00   1.1729373e+02
   1.8321852e-01   2.3146350e+00   1.1858810e+02
   1.9011620e-01   2.3946748e+00   1.2174577e+02
   2.0311200e-01   2.5365600e+00   1.2701130e+02
   2.1629688e-01   2.6788915e+00   1.3197050e+02
   2.2145068e-01   2.7520920e+00   1.3457293e+02
   2.2452908e-01   2.7736243e+00   1.3549740e+02
   2.2779214e-01   2.8048515e+00   1.3666297e+02
   2.3166856e-01   2.8502210e+00   1.3820630e+02
   2.3734776e-01   2.9044013e+00   1.4016447e+02
   2.4209390e-01   2.9511520e+00   1.4223203e+02
   2.4347276e-01   2.9860288e+00   1.4387400e+02
   2.4472800e-01   2.9893500e+00   1.4433933e+02
   2.4394440e-01   2.9714983e+00   1.4392573e+02
   2.4237804e-01   2.9430710e+00   1.4301907e+02
   2.3826342e-01   2.9048718e+00   1.4170157e+02
   2.3471490e-01   2.8745685e+00   1.4062837e+02
   2.3331080e-01   2.8459010e+00   1.4003040e+02
   2.3290518e-01   2.8246515e+00   1.3970797e+02
   2.2824814e-01   2.7744990e+00   1.3816063e+02
   2.1519702e-01   2.6031750e+00   1.3147663e+02
   1.7465560e-01   2.1161630e+00   1.1036537e+02
   1.2844656e-01   1.5931890e+00   8.7744427e+01
   9.8762410e-02   1.2531542e+00   7.3971493e+01
   1.0341504e-01   1.3236300e+00   7.9034587e+01
   1.2288198e-01   1.5606650e+00   9.0538917e+01
   1.5123188e-01   1.9038313e+00   1.0613180e+02
   1.7965330e-01   2.2348970e+00   1.2058780e+02
   1.9791188e-01   2.4605810e+00   1.3026673e+02
   2.0697536e-01   2.5648218e+00   1.3467113e+02
   2.0885272e-01   2.6003837e+00   1.3615853e+02
   2.0787984e-01   2.5947255e+00   1.3621883e+02
   2.0766000e-01   2.5837500e+00   1.3593733e+02
   2.0491752e-01   2.5610940e+00   1.3506277e+02
   2.0358144e-01   2.5458960e+00   1.3460643e+02
   2.0141288e-01   2.5187978e+00   1.3416067e+02
   1.9816376e-01   2.4939235e+00   1.3411593e+02
   1.9711720e-01   2.4713635e+00   1.3339767e+02
   1.9421594e-01   2.4455555e+00   1.3250023e+02
   1.9021736e-01   2.4032360e+00   1.3133600e+02
   1.8694416e-01   2.3563098e+00   1.2996607e+02
   1.8034014e-01   2.2972585e+00   1.2801087e+02
   1.7594940e-01   2.2444043e+00   1.2619940e+02
   1.7236830e-01   2.1990978e+00   1.2468973e+02
   1.7112032e-01   2.1787520e+00   1.2387933e+02
   1.7045510e-01   2.1749393e+00   1.2353400e+02
   1.6964112e-01   2.1567370e+00   1.2324490e+02
   1.6906540e-01   2.1411508e+00   1.2339570e+02
   1.6710162e-01   2.1276620e+00   1.2325017e+02
   1.6638848e-01   2.1139520e+00   1.2297840e+02
   1.6206960e-01   2.0817790e+00   1.2205490e+02
   1.6030782e-01   2.0556035e+00   1.2115223e+02
   1.6105464e-01   2.0398400e+00   1.2037687e+02
   1.6081676e-01   2.0366123e+00   1.1975567e+02
   1.6014264e-01   2.0281225e+00   1.1944430e+02
   1.6104168e-01   2.0222125e+00   1.2018477e+02
   1.5798372e-01   1.9957333e+00   1.2041997e+02
   1.4696286e-01   1.9144277e+00   1.1775090e+02
   1.3579608e-01   1.7890400e+00   1.1234060e+02
   1.2281069e-01   1.6415895e+00   1.0591930e+02
   1.1257454e-01   1.5075983e+00   9.9733590e+01
   1.0620548e-01   1.4360783e+00   9.6007357e+01
   1.0664911e-01   1.4354040e+00   9.5627653e+01
   1.1079311e-01   1.4913942e+00   9.8364393e+01
   1.1425124e-01   1.5067353e+00   9.9551157e+01
   1.1405430e-01   1.5125123e+00   9.9537603e+01
   1.1480700e-01   1.5152637e+00   1.0000262e+02
   1.1851988e-01   1.5618533e+00   1.0305027e+02
   1.2147750e-01   1.6035035e+00   1.0507843e+02
   1.1869200e-01   1.5815250e+00   1.0454220e+02
   1.1784864e-01   1.5628165e+00   1.0382400e+02
   1.1842117e-01   1.5726970e+00   1.0438187e+02
   1.2082228e-01   1.5953835e+00   1.0551403e+02
   1.2508650e-01   1.6292385e+00   1.0710913e+02
   1.2836291e-01   1.6643157e+00   1.0924383e+02
   1.3098774e-01   1.7112117e+00   1.1176577e+02
   1.3586112e-01   1.7436060e+00   1.1368620e+02
   1.3610832e-01   1.7729320e+00   1.1515083e+02
   1.3822904e-01   1.7972247e+00   1.1626150e+02
   1.3906252e-01   1.8031427e+00   1.1664103e+02
   1.4042980e-01   1.8075593e+00   1.1681600e+02
   1.4029600e-01   1.8049620e+00   1.1665753e+02
   1.3863632e-01   1.7960923e+00   1.1628373e+02
   1.3569672e-01   1.7673880e+00   1.1483580e+02
   1.3344030e-01   1.7238735e+00   1.1273147e+02
   1.3029695e-01   1.6923437e+00   1.1083643e+02
   1.2830160e-01   1.6542290e+00   1.0875690e+02
   1.2576102e-01   1.6229898e+00   1.0697507e+02
   1.2638782e-01   1.6154363e+00   1.0640923e+02
   1.2748656e-01   1.6324328e+00   1.0807173e+02
   1.3041280e-01   1.6696225e+00   1.1085173e+02
   1.3082720e-01   1.6776838e+00   1.1165180e+02
   1.2876872e-01   1.6654465e+00   1.1137090e+02
   1.2901262e-01   1.6537347e+00   1.1079787e+02
   1.2950040e-01   1.6343050e+00   1.0961503e+02
   1.2627322e-01   1.5871755e+00   1.0694720e+02
   1.2100530e-01   1.5576322e+00   1.0462277e+02
   1.1986696e-01   1.5346962e+00   1.0359360e+02
   1.2088041e-01   1.5539018e+00   1.0535903e+02
   1.2167470e-01   1.5763560e+00   1.0696733e+02
   1.2398731e-01   1.5818160e+00   1.0807873e+02
   1.2224114e-01   1.5850012e+00   1.0850270e+02
   1.2223160e-01   1.5877928e+00   1.0898083e+02
   1.2277188e-01   1.5762865e+00   1.0918330e+02
   1.1897955e-01   1.5789512e+00   1.0918077e+02
   1.2035348e-01   1.5632785e+00   1.0867467e+02
   1.1775051e-01   1.5387850e+00   1.0824970e+02
   1.1221608e-01   1.5337665e+00   1.0756353e+02
   1.1615950e-01   1.5220902e+00   1.0756257e+02
   1.1567884e-01   1.5100738e+00   1.0713767e+02
   1.1119964e-01   1.5021565e+00   1.0646283e+02
   1.1048593e-01   1.4653835e+00   1.0558190e+02
   1.0750792e-01   1.4464485e+00   1.0489253e+02
   1.0444528e-01   1.4207630e+00   1.0375737e+02
   9.7939410e-02   1.3706635e+00   1.0139640e+02
   9.2716500e-02   1.2974160e+00   9.7499387e+01
   8.4935680e-02   1.1964817e+00   9.1866420e+01
   7.7751590e-02   1.0810496e+00   8.5685707e+01
   6.7847060e-02   9.7807163e-01   7.9552623e+01
   6.2098680e-02   9.1283325e-01   7.4923410e+01
   5.7662880e-02   8.8108350e-01   7.2896203e+01
   5.9654100e-02   8.8464323e-01   7.2948830e+01
   6.3403550e-02   9.1998725e-01   7.5876807e+01
   6.7013520e-02   9.6211625e-01   7.9158890e+01
   7.0221600e-02   9.8455295e-01   8.0466453e+01
   6.4474060e-02   9.4417235e-01   7.8222650e+01
   6.0763230e-02   8.8312820e-01   7.4066883e+01
   5.9006680e-02   8.3360123e-01   7.1443720e+01
   5.7249560e-02   8.2401558e-01   7.0994107e+01
   5.2421350e-02   8.0927593e-01   7.0591917e+01
   5.5165050e-02   7.9625727e-01   7.0257037e+01
   5.4365000e-02   7.8072113e-01   6.9321720e+01
   5.4530420e-02   7.7897193e-01   6.9834547e+01
   5.7847860e-02   8.1835647e-01   7.1395010e+01
   5.9225850e-02   8.5924180e-01   7.4219240e+01
   6.4641200e-02   9.0028852e-01   7.6982557e+01
   6.6202000e-02   9.1321780e-01   7.7610040e+01
   6.2699200e-02   8.7708542e-01   7.5966330e+01
   6.0102920e-02   8.4096368e-01   7.3526673e+01
   5.6160720e-02   7.8054922e-01   6.9923560e+01
   5.0078340e-02   6.9960822e-01   6.4290220e+01
   4.1762380e-02   5.8931947e-01   5.5999497e+01
   2.6244900e-02   4.4471575e-01   4.5622470e+01
   2.2478720e-02   3.2985010e-01   3.5838583e+01
   1.6291840e-02   2.4345858e-01   2.8167683e+01
   1.6020000e-02   2.0415648e-01   2.3606533e+01
   1.3479600e-02   1.9915087e-01   2.2480913e+01
   1.4773200e-02   2.1173940e-01   2.4116003e+01
   1.5636600e-02   2.3310012e-01   2.7633347e+01
   1.9567800e-02   2.7911815e-01   3.1433350e+01
   1.7749500e-02   3.0445438e-01   3.4459607e+01
   2.0695900e-02   3.0020917e-01   3.3472483e+01
   1.6715760e-02   2.8239265e-01   3.1508007e+01
   1.5330520e-02   2.5984015e-01   2.9843210e+01
   1.8839840e-02   2.5433642e-01   2.9724373e+01
   1.3237500e-02   2.6688173e-01   3.0740220e+01
   1.7144820e-02   2.8336080e-01   3.1975933e+01
   1.8697020e-02   2.8669200e-01   3.2874907e+01
   1.8305920e-02   2.9854275e-01   3.3339277e+01
   1.9256160e-02   3.1947905e-01   3.4396303e+01
   1.9619820e-02   3.1278838e-01   3.4731407e+01
   2.2387960e-02   3.2973987e-01   3.6291467e+01
   2.2777200e-02   3.5090098e-01   3.7400197e+01
   2.4414000e-02   3.6425180e-01   3.8817193e+01
   2.7386700e-02   3.7842008e-01   4.0695947e+01
   2.6687720e-02   3.9228280e-01   4.2101593e+01
   2.9658360e-02   4.2549952e-01   4.5162713e+01
   3.3814440e-02   4.7448048e-01   4.7804747e+01
   3.3967460e-02   5.0299805e-01   5.0605053e+01
   3.8616300e-02   5.5038450e-01   5.3968163e+01
   3.8304670e-02   5.8517743e-01   5.8139280e+01
   4.6467630e-02   6.6168510e-01   6.2635193e+01
   4.6467630e-02   6.6168510e-01   6.2635193e+01
   4.9955220e-02   6.8347227e-01   6.5170193e+01
   4.6689840e-02   6.9482740e-01   6.5368933e+01
   4.7051612e-02   6.7557512e-01   6.4176187e+01
   4.7081760e-02   6.7397080e-01   6.4076793e+01
   4.6154850e-02   6.5472090e-01   6.2143147e+01
   5.7282120e-02   6.4035600e-01   6.1412883e+01
   4.9871682e-02   6.6505172e-01   6.2297387e+01
   4.8524330e-02   6.6954187e-01   6.2458207e+01
   4.7505750e-02   6.9436730e-01   6.4085870e+01
   5.1752760e-02   6.9903775e-01   6.5843353e+01
   5.6966964e-02   7.3548768e-01   6.7505437e+01
   5.7915000e-02   7.4211495e-01   6.7807637e+01
   5.7010720e-02   7.7087157e-01   6.9601213e+01
   5.5162930e-02   8.0170538e-01   7.1778667e+01
   6.3826032e-02   8.0975018e-01   7.2780193e+01
   6.6424960e-02   8.1216357e-01   7.3080650e+01
   6.4343760e-02   8.4522392e-01   7.4332917e+01
   6.6994720e-02   8.2659630e-01   7.5290553e+01
   6.4507494e-02   8.4032210e-01   7.5440990e+01
   6.3402060e-02   8.4642248e-01   7.5507847e+01
   6.4461670e-02   8.5973925e-01   7.5880727e+01
   6.7565680e-02   8.7561715e-01   7.5926073e+01
   7.0318150e-02   8.6859805e-01   7.5850517e+01
   7.1541470e-02   8.6547860e-01   7.5816933e+01
   7.1636280e-02   8.4047900e-01   7.5512120e+01
   6.1361700e-02   8.8245668e-01   7.5481350e+01
   6.8863084e-02   8.8515407e-01   7.4695207e+01
   7.2090724e-02   8.8470600e-01   7.4265510e+01
   5.9791308e-02   8.3815555e-01   7.3349187e+01
   5.8525326e-02   8.0252833e-01   7.2653350e+01
   5.1227134e-02   7.9600635e-01   7.2532557e+01
   4.8608370e-02   7.9355288e-01   7.2432023e+01
   5.2674300e-02   8.3063333e-01   7.1989347e+01
   4.8551266e-02   7.9921093e-01   7.2087293e+01
   4.9038308e-02   8.1717408e-01   7.3035830e+01
   4.9298160e-02   8.1988435e-01   7.3359183e+01
   4.9623348e-02   8.0479170e-01   7.3034963e+01
   5.2228704e-02   8.0812213e-01   7.3257710e+01
   5.3832000e-02   8.1017160e-01   7.3394787e+01
   5.3793888e-02   8.1046130e-01   7.3447547e+01
   5.3694796e-02   8.1121450e-01   7.3584727e+01
   5.3595702e-02   8.1196767e-01   7.3721900e+01
   5.3534720e-02   8.1243120e-01   7.3806317e+01
   5.4151006e-02   8.1262857e-01   7.3797223e+01
   5.5486292e-02   8.1305612e-01   7.3777520e+01
   5.6821580e-02   8.1348370e-01   7.3757817e+01
   5.7540580e-02   8.1371393e-01   7.3747203e+01
   5.8300778e-02   8.1311760e-01   7.3731020e+01
   5.9947872e-02   8.1182550e-01   7.3695950e+01
   6.1594962e-02   8.1053345e-01   7.3660887e+01
   6.2481860e-02   8.0983770e-01   7.3642003e+01
   6.2375988e-02   8.0932712e-01   7.3641780e+01
   6.2146604e-02   8.0822095e-01   7.3641287e+01
   6.1917212e-02   8.0711473e-01   7.3640793e+01
   6.1793700e-02   8.0651913e-01   7.3640530e+01
   6.1480684e-02   8.0573547e-01   7.3617873e+01
   6.0899370e-02   8.0428013e-01   7.3575790e+01
   6.0318056e-02   8.0282470e-01   7.3533703e+01
   6.0005040e-02   8.0204105e-01   7.3511047e+01
   5.9343002e-02   8.0144725e-01   7.3474917e+01
   5.7908590e-02   8.0016075e-01   7.3396643e+01
   5.6474176e-02   7.9887420e-01   7.3318363e+01
   5.5701800e-02   7.9818148e-01   7.3276213e+01
   5.5097296e-02   7.9748930e-01   7.3251683e+01
   5.1772520e-02   7.9368250e-01   7.3116787e+01
   5.4365100e-02   7.8829395e-01   7.2879690e+01
   5.8234680e-02   7.8223965e-01   7.2512513e+01
   5.6630000e-02   7.7583100e-01   7.2112490e+01
   5.6791040e-02   7.6812100e-01   7.1641053e+01
   5.7894900e-02   7.5524550e-01   7.0971757e+01
   5.5908180e-02   7.4099677e-01   7.0137757e+01
   5.1374640e-02   7.2363060e-01   6.9270350e+01
   4.8273800e-02   7.0518613e-01   6.8215247e+01
   4.9798400e-02   6.8974800e-01   6.7233217e+01
   4.7340000e-02   6.7903313e-01   6.6359150e+01
   4.3740040e-02   6.6529375e-01   6.5296793e+01
   4.3477320e-02   6.4786928e-01   6.4001173e+01
   4.5034360e-02   6.2821040e-01   6.2833727e+01
   4.5198340e-02   6.1260560e-01   6.1436693e+01
   4.4316000e-02   5.9965087e-01   5.9522397e+01
   4.2497760e-02   5.8205445e-01   5.7160433e+01
   3.7481600e-02   5.5591700e-01   5.4374393e+01
   3.5418000e-02   5.1577463e-01   5.1191163e+01
   3.3578880e-02   4.5952347e-01   4.6827683e+01
   2.5354360e-02   3.8292030e-01   4.0198600e+01
   1.9058600e-02   2.9800720e-01   3.2402983e+01
   1.3071240e-02   2.2917668e-01   2.5837717e+01
   8.4845000e-03   1.8453787e-01   2.1662273e+01
   7.3898000e-03   1.5955250e-01   1.9653717e+01
   7.3277600e-03   1.4530615e-01   1.8761557e+01
   7.2349200e-03   1.4017658e-01   1.9079470e+01
   5.4961000e-03   1.4103963e-01   1.9647823e+01
   4.4702000e-03   1.3051388e-01   1.8660603e+01
   4.1210000e-03   1.2046000e-01   1.7797467e+01
   5.0502400e-03   1.2665055e-01   1.8784973e+01
   6.2668000e-03   1.4961985e-01   2.1558790e+01
   8.9830400e-03   1.8392000e-01   2.5557543e+01
   1.1342720e-02   2.2225600e-01   2.9789463e+01
   1.2457440e-02   2.5864380e-01   3.3505097e+01
   1.6581400e-02   2.8602915e-01   3.6310853e+01
   1.8892440e-02   3.0625245e-01   3.8191400e+01
   1.7821200e-02   3.2115288e-01   3.9196413e+01
   1.7539200e-02   3.2886000e-01   3.9738617e+01
   1.8734300e-02   3.4009960e-01   4.0608413e+01
   2.1094440e-02   3.5739397e-01   4.2061347e+01
   2.2176880e-02   3.7195400e-01   4.3141953e+01
   2.3055740e-02   3.7535023e-01   4.3140647e+01
   2.4079860e-02   3.7434495e-01   4.2962683e+01
   2.4425160e-02   3.7838415e-01   4.3252920e+01
   2.2390920e-02   3.8501460e-01   4.3642207e+01
   2.3575260e-02   3.9258227e-01   4.4234750e+01
   2.5182600e-02   4.0318950e-01   4.5009160e+01
   2.6099360e-02   4.1446050e-01   4.5688737e+01
   2.8000960e-02   4.2166540e-01   4.6230360e+01
   2.7727480e-02   4.2604842e-01   4.6734033e+01
   2.6338440e-02   4.2574022e-01   4.7111427e+01
   2.4661280e-02   4.2267400e-01   4.7369570e+01
   2.5334840e-02   4.1921635e-01   4.7398197e+01
   2.6040000e-02   4.1199000e-01   4.7216897e+01
   2.4008040e-02   4.0452323e-01   4.6934137e+01
   2.2205120e-02   3.9703720e-01   4.6500050e+01
   2.2716400e-02   3.8528210e-01   4.5831603e+01
   2.1787440e-02   3.6973523e-01   4.4572947e+01
   2.0316240e-02   3.5086380e-01   4.2889123e+01
   1.9496400e-02   3.3654500e-01   4.1558863e+01
   1.8592740e-02   3.3254608e-01   4.1292890e+01
   1.9829920e-02   3.3688330e-01   4.1743543e+01
   2.0418480e-02   3.3956820e-01   4.1893227e+01
   2.0715700e-02   3.4208162e-01   4.1832360e+01
   1.9647520e-02   3.4303075e-01   4.1825440e+01
   1.8759600e-02   3.4132050e-01   4.1609990e+01
   1.9042680e-02   3.3657425e-01   4.1009213e+01
   1.8841800e-02   3.2517300e-01   4.0031323e+01
   1.8232760e-02   3.1356340e-01   3.8784840e+01
   1.7286900e-02   2.9954025e-01   3.7284293e+01
   1.6291240e-02   2.8043505e-01   3.5469213e+01
   1.3605200e-02   2.6019945e-01   3.3623293e+01
   1.2025520e-02   2.4075285e-01   3.1969643e+01
   1.1209080e-02   2.2490633e-01   3.0453493e+01
   1.0000640e-02   2.0818640e-01   2.8664467e+01
   8.2396600e-03   1.8371567e-01   2.5823020e+01
   7.0655200e-03   1.5610980e-01   2.2864540e+01
   5.7108000e-03   1.3729715e-01   2.1031280e+01
   4.5369600e-03   1.2311230e-01   1.9405970e+01
   4.1074000e-03   1.0268500e-01   1.6586090e+01
   2.7789000e-03   7.7114475e-02   1.2704753e+01
   1.4812800e-03   5.5779450e-02   9.1852340e+00
   1.1151600e-03   4.2515475e-02   6.8345757e+00
   1.5016000e-03   3.3082125e-02   5.3778047e+00
   5.6694000e-04   2.7638325e-02   4.3373297e+00
   7.5560000e-04   2.3612500e-02   3.5287920e+00
   9.4970000e-04   1.9943700e-02   2.8908460e+00
  -3.8072000e-04   1.8084200e-02   2.3781830e+00
   1.9016000e-04   1.6401300e-02   1.9684200e+00
   3.8164000e-04   1.5027075e-02   1.6607160e+00
   5.7390000e-04   1.4347500e-02   1.4669683e+00
   7.6968000e-04   1.4672025e-02   1.3696063e+00
   7.7368000e-04   1.7407800e-02   1.3442220e+00
   5.8152000e-04   1.8657100e-02   1.3643527e+00
   7.7608000e-04   1.8431900e-02   1.3853823e+00
   7.7256000e-04   1.9072575e-02   1.3920367e+00
   1.3456800e-03   1.9224000e-02   1.3787937e+00
   1.1538000e-03   1.7547375e-02   1.4008490e+00
   7.6872000e-04   1.4893950e-02   1.4433553e+00
   0.0000000e+00   1.4256000e-02   1.4985413e+00
  -3.7716000e-04   1.3436325e-02   1.6544597e+00
   0.0000000e+00   1.3705400e-02   1.9680243e+00
   5.6706000e-04   1.4176500e-02   2.2422577e+00
   5.6538000e-04   1.3663350e-02   2.3786693e+00
   0.0000000e+00   1.2703500e-02   2.4927640e+00
   1.8780000e-04   1.3615500e-02   2.6510980e+00
   5.6046000e-04   1.5879700e-02   3.0574533e+00
   1.8640000e-04   1.7941000e-02   3.6512280e+00
   1.8676000e-04   2.1710850e-02   4.5156513e+00
   1.1212800e-03   2.8032000e-02   5.8300557e+00
   1.3062000e-03   3.4521000e-02   6.9212400e+00
   1.4908800e-03   3.6107250e-02   7.1572977e+00
   1.1204400e-03   3.3613200e-02   6.6243297e+00
   9.3440000e-04   3.1769600e-02   6.2349867e+00
   5.5872000e-04   3.3057600e-02   6.5632340e+00
   1.3043800e-03   3.6103375e-02   7.1650377e+00
   1.1209200e-03   4.0633350e-02   7.8655733e+00
   1.1198400e-03   4.5493500e-02   8.8171300e+00
   1.8610000e-03   5.4434250e-02   1.0327497e+01
   2.0462200e-03   6.7897300e-02   1.2332490e+01
   2.7978000e-03   8.3001400e-02   1.4500097e+01
   3.3631200e-03   9.3653550e-02   1.6255880e+01
   3.9249000e-03   1.0256138e-01   1.7540570e+01
   3.9270000e-03   1.1430375e-01   1.8961310e+01
   4.6710000e-03   1.2658410e-01   2.0479660e+01
   6.1617600e-03   1.3513860e-01   2.1749247e+01
   6.7291200e-03   1.4205920e-01   2.2764020e+01
   6.5513000e-03   1.4951002e-01   2.3747723e+01
   5.7895600e-03   1.5547770e-01   2.4591007e+01
   6.3294400e-03   1.6056300e-01   2.5279673e+01
   6.3083600e-03   1.6536252e-01   2.5822067e+01
   7.1136000e-03   1.6801200e-01   2.6213623e+01
   7.6514200e-03   1.7099057e-01   2.6518990e+01
   8.1030400e-03   1.7218960e-01   2.6776663e+01
   8.0810400e-03   1.7286998e-01   2.6973907e+01
   7.6641600e-03   1.7335600e-01   2.7006843e+01
   7.8526600e-03   1.7234763e-01   2.6973437e+01
   7.8397600e-03   1.7274820e-01   2.6915130e+01
   7.2520000e-03   1.7268825e-01   2.6789517e+01
   7.9807200e-03   1.7049720e-01   2.6516120e+01
   7.6196400e-03   1.6622608e-01   2.6028853e+01
   7.6297200e-03   1.6031495e-01   2.5416187e+01
   7.0847400e-03   1.5804420e-01   2.4983877e+01
   6.5620800e-03   1.5721650e-01   2.4856580e+01
   6.5469600e-03   1.5753622e-01   2.4928887e+01
   7.4070600e-03   1.5875498e-01   2.4949220e+01
   7.0574400e-03   1.5811380e-01   2.4866080e+01
   5.9782800e-03   1.5647695e-01   2.4758003e+01
   6.1560400e-03   1.5435365e-01   2.4499933e+01
   5.9353800e-03   1.5220653e-01   2.4148933e+01
   5.9386800e-03   1.4846700e-01   2.3826307e+01
   5.7996800e-03   1.4771060e-01   2.3665840e+01
   6.5253600e-03   1.4953950e-01   2.3721433e+01
   6.3700000e-03   1.4969500e-01   2.3817280e+01
   5.8624000e-03   1.5091100e-01   2.3824140e+01
   6.0482400e-03   1.5280970e-01   2.3872967e+01
   6.4232000e-03   1.5255100e-01   2.3942010e+01
   5.7040000e-03   1.5157000e-01   2.3857543e+01
   6.1056600e-03   1.5125385e-01   2.3583547e+01
   5.9616000e-03   1.4904000e-01   2.3208957e+01
   5.6076000e-03   1.4579760e-01   2.2899580e+01
   6.4042400e-03   1.4433085e-01   2.2721717e+01
   6.2403000e-03   1.4371600e-01   2.2614377e+01
   6.1011200e-03   1.4323332e-01   2.2436540e+01
   5.7930000e-03   1.4265263e-01   2.2327613e+01
   6.1484800e-03   1.4146307e-01   2.2293453e+01
   6.2818800e-03   1.3896280e-01   2.2040247e+01
   5.7078000e-03   1.3722503e-01   2.1724400e+01
   5.7540000e-03   1.3473950e-01   2.1570330e+01
   5.0377600e-03   1.3369440e-01   2.1483987e+01
   5.2623000e-03   1.3253200e-01   2.1241213e+01
   5.6944400e-03   1.3057940e-01   2.0996343e+01
   5.1526800e-03   1.2856927e-01   2.0882857e+01
   5.1417600e-03   1.2755520e-01   2.0690613e+01
   4.9175000e-03   1.2637975e-01   2.0408923e+01
   4.1218800e-03   1.2463780e-01   2.0149147e+01
   4.3168400e-03   1.2239222e-01   1.9932923e+01
   4.9390000e-03   1.2051160e-01   1.9720290e+01
   5.3638200e-03   1.1919600e-01   1.9413303e+01
   3.5971200e-03   1.1640680e-01   1.8985680e+01
   3.0294000e-03   1.1410740e-01   1.8720090e+01
   2.8464800e-03   1.1335090e-01   1.8624070e+01
   3.0675000e-03   1.1375313e-01   1.8329243e+01
   3.2944000e-03   1.0964175e-01   1.7789280e+01
   2.7120600e-03   1.0613542e-01   1.7397407e+01
   2.3278200e-03   1.0316475e-01   1.7112060e+01
   2.3467400e-03   1.0053648e-01   1.6672363e+01
   3.0044000e-03   9.9520750e-02   1.6231520e+01
   2.1492000e-03   9.5370750e-02   1.5930327e+01
   2.1556000e-03   9.2960250e-02   1.5598073e+01
   1.9400400e-03   9.2421350e-02   1.5301123e+01
   1.0806000e-03   9.1580850e-02   1.5169157e+01
   2.8142400e-03   8.8215600e-02   1.4965153e+01
   3.4742400e-03   8.4413175e-02   1.4631850e+01
   1.1011000e-03   8.1756675e-02   1.4165933e+01
   8.8984000e-04   7.6748700e-02   1.3534797e+01
   1.5540000e-03   7.2705000e-02   1.3022860e+01
   1.3312800e-03   6.9337500e-02   1.2426913e+01
   1.3441200e-03   6.3285650e-02   1.1497337e+01
   1.1237000e-03   5.6746850e-02   1.0579120e+01
   9.0392000e-04   5.0845500e-02   9.7229083e+00
   9.1408000e-04   4.4561400e-02   8.9973647e+00
   6.9132000e-04   3.9462850e-02   8.2865090e+00
  -6.9894000e-04   3.4073325e-02   7.2100210e+00
  -7.0416000e-04   2.8753200e-02   6.1274493e+00
   2.3610000e-04   2.3610000e-02   5.1056610e+00
   2.3766000e-04   1.9012800e-02   4.0631637e+00
   0.0000000e+00   1.4633850e-02   3.2227963e+00
   2.3980000e-04   1.3488750e-02   2.6123327e+00
   4.7808000e-04   1.0458000e-02   2.0924520e+00
  -9.5392000e-04   8.6449000e-03   1.6707340e+00
  -1.4462400e-03   8.1351000e-03   1.3539430e+00
  -4.8888000e-04   5.4999000e-03   1.1141460e+00
  -9.7216000e-04   3.9494000e-03   9.3002120e-01
  -7.1964000e-04   3.8980500e-03   8.0210093e-01
  -7.1736000e-04   2.3912000e-03   7.0420747e-01
  -2.3968000e-04   3.2956000e-03   6.3254520e-01
   0.0000000e+00   4.8328000e-03   5.8469387e-01
   0.0000000e+00   3.0387500e-03   5.5021417e-01
  -4.8068000e-04   2.1029750e-03   5.2649813e-01
  -1.4338800e-03   1.7923500e-03   4.9814900e-01
  -2.1596400e-03   2.3996000e-03   4.7485440e-01
  -7.2462000e-04   2.1134750e-03   4.5585080e-01
   0.0000000e+00   3.0357500e-03   4.4127980e-01
  -2.4266000e-04   3.3365750e-03   4.2138453e-01
   0.0000000e+00   2.1441000e-03   4.0366407e-01
  -2.4714000e-04   3.0892500e-03   4.0255240e-01
  -4.9572000e-04   3.0982500e-03   4.0774197e-01
  -1.2356000e-03   1.8534000e-03   4.0088720e-01
  -1.4740800e-03   1.8426000e-03   3.8556063e-01
  -1.7199000e-03   1.5356250e-03   3.8088050e-01
  -4.8868000e-04   1.2217000e-03   3.8079567e-01
  -2.4336000e-04   9.1260000e-04   3.8345230e-01
  -1.4508000e-03   3.0225000e-04   3.9017833e-01
  -7.2036000e-04   9.0045000e-04   3.8811587e-01
  -2.4072000e-04   9.0270000e-04   3.8421263e-01
  -4.8772000e-04   9.1447500e-04   3.8202500e-01
  -1.4683200e-03  -3.0590000e-04   3.7627527e-01
