   1.4533195e-03
   1.8161605e-03
   1.1567252e-03
   1.8144389e-03
   1.5007062e-03
   1.8768632e-03
   1.7317065e-03
   1.6755580e-03
   1.9294241e-03
   1.9774617e-03
   2.7289546e-03
   2.8536489e-03
   2.5259306e-03
   3.3648619e-03
   3.5827471e-03
   4.2518439e-03
   4.8219523e-03
   5.1476708e-03
   5.2994445e-03
   5.7115501e-03
   6.6746953e-03
   6.0331481e-03
   6.7926915e-03
   7.2501518e-03
   7.9119375e-03
   7.7311736e-03
   8.0294231e-03
   8.4856252e-03
   8.5725961e-03
   8.8819944e-03
   8.5256711e-03
   9.0688305e-03
   9.2615517e-03
   9.4265598e-03
   9.5571485e-03
   9.6786152e-03
   9.4955187e-03
   9.8139873e-03
   1.0016132e-02
   1.0072708e-02
   9.8172250e-03
   1.0542568e-02
   1.0841514e-02
   1.1063221e-02
   1.1004658e-02
   1.1269642e-02
   1.0022594e-02
   1.0007121e-02
   1.0315773e-02
   1.0464519e-02
   1.0691720e-02
   1.0762336e-02
   1.1172445e-02
   1.1197270e-02
   1.1350313e-02
   1.1514295e-02
   1.1324325e-02
   1.1556375e-02
   1.1551925e-02
   1.1501733e-02
   1.1580036e-02
   1.1736493e-02
   1.1830566e-02
   1.1946001e-02
   1.2023908e-02
   1.2049804e-02
   1.2124854e-02
   1.2192964e-02
   1.2141879e-02
   1.2169762e-02
   1.2232001e-02
   1.2318626e-02
   1.2302056e-02
   1.2360114e-02
   1.2302588e-02
   1.2350056e-02
   1.2147264e-02
   1.2126505e-02
   1.2032795e-02
   1.2060093e-02
   1.1884024e-02
   1.1637733e-02
   1.1470459e-02
   1.1430680e-02
   1.1415673e-02
   1.1363205e-02
   1.1339879e-02
   1.1285059e-02
   1.1200472e-02
   1.1108936e-02
   1.1021486e-02
   1.0959847e-02
   1.0845415e-02
   1.0758525e-02
   1.0659900e-02
   1.0647874e-02
   1.0511180e-02
   1.0361918e-02
   1.0233368e-02
   1.0163069e-02
   1.0119382e-02
   1.0024754e-02
   9.9812307e-03
   9.8410437e-03
   9.7641083e-03
   9.6970167e-03
   9.6088902e-03
   9.4962821e-03
   9.4156465e-03
   9.3144554e-03
   9.2654957e-03
   9.1897289e-03
   9.1481662e-03
   9.1202052e-03
   9.1130737e-03
   9.0655496e-03
   9.0499394e-03
   9.0112916e-03
   8.9886333e-03
   8.9598072e-03
   8.9021361e-03
   8.8742984e-03
   8.8134566e-03
   8.7446526e-03
   8.6759568e-03
   8.6110042e-03
   8.5328608e-03
   8.4840190e-03
   8.4443855e-03
   8.4090285e-03
   8.3777565e-03
   8.3265417e-03
   8.1835323e-03
   8.0553503e-03
   7.9716243e-03
   7.8800499e-03
   7.7795389e-03
   7.6557718e-03
   7.5205838e-03
   7.3847662e-03
   7.2576941e-03
   7.0963580e-03
   6.9271677e-03
   6.7424093e-03
   6.5813323e-03
   6.4054764e-03
   6.2113149e-03
   6.0152439e-03
   5.8319632e-03
   5.6727091e-03
   5.5694210e-03
   5.4970540e-03
   5.4376750e-03
   5.3732352e-03
   5.3229713e-03
   5.2704787e-03
   5.2086814e-03
   5.1524469e-03
   5.0977577e-03
   5.0293488e-03
   4.9552363e-03
   4.8892105e-03
   4.8212863e-03
   4.7546666e-03
   4.6797789e-03
   4.6150614e-03
   4.5450841e-03
   4.4728218e-03
   4.3818622e-03
   4.3016663e-03
   4.2269602e-03
   4.1547783e-03
   4.0764553e-03
   3.9846421e-03
   3.9184592e-03
   3.8473005e-03
   3.7899492e-03
   3.7366730e-03
   3.6851606e-03
   3.6334686e-03
   3.5752142e-03
   3.5191934e-03
   3.4635148e-03
   3.3981902e-03
   3.3265831e-03
   3.2527360e-03
   3.1676015e-03
   3.0897645e-03
   3.0151212e-03
   2.9395420e-03
   2.8605616e-03
   2.7928740e-03
   2.7212715e-03
   2.6467139e-03
   2.5754462e-03
   2.5008644e-03
   2.4056989e-03
   2.3049782e-03
   2.1752961e-03
   2.0673953e-03
   1.9936039e-03
   1.9280657e-03
   1.8874300e-03
   1.8390099e-03
   1.8027781e-03
   1.7633775e-03
   1.7419881e-03
   1.7158098e-03
   1.7015713e-03
   1.6746871e-03
   1.6573102e-03
   1.6389507e-03
   1.6163627e-03
   1.5962350e-03
   1.5829527e-03
   1.5771353e-03
   1.5605307e-03
   1.5411459e-03
   1.5148276e-03
   1.4921108e-03
   1.4935762e-03
   1.5011032e-03
   1.4775647e-03
   1.4331082e-03
   1.4066764e-03
   1.3599163e-03
   1.3226200e-03
   1.3218597e-03
   1.3046890e-03
   1.2842803e-03
   1.2703459e-03
   1.2527027e-03
   1.2380208e-03
   1.2152962e-03
   1.2104997e-03
   1.1971142e-03
   1.1657530e-03
   1.1194550e-03
   1.0739372e-03
   1.0610997e-03
   1.0541092e-03
   1.0475576e-03
   1.0336481e-03
   1.0243711e-03
   1.0218461e-03
   1.0175817e-03
   1.0227983e-03
   1.0173586e-03
   1.0214722e-03
   1.0117628e-03
   9.9423922e-04
   9.7321673e-04
   9.6173810e-04
   9.5613549e-04
   9.5466195e-04
   9.4575252e-04
   9.3722056e-04
   9.3204981e-04
   9.1228073e-04
   9.0045501e-04
   8.9398110e-04
   8.7376260e-04
   8.5665124e-04
   8.2643547e-04
   7.7303759e-04
   6.9814491e-04
   6.6346594e-04
   6.5107829e-04
   6.2529474e-04
   5.9255400e-04
   6.0103203e-04
   6.1772356e-04
   6.1439726e-04
   5.6651974e-04
   5.4272774e-04
   5.3094218e-04
   5.2783854e-04
   5.1450248e-04
   5.0727072e-04
   4.9589648e-04
   4.9894892e-04
   4.7418880e-04
   4.6413724e-04
   4.2432877e-04
   3.3704830e-04
   2.2366963e-04
   1.5857036e-04
   1.6910687e-04
   1.8771716e-04
   1.9081744e-04
   1.5515232e-04
   1.3767032e-04
   1.2497438e-04
   1.3240264e-04
   1.6122598e-04
   2.0040852e-04
   2.5042234e-04
   2.6756737e-04
   2.7059554e-04
   2.7706643e-04
   3.0055671e-04
   3.1698506e-04
   3.4128926e-04
   3.1412027e-04
   3.3973440e-04
   3.3259296e-04
   3.2703649e-04
   3.2651337e-04
   3.1033095e-04
   3.1018111e-04
   3.2123963e-04
   3.0592743e-04
   2.9688067e-04
   2.3680733e-04
   9.5928718e-05
  -5.7591971e-05
  -7.8909505e-05
  -2.1104605e-05
   4.9721595e-05
   1.3669872e-04
   1.7445120e-04
   1.9696353e-04
   1.8428867e-04
   1.8186493e-04
   1.9601115e-04
   1.7259412e-04
   1.7191145e-04
   1.7200275e-04
   1.3819368e-04
   1.3116975e-04
   1.4289803e-04
   1.0967926e-04
   9.6378773e-05
   6.6643323e-05
   5.8786294e-05
   4.8790460e-05
   3.8960465e-05
   5.3384596e-05
   3.4977159e-05
   3.9275961e-05
   4.2673069e-05
   2.0181257e-05
   9.8954637e-06
  -2.0261949e-05
   2.7366450e-05
   2.6894636e-05
   1.6592030e-05
   1.9066430e-05
  -5.3273904e-06
  -6.4297905e-05
  -1.1636805e-04
  -1.8438424e-04
  -2.2430006e-04
  -2.1952047e-04
  -2.3255856e-04
  -2.4048828e-04
  -1.6342749e-04
  -1.9474517e-04
  -1.9987749e-04
  -1.7713156e-04
  -1.6780229e-04
  -1.5350448e-04
  -2.0400524e-04
  -2.1369266e-04
  -1.6748356e-04
  -1.4391211e-04
  -1.2836740e-04
  -1.1669313e-04
  -8.6151825e-05
  -1.3532356e-04
  -1.2761304e-04
  -1.2536885e-04
  -9.4436130e-05
  -6.7791661e-05
  -1.0499329e-04
  -9.3659223e-05
  -8.4564400e-05
  -1.1209076e-04
  -1.0786274e-04
  -1.1473527e-04
  -9.3328656e-05
  -1.0537064e-04
  -1.0981841e-04
  -7.6238224e-05
  -1.3115397e-04
  -1.2627910e-04
  -1.1138278e-04
  -1.0929038e-04
  -1.2636510e-04
  -1.1186588e-04
  -1.1645882e-04
  -6.9903033e-05
  -1.3663627e-04
  -1.2065540e-04
  -1.6891369e-04
  -1.6661416e-04
  -1.8469367e-04
  -1.4548856e-04
  -1.9754724e-04
  -2.3226151e-04
  -1.8934860e-04
  -2.0695506e-04
  -2.8404523e-04
  -2.0966502e-04
  -1.9819078e-04
  -2.6083436e-04
  -3.0051000e-04
  -3.8253529e-04
  -3.7462675e-04
  -3.8226689e-04
  -4.3046916e-04
  -4.7190281e-04
  -4.9272634e-04
  -4.4901068e-04
  -4.9185102e-04
  -4.3429387e-04
  -3.9806045e-04
  -4.4162343e-04
  -4.2643261e-04
  -5.0005189e-04
  -4.3081841e-04
  -5.7673592e-04
  -5.7551656e-04
  -5.0411823e-04
  -5.1099906e-04
  -5.2235002e-04
  -5.0111966e-04
  -4.6056808e-04
  -3.8298218e-04
  -4.6110587e-04
  -4.5576357e-04
  -4.3521436e-04
  -5.1853729e-04
  -5.2479778e-04
  -7.4735364e-04
  -7.5726373e-04
  -6.9864029e-04
  -6.8431038e-04
  -8.5101482e-04
  -4.5473123e-04
  -8.0442255e-04
  -7.1589968e-04
  -7.6412667e-04
  -8.0037993e-04
  -1.0627189e-03
  -8.5892533e-04
  -6.3377729e-04
  -7.4644055e-04
  -3.7972289e-04
  -7.6928963e-04
  -7.1571747e-04
  -9.0167988e-04
  -9.9561174e-04
  -6.6588753e-04
  -6.4777654e-04
  -6.4414099e-04
  -5.8430540e-04
  -7.5003437e-04
  -6.8146777e-04
  -4.3415123e-04
  -6.7617803e-04
  -4.7493678e-04
  -6.2501154e-04
  -4.2071533e-04
  -4.2071533e-04
  -5.4675094e-04
  -4.0422014e-04
  -5.7654870e-04
  -5.9119910e-04
  -3.9389180e-04
  -8.0088612e-05
  -4.2873975e-04
  -4.9106996e-04
  -2.9117311e-04
  -3.2761653e-04
  -1.9458801e-04
  -1.7110162e-04
  -3.4269518e-04
  -5.0695154e-04
  -3.0275883e-04
  -2.4259238e-04
  -3.3299098e-04
  -3.9036970e-04
  -3.0201686e-04
  -2.6286194e-04
  -3.4501958e-04
  -3.5048589e-04
  -1.6529848e-04
  -8.2874422e-05
  -1.2970172e-04
  -2.9065188e-04
  -2.1283443e-05
   9.9806938e-05
  -1.5267448e-04
  -1.7231553e-04
  -3.6780151e-04
  -4.4889055e-04
  -4.3664571e-04
  -5.6613465e-04
  -6.6787324e-04
  -6.9286546e-04
  -6.5237516e-04
  -5.4269056e-04
  -4.7552331e-04
  -4.8164743e-04
  -4.9752892e-04
  -5.1335134e-04
  -5.2305902e-04
  -5.1797427e-04
  -5.0695298e-04
  -4.9592567e-04
  -4.8998553e-04
  -4.7590066e-04
  -4.4536214e-04
  -4.1479474e-04
  -3.9832315e-04
  -4.0011636e-04
  -4.0400154e-04
  -4.0788691e-04
  -4.0997897e-04
  -4.1273163e-04
  -4.1784805e-04
  -4.2297024e-04
  -4.2573090e-04
  -4.2506103e-04
  -4.2360729e-04
  -4.2215038e-04
  -4.2136466e-04
  -4.3676657e-04
  -5.2166220e-04
  -5.1225448e-04
  -4.0016980e-04
  -4.4776301e-04
  -4.2906550e-04
  -4.3750687e-04
  -5.0456480e-04
  -5.3907538e-04
  -5.6711687e-04
  -4.7765835e-04
  -4.5282171e-04
  -5.4356959e-04
  -5.6655474e-04
  -4.9271011e-04
  -5.1237590e-04
  -5.2943476e-04
  -4.0932092e-04
  -4.4235145e-04
  -6.0417299e-04
  -6.0898928e-04
  -6.4575567e-04
  -5.1126197e-04
  -4.9550109e-04
  -6.4855641e-04
  -8.2486755e-04
  -6.1343841e-04
  -5.4128818e-04
  -8.1594243e-04
  -8.7625308e-04
  -9.4166030e-04
  -9.5867043e-04
  -7.9504313e-04
  -7.6567172e-04
  -8.0128744e-04
  -8.7209084e-04
  -7.8966477e-04
  -7.8382376e-04
  -8.4758409e-04
  -7.8975819e-04
  -7.4005118e-04
  -7.3783826e-04
  -7.3350828e-04
  -6.1487686e-04
  -5.5126229e-04
  -6.2502329e-04
  -7.3057090e-04
  -6.8501728e-04
  -6.4793192e-04
  -6.3764981e-04
  -6.5515772e-04
  -6.6876715e-04
  -6.5111664e-04
  -6.6300019e-04
  -6.4519519e-04
  -6.4425257e-04
  -7.4887210e-04
  -7.5080480e-04
  -7.4214293e-04
  -7.2865613e-04
  -7.1239082e-04
  -7.7710310e-04
  -8.3234095e-04
  -7.4087434e-04
  -6.9973174e-04
  -7.1123761e-04
  -6.4756158e-04
  -7.1108163e-04
  -7.6391216e-04
  -7.2741817e-04
  -7.6463957e-04
  -7.2050689e-04
  -7.2193543e-04
  -8.3265031e-04
  -8.6230008e-04
  -8.3693649e-04
  -8.3910258e-04
  -8.2336124e-04
  -8.7733583e-04
  -9.2571994e-04
  -8.9191540e-04
  -9.3759100e-04
  -1.1273524e-03
  -1.1672976e-03
  -8.6669487e-04
  -7.5011253e-04
  -1.2820370e-03
  -1.2982567e-03
  -6.4404641e-04
  -1.3196135e-03
  -1.3182488e-03
  -7.8596962e-04
  -7.4423869e-04
  -6.0944693e-05
  -1.4748349e-03
  -2.5875832e-05
  -1.1039942e-04
  -7.9040983e-04
  -7.8891596e-04
   5.7909382e-04
   5.9462613e-04
  -1.4298678e-03
  -1.3959431e-03
  -1.3011435e-03
  -4.3295571e-04
  -8.6893345e-04
  -1.2321888e-03
  -1.2354168e-03
  -9.2071425e-04
  -9.6626290e-04
  -1.0180315e-03
  -9.1212691e-04
  -9.7234616e-04
  -1.1153276e-03
  -9.6209265e-04
  -7.8898174e-04
  -1.0984158e-03
  -9.7669416e-04
  -1.0104719e-03
  -1.1464750e-03
  -1.0754986e-03
  -1.1085618e-03
  -9.4334518e-04
  -1.0378346e-03
  -1.1075976e-03
  -1.0243176e-03
  -1.0020676e-03
  -8.9294173e-04
  -8.6882057e-04
  -9.2250687e-04
  -9.7429155e-04
  -9.5085792e-04
  -8.9080128e-04
  -8.8969866e-04
  -8.9269538e-04
  -9.7173517e-04
  -9.4117253e-04
  -8.7812320e-04
  -9.0819063e-04
  -9.0585975e-04
  -9.1161505e-04
  -8.4010817e-04
  -9.3063054e-04
  -8.8363147e-04
  -8.4361396e-04
  -9.1116750e-04
  -9.4860021e-04
  -8.8085715e-04
  -9.5375668e-04
  -1.0591212e-03
  -9.7998466e-04
  -9.0092092e-04
  -8.5916956e-04
  -8.1758653e-04
  -8.5641269e-04
  -8.1945498e-04
  -8.9207760e-04
  -9.7044340e-04
  -8.5945382e-04
  -9.3258134e-04
  -9.2589857e-04
  -9.2329773e-04
  -9.5717005e-04
  -9.0536706e-04
  -8.9958023e-04
  -9.3608873e-04
  -1.0183241e-03
  -1.0185893e-03
  -9.7239435e-04
  -9.2688392e-04
  -9.2137657e-04
  -9.5655303e-04
  -9.0523882e-04
  -7.5975905e-04
  -7.9756568e-04
  -9.8501974e-04
  -8.8612875e-04
  -8.3196584e-04
  -1.0260713e-03
  -9.6980201e-04
  -8.6308933e-04
  -9.5650185e-04
  -9.9986749e-04
  -1.0515153e-03
  -1.0523930e-03
  -1.0393396e-03
  -1.0274393e-03
  -1.0171611e-03
  -1.0102302e-03
  -9.4129882e-04
  -1.1316254e-03
  -1.1302320e-03
  -1.0535033e-03
  -1.1884571e-03
  -1.0452287e-03
  -1.0365927e-03
  -1.1738827e-03
  -1.1675462e-03
  -1.1674217e-03
  -1.1620099e-03
  -1.0546174e-03
  -1.1431561e-03
  -1.1361650e-03
  -1.1022729e-03
  -1.0800135e-03
  -1.0562328e-03
  -1.2215783e-03
  -1.2324998e-03
  -9.2817533e-04
  -8.5904295e-04
  -7.8763303e-04
  -6.3707893e-04
  -1.2129345e-03
  -3.9124470e-03
  -3.3977504e-03
  -2.5311590e-03
  -2.6892039e-03
  -1.2072333e-03
  -1.1577391e-03
  -1.2315406e-03
   9.6818457e-04
  -1.1705286e-03
  -5.8926280e-03
  -8.8419031e-03
  -3.8319582e-03
  -1.2767402e-03
  -1.3800935e-03
   1.9399289e-03
  -1.0952681e-03
  -1.2957102e-03
  -1.0952681e-03
  -1.0952681e-03
  -1.0952681e-03
  -1.0952681e-03
  -1.3045375e-03
  -1.1974399e-03
  -1.0952681e-03
  -1.0952681e-03
  -1.2005095e-03
  -1.3097209e-03
