   2.4479619e-03
   2.5503636e-03
   2.3850038e-03
   2.4274922e-03
   2.6191120e-03
   2.5049211e-03
   2.4642254e-03
   2.6228316e-03
   2.6505990e-03
   3.0857346e-03
   2.8461710e-03
   3.3142770e-03
   3.2366076e-03
   3.6944025e-03
   4.1521547e-03
   4.5077808e-03
   4.9144779e-03
   5.2563456e-03
   5.4363404e-03
   5.8400779e-03
   6.6433985e-03
   6.0631113e-03
   6.6963896e-03
   7.0724819e-03
   7.6384446e-03
   7.4725145e-03
   7.7192348e-03
   8.0967882e-03
   8.1874642e-03
   8.4251106e-03
   8.1444622e-03
   8.6159896e-03
   8.7657015e-03
   8.9167559e-03
   9.0252149e-03
   9.1283574e-03
   8.9797961e-03
   9.2512906e-03
   9.4419539e-03
   9.4959894e-03
   9.2899897e-03
   9.9064104e-03
   1.0165708e-02
   1.0371219e-02
   1.0337155e-02
   1.0577210e-02
   9.4995815e-03
   9.5106643e-03
   9.8048513e-03
   9.9185872e-03
   1.0136911e-02
   1.0223606e-02
   1.0582249e-02
   1.0597807e-02
   1.0748984e-02
   1.0905733e-02
   1.0750543e-02
   1.0951346e-02
   1.0956859e-02
   1.0933943e-02
   1.1031238e-02
   1.1155280e-02
   1.1261141e-02
   1.1356885e-02
   1.1453814e-02
   1.1482521e-02
   1.1558469e-02
   1.1628027e-02
   1.1605488e-02
   1.1613174e-02
   1.1679279e-02
   1.1774535e-02
   1.1761538e-02
   1.1832482e-02
   1.1790903e-02
   1.1823702e-02
   1.1646958e-02
   1.1628909e-02
   1.1553088e-02
   1.1594942e-02
   1.1436111e-02
   1.1209886e-02
   1.1066572e-02
   1.1044080e-02
   1.1037949e-02
   1.0989444e-02
   1.0969082e-02
   1.0929827e-02
   1.0855306e-02
   1.0778984e-02
   1.0699013e-02
   1.0648041e-02
   1.0544856e-02
   1.0472802e-02
   1.0402293e-02
   1.0389559e-02
   1.0271547e-02
   1.0139711e-02
   1.0011820e-02
   9.9501391e-03
   9.9156705e-03
   9.8318550e-03
   9.7904244e-03
   9.6671315e-03
   9.6024845e-03
   9.5450123e-03
   9.4647288e-03
   9.3681374e-03
   9.2905922e-03
   9.2059478e-03
   9.1618426e-03
   9.0960130e-03
   9.0651502e-03
   9.0491734e-03
   9.0472772e-03
   9.0152068e-03
   9.0003640e-03
   8.9691917e-03
   8.9567910e-03
   8.9355474e-03
   8.8883038e-03
   8.8693089e-03
   8.8186559e-03
   8.7634143e-03
   8.6977961e-03
   8.6471905e-03
   8.5811756e-03
   8.5381943e-03
   8.4973789e-03
   8.4698012e-03
   8.4437402e-03
   8.3961126e-03
   8.2663491e-03
   8.1416783e-03
   8.0632290e-03
   7.9781410e-03
   7.8781585e-03
   7.7627791e-03
   7.6368006e-03
   7.5064222e-03
   7.3833429e-03
   7.2344721e-03
   7.0784633e-03
   6.9113056e-03
   6.7576092e-03
   6.5830405e-03
   6.3910121e-03
   6.1981571e-03
   6.0173708e-03
   5.8608024e-03
   5.7588437e-03
   5.6919629e-03
   5.6394105e-03
   5.5824864e-03
   5.5333467e-03
   5.4869203e-03
   5.4345757e-03
   5.3845009e-03
   5.3340866e-03
   5.2726964e-03
   5.2029321e-03
   5.1450663e-03
   5.0807756e-03
   5.0235290e-03
   4.9527506e-03
   4.8903093e-03
   4.8301732e-03
   4.7585259e-03
   4.6835257e-03
   4.6083530e-03
   4.5376412e-03
   4.4664800e-03
   4.3872833e-03
   4.3089218e-03
   4.2398663e-03
   4.1770051e-03
   4.1213058e-03
   4.0719823e-03
   4.0245509e-03
   3.9803698e-03
   3.9268978e-03
   3.8732193e-03
   3.8241732e-03
   3.7660853e-03
   3.7052462e-03
   3.6405281e-03
   3.5644521e-03
   3.4996674e-03
   3.4298285e-03
   3.3552013e-03
   3.2843112e-03
   3.2175043e-03
   3.1415839e-03
   3.0708592e-03
   2.9980281e-03
   2.9223196e-03
   2.8387060e-03
   2.7434805e-03
   2.6434413e-03
   2.5508639e-03
   2.4829300e-03
   2.4231731e-03
   2.3728318e-03
   2.3232610e-03
   2.2799554e-03
   2.2387263e-03
   2.2084615e-03
   2.1774531e-03
   2.1576740e-03
   2.1342767e-03
   2.1150477e-03
   2.0973666e-03
   2.0812419e-03
   2.0641954e-03
   2.0493523e-03
   2.0409293e-03
   2.0351033e-03
   2.0142637e-03
   1.9920742e-03
   1.9795139e-03
   1.9779581e-03
   1.9751818e-03
   1.9668585e-03
   1.9412779e-03
   1.9140766e-03
   1.8841271e-03
   1.8592812e-03
   1.8405224e-03
   1.8298376e-03
   1.8129939e-03
   1.8010212e-03
   1.7820617e-03
   1.7715533e-03
   1.7522907e-03
   1.7455252e-03
   1.7368579e-03
   1.7109955e-03
   1.6798256e-03
   1.6511268e-03
   1.6396897e-03
   1.6296890e-03
   1.6225209e-03
   1.6103935e-03
   1.6041378e-03
   1.5996824e-03
   1.5886924e-03
   1.5906678e-03
   1.5818121e-03
   1.5825204e-03
   1.5771005e-03
   1.5616377e-03
   1.5429731e-03
   1.5320843e-03
   1.5281190e-03
   1.5292270e-03
   1.5206953e-03
   1.5158653e-03
   1.5112715e-03
   1.4960864e-03
   1.4930186e-03
   1.4866665e-03
   1.4700925e-03
   1.4610570e-03
   1.4424593e-03
   1.3907336e-03
   1.3551708e-03
   1.3289094e-03
   1.3149396e-03
   1.2970871e-03
   1.2775740e-03
   1.2716677e-03
   1.2815746e-03
   1.2720783e-03
   1.2431794e-03
   1.2207835e-03
   1.2082632e-03
   1.1997332e-03
   1.1851987e-03
   1.1763987e-03
   1.1671368e-03
   1.1588728e-03
   1.1465719e-03
   1.1327988e-03
   1.0975858e-03
   1.0421431e-03
   9.7669524e-04
   9.3126589e-04
   9.3508243e-04
   9.4678418e-04
   9.4059618e-04
   9.1740220e-04
   9.0356590e-04
   8.9725273e-04
   9.0140938e-04
   9.1300832e-04
   9.4064241e-04
   9.6964018e-04
   9.7125034e-04
   9.8210304e-04
   9.9006918e-04
   9.9623686e-04
   1.0100911e-03
   1.0179386e-03
   1.0079120e-03
   1.0126003e-03
   1.0141556e-03
   1.0161868e-03
   1.0054866e-03
   9.9503199e-04
   9.9600441e-04
   1.0004150e-03
   9.8988128e-04
   9.8390633e-04
   9.5027875e-04
   8.6516280e-04
   7.7653252e-04
   7.5625186e-04
   7.8884389e-04
   8.3344961e-04
   8.7869969e-04
   8.9644840e-04
   9.0890808e-04
   9.0415508e-04
   8.9798246e-04
   9.0088708e-04
   8.9194648e-04
   8.8876743e-04
   8.8221672e-04
   8.6440035e-04
   8.6678567e-04
   8.5718273e-04
   8.4496073e-04
   8.4058783e-04
   8.1704793e-04
   8.0779365e-04
   8.0083495e-04
   8.0141529e-04
   7.9928839e-04
   7.9942868e-04
   7.9795102e-04
   7.8656866e-04
   7.8618398e-04
   7.6543941e-04
   7.6372471e-04
   7.7916595e-04
   7.8211001e-04
   7.8084868e-04
   7.8513976e-04
   7.6546274e-04
   7.1198676e-04
   6.8367804e-04
   6.4843140e-04
   6.3031360e-04
   6.1300154e-04
   6.2030718e-04
   6.2640872e-04
   6.4859713e-04
   6.4479316e-04
   6.4841437e-04
   6.5036018e-04
   6.5288418e-04
   6.3652056e-04
   6.3874237e-04
   6.3769238e-04
   6.4651659e-04
   6.6627809e-04
   6.7266270e-04
   6.6713403e-04
   6.8933580e-04
   6.7431714e-04
   6.7922639e-04
   6.8248899e-04
   6.9192467e-04
   6.9245175e-04
   6.8292013e-04
   6.7417467e-04
   6.7947135e-04
   6.7210846e-04
   6.7816882e-04
   6.7534459e-04
   6.8716687e-04
   6.8157695e-04
   6.7981939e-04
   6.7627883e-04
   6.6312454e-04
   6.7224089e-04
   6.8978957e-04
   6.9135201e-04
   6.6567148e-04
   6.6859668e-04
   6.6100180e-04
   6.5156715e-04
   6.6459859e-04
   6.4494040e-04
   6.4117869e-04
   6.4841301e-04
   6.1288886e-04
   6.3314106e-04
   6.1904158e-04
   5.7307632e-04
   6.1332251e-04
   6.1496684e-04
   5.7924415e-04
   5.8880173e-04
   5.7023270e-04
   5.5511681e-04
   5.2017186e-04
   5.1216616e-04
   4.9510194e-04
   4.9139324e-04
   4.4745745e-04
   4.2709194e-04
   3.9247986e-04
   4.1788380e-04
   4.3581382e-04
   4.4579935e-04
   4.6922958e-04
   4.2623458e-04
   4.2722495e-04
   4.4118305e-04
   4.2367901e-04
   3.6458173e-04
   4.1148187e-04
   4.1288259e-04
   4.1304526e-04
   4.3229371e-04
   4.1624602e-04
   4.5406846e-04
   4.6501489e-04
   4.4465019e-04
   4.4029234e-04
   4.3509111e-04
   4.2012088e-04
   3.9875953e-04
   2.5384363e-04
   3.2373879e-04
   2.9338971e-04
   3.9345906e-04
   3.0749896e-04
   3.2307871e-04
   2.8771126e-04
   3.2972114e-04
   2.2375505e-04
   3.2256020e-04
   2.3499512e-04
   2.2660522e-04
   3.5167858e-04
   1.4435227e-04
   2.4397612e-04
   2.8117866e-04
   2.5381052e-04
   2.5356654e-04
   2.6794273e-04
   3.1729812e-04
   2.9964266e-04
   3.1953027e-04
   3.6634576e-04
   3.2665515e-04
   3.4603908e-04
   3.8006812e-04
   3.4347854e-04
   3.7926218e-04
   3.2695970e-04
   3.9353946e-04
   3.9353946e-04
   4.2072310e-04
   3.6376309e-04
   3.8605280e-04
   3.8794770e-04
   3.9531753e-04
   5.8891893e-04
   4.4853345e-04
   4.2343600e-04
   3.8401424e-04
   4.3592699e-04
   4.8463074e-04
   4.9322940e-04
   4.5390340e-04
   4.0022661e-04
   5.1010537e-04
   5.4248172e-04
   4.9067891e-04
   5.2780561e-04
   4.8778469e-04
   4.7004882e-04
   4.7591638e-04
   5.0961858e-04
   5.4946565e-04
   5.6720090e-04
   5.8166255e-04
   4.2744112e-04
   5.3117563e-04
   5.7790875e-04
   4.3837177e-04
   4.4131472e-04
   3.4439506e-04
   3.0983520e-04
   3.5123587e-04
   3.0793665e-04
   3.0249605e-04
   3.0348667e-04
   3.1610042e-04
   3.4920451e-04
   3.6947637e-04
   3.6856201e-04
   3.6619077e-04
   3.6382837e-04
   3.6237891e-04
   3.7068644e-04
   3.8869317e-04
   4.0670954e-04
   4.1641465e-04
   4.2708316e-04
   4.5021438e-04
   4.7336751e-04
   4.8584378e-04
   4.8463621e-04
   4.8201988e-04
   4.7940342e-04
   4.7799460e-04
   4.7424080e-04
   4.6726340e-04
   4.6027806e-04
   4.5651335e-04
   4.4799392e-04
   4.2950635e-04
   4.1097934e-04
   4.0098686e-04
   3.9318029e-04
   3.5015032e-04
   3.8930087e-04
   4.4738953e-04
   4.3054922e-04
   4.3917897e-04
   4.6485614e-04
   4.4875644e-04
   3.9719530e-04
   3.6679776e-04
   4.0240306e-04
   3.7598072e-04
   3.3390368e-04
   3.4553537e-04
   3.8705224e-04
   4.0689792e-04
   4.1233703e-04
   4.0771678e-04
   3.5220542e-04
   3.5965190e-04
   3.9349988e-04
   3.1662940e-04
   2.8491815e-04
   2.1342581e-04
   1.1077334e-04
   1.0831350e-04
   1.3519548e-04
   1.3694190e-04
   4.3032800e-05
   8.9318565e-06
   8.3712674e-06
   4.6531978e-05
   6.1843871e-05
   1.1419392e-04
   1.3474952e-04
   1.1726560e-04
   1.9690969e-04
   2.3026550e-04
   1.8449646e-04
   1.6848767e-04
   1.8518221e-04
   2.2133947e-04
   2.2975729e-04
   2.4754038e-04
   2.7317473e-04
   2.7624568e-04
   2.2216021e-04
   2.4031711e-04
   2.6412286e-04
   2.7212530e-04
   3.0493141e-04
   2.9270070e-04
   2.6108755e-04
   2.2639327e-04
   2.4287260e-04
   2.6378614e-04
   2.2732729e-04
   1.9598542e-04
   2.1845671e-04
   2.1528528e-04
   2.0394355e-04
   2.0210524e-04
   1.8471614e-04
   2.0893361e-04
   2.2012289e-04
   2.2556703e-04
   1.9931709e-04
   1.8036529e-04
   1.9372670e-04
   2.0283219e-04
   2.0351799e-04
   1.9874181e-04
   1.9860201e-04
   1.4946364e-04
   1.2784022e-04
   1.2455336e-04
   1.0940245e-04
   8.4493344e-05
   8.3885410e-05
   5.6278273e-05
   2.4605376e-05
   4.3500004e-05
   1.8587528e-05
  -3.8972899e-05
  -4.1953268e-05
   7.6380560e-05
  -7.9403235e-05
  -6.5154414e-06
   1.0103696e-04
  -4.1082755e-04
  -1.7813863e-04
  -6.8559800e-05
   6.8719786e-05
   2.0873805e-04
   1.4854713e-04
  -2.4681107e-05
   1.2149133e-04
   1.0320599e-04
   5.1624365e-04
   4.1060672e-04
   1.9233744e-04
  -3.1368715e-04
  -4.9575426e-04
  -2.2963021e-04
   4.4423197e-05
   4.8282756e-05
  -1.6803896e-04
  -9.8507674e-05
   1.2051676e-05
  -1.1097123e-04
  -1.1717627e-04
   3.3783737e-05
   2.4260781e-05
   4.1955800e-05
   1.8248215e-06
  -1.8149430e-05
  -8.0952712e-05
   1.5899138e-05
  -2.7831683e-05
  -4.3126199e-05
   6.4004895e-06
  -1.5617740e-05
   4.2024701e-06
   1.6917900e-05
   3.0960873e-05
   8.3317941e-06
   2.4270573e-05
   7.8427521e-05
   8.9830429e-05
   6.8276034e-05
   2.6956359e-05
   4.0945261e-05
   3.3140054e-05
   6.0030682e-05
   7.5916429e-05
   9.0575539e-05
   8.8265903e-05
   7.2128763e-05
   8.0439140e-05
   7.9643368e-05
   5.8150671e-05
   8.8957035e-05
   8.2160755e-05
   9.2206670e-05
   7.4985840e-05
   5.5440826e-05
   5.4250590e-05
   8.7069660e-05
   7.4150892e-05
   3.3066278e-05
   4.3527796e-05
   3.7954752e-05
   4.3782395e-05
   3.9259712e-05
   6.7217206e-05
   6.0208431e-05
   3.7201973e-05
   4.2287909e-05
   5.8183425e-05
   2.9599668e-05
   4.7416956e-05
   4.5120461e-05
   3.4940063e-05
   7.2402846e-05
   6.6393643e-05
   6.1425979e-05
   4.8783282e-05
   6.6562955e-05
   7.7120800e-05
   5.4454086e-05
   6.0784388e-05
   2.9294383e-05
   4.2004605e-05
   6.6142623e-05
   4.3733217e-05
   4.5227867e-05
   3.6762902e-05
   6.0100818e-07
   1.4103036e-05
   4.8948870e-05
   7.3840402e-05
  -1.2706610e-05
  -3.9163481e-05
  -4.7847719e-05
  -3.7282615e-05
  -1.8038664e-05
  -4.5272168e-05
  -6.2757152e-05
  -5.8079360e-05
  -1.7075910e-05
  -6.2492572e-05
  -5.8317713e-05
  -7.2376022e-05
  -1.2783572e-04
  -6.3183633e-06
   4.7213768e-05
  -1.1257434e-04
  -1.2123190e-04
  -6.4759454e-05
  -7.6852097e-05
  -6.4592562e-05
  -7.0653699e-05
  -7.9466406e-05
  -6.1715239e-05
  -7.3603543e-05
  -2.5276817e-04
  -2.6964883e-04
  -1.0623682e-04
  -9.5802806e-05
  -1.4972472e-04
  -7.8464003e-05
   6.3676959e-05
  -7.4157490e-04
  -1.2662899e-03
  -6.0156576e-04
  -1.1853347e-03
  -1.0574394e-03
  -1.1306423e-03
  -5.5070870e-04
  -2.7254489e-04
  -1.8210881e-04
  -1.0446815e-03
  -2.9970559e-03
  -4.7146319e-03
  -1.7424761e-03
  -2.2684004e-04
  -8.3695346e-04
  -1.7514297e-04
  -8.6697787e-04
  -1.4663214e-03
  -3.2346093e-03
  -3.9807937e-03
  -4.6485321e-03
  -1.3891019e-03
  -7.1313121e-04
  -3.7438427e-03
  -1.9325445e-03
  -7.0399914e-04
  -1.3556014e-03
  -3.8754430e-03
