   1.9368549e-03
   1.4970474e-03
   1.6470336e-03
   1.7612041e-03
   2.5479155e-03
   1.8046499e-03
   1.1211321e-03
   2.0157025e-03
   1.8337063e-03
   2.2016113e-03
   2.0988462e-03
   2.7334454e-03
   1.9876159e-03
   2.3977266e-03
   2.8546014e-03
   2.8809887e-03
   3.2865918e-03
   3.6166668e-03
   3.6362895e-03
   4.0071428e-03
   4.6487389e-03
   4.1465205e-03
   4.6352806e-03
   4.9839153e-03
   5.3898995e-03
   5.2329193e-03
   5.4260125e-03
   5.7031863e-03
   5.8055455e-03
   5.9911268e-03
   5.7757271e-03
   6.1347993e-03
   6.2513220e-03
   6.3722905e-03
   6.5020271e-03
   6.5916203e-03
   6.4656032e-03
   6.6813826e-03
   6.8522509e-03
   6.9076750e-03
   6.7725136e-03
   7.2637145e-03
   7.4628701e-03
   7.6584231e-03
   7.6539931e-03
   7.8638274e-03
   7.0402702e-03
   7.0593236e-03
   7.3223911e-03
   7.4358360e-03
   7.6012531e-03
   7.6967605e-03
   8.0155880e-03
   8.0427948e-03
   8.1821548e-03
   8.3388048e-03
   8.2313893e-03
   8.4024529e-03
   8.4158914e-03
   8.4451493e-03
   8.5264052e-03
   8.6531928e-03
   8.7457714e-03
   8.8512160e-03
   8.9471213e-03
   8.9988689e-03
   9.0984645e-03
   9.1677227e-03
   9.1375389e-03
   9.1849687e-03
   9.2391995e-03
   9.3486169e-03
   9.3435766e-03
   9.4370355e-03
   9.3959864e-03
   9.4361585e-03
   9.2931086e-03
   9.2832118e-03
   9.2196837e-03
   9.2696364e-03
   9.1529252e-03
   8.9727206e-03
   8.8641490e-03
   8.8447278e-03
   8.8484467e-03
   8.8116207e-03
   8.8070992e-03
   8.7857993e-03
   8.7236866e-03
   8.6724343e-03
   8.6080473e-03
   8.5737168e-03
   8.4920040e-03
   8.4409786e-03
   8.3853258e-03
   8.3870243e-03
   8.2886081e-03
   8.1739813e-03
   8.0650198e-03
   8.0105203e-03
   7.9893913e-03
   7.9190275e-03
   7.8915032e-03
   7.7888544e-03
   7.7353378e-03
   7.6932781e-03
   7.6214810e-03
   7.5376108e-03
   7.4767660e-03
   7.4073118e-03
   7.3708542e-03
   7.3228745e-03
   7.3026758e-03
   7.3002321e-03
   7.3056803e-03
   7.2920967e-03
   7.2840629e-03
   7.2607034e-03
   7.2670615e-03
   7.2594320e-03
   7.2219184e-03
   7.2136939e-03
   7.1772194e-03
   7.1332548e-03
   7.0838507e-03
   7.0433385e-03
   6.9846718e-03
   6.9532900e-03
   6.9174583e-03
   6.8965184e-03
   6.8773033e-03
   6.8312446e-03
   6.7199401e-03
   6.6137475e-03
   6.5353391e-03
   6.4565786e-03
   6.3679394e-03
   6.2585898e-03
   6.1411702e-03
   6.0157808e-03
   5.9030667e-03
   5.7717939e-03
   5.6266085e-03
   5.4734590e-03
   5.3301499e-03
   5.1641614e-03
   4.9733618e-03
   4.7816166e-03
   4.6059792e-03
   4.4548304e-03
   4.3564686e-03
   4.2970378e-03
   4.2544007e-03
   4.1984643e-03
   4.1582289e-03
   4.1199943e-03
   4.0798558e-03
   4.0358975e-03
   3.9895339e-03
   3.9368029e-03
   3.8748985e-03
   3.8275946e-03
   3.7710423e-03
   3.7133708e-03
   3.6552101e-03
   3.5985133e-03
   3.5459907e-03
   3.4721599e-03
   3.4101813e-03
   3.3415461e-03
   3.2739336e-03
   3.2132503e-03
   3.1393129e-03
   3.0634322e-03
   3.0022488e-03
   2.9414609e-03
   2.8884899e-03
   2.8454509e-03
   2.8093737e-03
   2.7661725e-03
   2.7183316e-03
   2.6747295e-03
   2.6243666e-03
   2.5719330e-03
   2.5243071e-03
   2.4631587e-03
   2.3963842e-03
   2.3417675e-03
   2.2795536e-03
   2.2106325e-03
   2.1409373e-03
   2.0826157e-03
   2.0080456e-03
   1.9285901e-03
   1.8561811e-03
   1.7884451e-03
   1.7120217e-03
   1.6261809e-03
   1.5389029e-03
   1.4652407e-03
   1.4049087e-03
   1.3475646e-03
   1.2951214e-03
   1.2389679e-03
   1.1979494e-03
   1.1556409e-03
   1.1220034e-03
   1.0859920e-03
   1.0658363e-03
   1.0449243e-03
   1.0256074e-03
   1.0118195e-03
   1.0069074e-03
   9.9074923e-04
   9.8071471e-04
   9.7300067e-04
   9.6498931e-04
   9.5117637e-04
   9.3099267e-04
   9.1628822e-04
   9.2432866e-04
   9.1727619e-04
   9.1214622e-04
   9.0731407e-04
   8.8156242e-04
   8.6404367e-04
   8.3367370e-04
   8.1951202e-04
   8.1622374e-04
   7.9364568e-04
   7.9060405e-04
   7.7456693e-04
   7.6444279e-04
   7.4858760e-04
   7.4639881e-04
   7.4124980e-04
   7.2132736e-04
   7.0559543e-04
   6.7627061e-04
   6.7151768e-04
   6.7004995e-04
   6.6166022e-04
   6.4471173e-04
   6.4004905e-04
   6.3085839e-04
   6.2162675e-04
   6.2515468e-04
   6.1264967e-04
   6.1006533e-04
   6.0566594e-04
   5.9706009e-04
   5.8307097e-04
   5.7457796e-04
   5.7465119e-04
   5.7552662e-04
   5.6706621e-04
   5.6184130e-04
   5.5897573e-04
   5.4136963e-04
   5.4935211e-04
   5.4490400e-04
   5.2841124e-04
   5.2390958e-04
   5.2071834e-04
   4.7630044e-04
   4.5355984e-04
   4.3922210e-04
   4.2562494e-04
   4.1871033e-04
   4.0061600e-04
   3.8940124e-04
   3.9213384e-04
   3.8534427e-04
   3.6559189e-04
   3.6058759e-04
   3.4296389e-04
   3.2777865e-04
   3.1603403e-04
   3.0451727e-04
   2.9561479e-04
   2.8631237e-04
   2.7806903e-04
   2.6485337e-04
   2.3334791e-04
   1.9924551e-04
   1.6518369e-04
   1.3369500e-04
   1.3555055e-04
   1.4861600e-04
   1.3452528e-04
   1.2841980e-04
   1.1592156e-04
   1.0229456e-04
   1.2086918e-04
   1.1513012e-04
   1.2652579e-04
   1.5391826e-04
   1.3458908e-04
   1.3888036e-04
   1.6565776e-04
   1.6235700e-04
   1.6654109e-04
   1.5945075e-04
   1.6729329e-04
   1.6981477e-04
   1.5626203e-04
   1.7272498e-04
   1.5834114e-04
   1.5394972e-04
   1.4867791e-04
   1.6697212e-04
   1.4521945e-04
   1.5043047e-04
   1.4643865e-04
   8.4487759e-05
   4.4339328e-05
  -8.3951924e-06
   4.8719269e-05
   4.5095571e-05
   7.7275714e-05
   8.0275946e-05
   7.6826845e-05
   9.5620564e-05
   7.6872002e-05
   6.9245085e-05
   8.0154254e-05
   6.9526577e-05
   6.2573132e-05
   4.6556499e-05
   5.5030376e-05
   6.1983382e-05
   4.4592031e-05
   4.3272402e-05
   3.0861613e-05
   1.6553007e-05
   6.3686236e-06
   2.0240028e-05
   1.0625483e-05
   6.1918009e-06
   1.6936834e-05
   1.4112059e-05
   9.6512299e-06
  -1.1513087e-05
   1.4236171e-05
   1.8819810e-05
   1.3007172e-05
   2.4397322e-05
   1.8481935e-05
  -1.9725818e-05
  -1.8279976e-05
  -7.0635437e-05
  -7.9848949e-05
  -6.9654463e-05
  -1.0167285e-04
  -1.1393867e-04
  -1.0479540e-04
  -1.1969149e-04
  -9.1884773e-05
  -6.1829176e-05
  -6.2263929e-05
  -7.2713452e-05
  -1.1114822e-04
  -8.9993089e-05
  -7.4626878e-05
  -9.1118687e-05
  -4.6921899e-05
  -7.5121466e-05
  -6.9833994e-05
  -4.1638928e-05
  -3.4246400e-05
  -6.8337203e-05
  -6.1754654e-05
  -7.5317064e-05
  -7.2800537e-05
  -5.4697102e-05
  -9.4962202e-05
  -7.0524625e-05
  -8.2790498e-05
  -7.1942030e-05
  -5.9725080e-05
  -4.0093908e-05
  -4.6730132e-05
  -4.7339424e-05
  -6.9269974e-05
  -8.8190998e-05
  -6.6199473e-05
  -4.0842345e-05
  -3.8817005e-05
  -9.6352345e-05
  -5.8127229e-05
  -9.0813709e-05
  -1.3921233e-04
  -5.8314181e-05
  -8.9373176e-05
  -9.2071533e-05
  -7.6001811e-05
  -1.1398425e-04
  -1.1576640e-04
  -1.0310944e-04
  -1.2862107e-04
  -6.6284826e-05
  -1.2459736e-04
  -1.4754798e-04
  -1.3797879e-04
  -2.0928780e-04
  -1.4311890e-04
  -2.0722550e-04
  -1.6956026e-04
  -1.9207112e-04
  -2.2961255e-04
  -2.4376118e-04
  -2.2051462e-04
  -2.6962115e-04
  -2.3453168e-04
  -2.6434623e-04
  -2.2237538e-04
  -2.1903419e-04
  -3.2404795e-04
  -2.5963144e-04
  -2.2911002e-04
  -2.3533747e-04
  -3.4674814e-04
  -2.6679276e-04
  -2.8411447e-04
  -2.5747791e-04
  -1.6601473e-04
  -2.0113042e-04
  -2.8697029e-04
  -1.9648658e-04
  -2.2845782e-04
  -2.3854071e-04
  -2.4852814e-04
  -1.6299377e-04
  -2.9518649e-04
  -3.6274979e-04
  -1.3610726e-04
  -4.4157233e-04
  -2.8982044e-04
  -4.3619494e-04
  -1.1467527e-04
  -2.8368020e-04
  -2.3202018e-04
  -2.1945133e-04
  -1.1865558e-04
  -1.6028240e-04
  -1.4500089e-04
  -1.1432320e-04
  -4.0118969e-04
  -2.1151254e-04
  -3.0930444e-04
  -3.5626891e-04
  -4.6088504e-04
  -4.4708821e-04
  -1.9050155e-04
  -3.7643235e-04
  -4.8947847e-05
  -1.6226551e-04
  -3.7572618e-04
  -2.7942071e-04
  -4.1825425e-04
  -2.9085369e-04
  -1.7700568e-04
  -2.2551527e-04
  -1.8338306e-04
  -1.8338306e-04
  -2.0253796e-04
  -2.9154036e-04
  -3.5530700e-04
  -3.6072800e-04
  -4.6822335e-04
  -2.2625143e-05
  -1.5207646e-04
  -1.7521909e-04
  -3.3438003e-04
  -6.2701211e-05
  -1.9132795e-04
  -2.1403726e-04
  -5.9760316e-04
  -9.3865962e-05
   3.4061568e-06
   3.2067950e-05
  -1.8010856e-04
  -1.9569779e-04
  -4.0782040e-04
  -5.0182588e-04
   3.9637554e-06
  -3.7073403e-04
  -2.1799313e-04
  -1.5001055e-04
  -2.3146070e-04
   1.9785122e-04
  -5.8716961e-05
  -1.8526411e-04
  -6.4115990e-04
  -2.6815204e-04
  -4.3807485e-04
  -5.1291075e-04
   2.6990674e-05
  -9.5604873e-05
  -8.6604475e-05
  -7.6267554e-05
  -2.6027324e-05
  -8.4197158e-05
  -1.1981850e-04
  -1.4056144e-04
  -1.9435374e-04
  -2.4794597e-04
  -2.8082679e-04
  -2.7401946e-04
  -2.5926452e-04
  -2.4450171e-04
  -2.3654924e-04
  -2.2902639e-04
  -2.1271541e-04
  -1.9638898e-04
  -1.8759131e-04
  -1.8409101e-04
  -1.7650686e-04
  -1.6892275e-04
  -1.6483887e-04
  -1.6528565e-04
  -1.6611610e-04
  -1.6694748e-04
  -1.6739556e-04
  -1.8169565e-04
  -2.1272750e-04
  -2.4382574e-04
  -2.6059839e-04
  -2.6317447e-04
  -2.7737403e-04
  -2.9246978e-04
  -2.0619064e-04
  -1.8265150e-04
  -2.5269924e-04
  -2.2611279e-04
  -1.9658630e-04
  -2.2619829e-04
  -3.1745104e-04
  -2.8817949e-04
  -2.6027946e-04
  -2.8952834e-04
  -2.5586340e-04
  -2.1554739e-04
  -1.7875574e-04
  -1.3980874e-04
  -1.8466326e-04
  -2.9668326e-04
  -2.6871210e-04
  -2.5338531e-04
  -3.7191616e-04
  -4.7519981e-04
  -4.5175391e-04
  -4.5260685e-04
  -4.1472965e-04
  -3.8931442e-04
  -4.6921334e-04
  -5.5949447e-04
  -6.3465933e-04
  -5.3781162e-04
  -4.6082980e-04
  -4.9991069e-04
  -5.4428679e-04
  -4.2566233e-04
  -3.8017496e-04
  -3.7604999e-04
  -3.6240303e-04
  -4.5680244e-04
  -5.0477623e-04
  -4.4766135e-04
  -4.3249480e-04
  -4.1632858e-04
  -3.5883072e-04
  -3.2656235e-04
  -3.6667536e-04
  -4.0656553e-04
  -4.4652460e-04
  -3.6958029e-04
  -3.5108538e-04
  -3.9040758e-04
  -3.4429231e-04
  -3.5043932e-04
  -3.8145271e-04
  -4.0997165e-04
  -3.8413392e-04
  -3.5682623e-04
  -4.0934247e-04
  -3.7952045e-04
  -3.6741634e-04
  -4.0684575e-04
  -3.6634185e-04
  -3.6680771e-04
  -3.5159210e-04
  -3.3335213e-04
  -3.4322131e-04
  -4.2990777e-04
  -4.1133105e-04
  -3.6075709e-04
  -4.2939388e-04
  -4.4764462e-04
  -4.0898509e-04
  -3.9218749e-04
  -4.2953333e-04
  -5.2904512e-04
  -5.4587413e-04
  -4.9807676e-04
  -5.3772234e-04
  -4.6223915e-04
  -5.2405708e-04
  -5.5307497e-04
  -4.6945790e-04
  -3.9826204e-04
  -5.9152457e-04
  -7.0394203e-04
  -1.7870726e-04
  -4.9270258e-04
  -7.1343575e-04
  -7.1546709e-04
  -1.1172797e-03
  -7.3708152e-04
  -8.0730704e-04
  -8.3181384e-04
  -8.6008794e-04
  -9.4077769e-04
  -1.6685894e-03
  -8.8193037e-04
   4.1789624e-04
   4.2222906e-04
  -8.5106576e-04
  -7.7364629e-04
  -7.3818147e-04
  -7.2940983e-04
  -7.1970434e-04
  -2.6719640e-04
  -2.6610938e-04
  -1.0429692e-03
  -1.0073770e-03
  -6.4765101e-04
  -6.5148791e-04
  -6.5042403e-04
  -3.3074117e-04
  -5.0931428e-04
  -5.2072119e-04
  -5.2057037e-04
  -6.5904056e-04
  -6.5813169e-04
  -6.5926622e-04
  -6.5819801e-04
  -5.4544552e-04
  -5.6932897e-04
  -5.2188909e-04
  -3.5469082e-04
  -4.4488974e-04
  -4.6753357e-04
  -4.4089575e-04
  -3.7262659e-04
  -4.3240141e-04
  -4.8576486e-04
  -4.5986966e-04
  -4.6886964e-04
  -5.1168276e-04
  -5.8954307e-04
  -5.2090735e-04
  -5.2707288e-04
  -4.9357476e-04
  -4.2521398e-04
  -4.2886984e-04
  -4.2991091e-04
  -4.2989198e-04
  -4.9648589e-04
  -4.6035302e-04
  -4.2079369e-04
  -4.4712299e-04
  -4.4319450e-04
  -4.7845407e-04
  -5.1486675e-04
  -5.2047626e-04
  -5.5473486e-04
  -5.1622005e-04
  -5.8696484e-04
  -6.2269106e-04
  -5.4314036e-04
  -5.7997761e-04
  -5.4403738e-04
  -6.2045574e-04
  -6.2396292e-04
  -5.0981540e-04
  -5.0721926e-04
  -4.6890919e-04
  -5.4481992e-04
  -6.5910439e-04
  -5.3453725e-04
  -4.5270224e-04
  -5.3482461e-04
  -5.3453621e-04
  -5.7328525e-04
  -4.8246697e-04
  -4.3789258e-04
  -5.2362948e-04
  -6.0609453e-04
  -6.5318444e-04
  -5.1728604e-04
  -5.0747362e-04
  -5.9672313e-04
  -5.0207625e-04
  -4.9919749e-04
  -4.4923745e-04
  -4.4905743e-04
  -4.4214547e-04
  -4.8941816e-04
  -5.8839549e-04
  -5.3038413e-04
  -5.2574843e-04
  -5.7916109e-04
  -6.3552935e-04
  -6.9762963e-04
  -6.9263523e-04
  -6.8994346e-04
  -6.2908793e-04
  -6.2796412e-04
  -6.2506363e-04
  -6.1885382e-04
  -5.4934388e-04
  -5.4346108e-04
  -4.5902428e-04
  -6.0388291e-04
  -6.8039384e-04
  -5.8906192e-04
  -5.8604757e-04
  -6.7833656e-04
  -6.7296224e-04
  -6.6940877e-04
  -6.5894066e-04
  -6.4971281e-04
  -6.5278024e-04
  -6.4315344e-04
  -6.5691879e-04
  -6.7847377e-04
  -6.4965567e-04
  -1.1220402e-03
  -6.5466374e-04
  -6.5458550e-04
  -7.0112923e-04
  -7.5569223e-04
  -6.3865792e-04
  -2.1095613e-03
  -3.9738747e-03
  -2.5483002e-03
  -8.0700040e-04
  -2.8939896e-03
  -2.8240190e-03
  -5.3427725e-03
  -5.8529123e-03
  -8.1575243e-04
  -7.3852733e-04
  -3.6304625e-03
  -6.7368769e-03
  -9.7241002e-04
   2.1722189e-03
  -6.7322772e-03
  -1.0234458e-02
  -7.1298696e-03
  -3.8861795e-03
  -3.7442300e-03
  -6.6634855e-03
  -9.9505398e-03
  -7.0414843e-03
  -3.7632366e-03
  -1.3473818e-02
