   1.6772661e-03
   1.7796678e-03
   1.6143080e-03
   1.6567964e-03
   1.8484162e-03
   1.7342253e-03
   1.6935296e-03
   1.8521358e-03
   1.8799032e-03
   2.3150388e-03
   2.0754752e-03
   2.5435812e-03
   2.4659118e-03
   2.9237067e-03
   3.3814589e-03
   3.7370850e-03
   4.1437821e-03
   4.4856498e-03
   4.6656446e-03
   5.0693821e-03
   5.8727026e-03
   5.2924155e-03
   5.9256938e-03
   6.3017861e-03
   6.8677488e-03
   6.7018187e-03
   6.9485390e-03
   7.3260924e-03
   7.4167684e-03
   7.6544148e-03
   7.3737664e-03
   7.8452938e-03
   7.9950056e-03
   8.1460601e-03
   8.2545191e-03
   8.3576616e-03
   8.2091003e-03
   8.4805948e-03
   8.6712581e-03
   8.7252936e-03
   8.5192939e-03
   9.1357146e-03
   9.3950118e-03
   9.6005229e-03
   9.5664592e-03
   9.8065147e-03
   8.7288857e-03
   8.7399685e-03
   9.0341555e-03
   9.1478914e-03
   9.3662151e-03
   9.4529098e-03
   9.8115534e-03
   9.8271112e-03
   9.9782883e-03
   1.0135037e-02
   9.9798471e-03
   1.0180651e-02
   1.0186163e-02
   1.0163247e-02
   1.0260542e-02
   1.0384584e-02
   1.0490445e-02
   1.0586189e-02
   1.0683118e-02
   1.0711825e-02
   1.0787773e-02
   1.0857331e-02
   1.0834792e-02
   1.0842478e-02
   1.0908583e-02
   1.1003839e-02
   1.0990842e-02
   1.1061786e-02
   1.1020207e-02
   1.1053006e-02
   1.0876262e-02
   1.0858213e-02
   1.0782392e-02
   1.0824246e-02
   1.0665416e-02
   1.0439190e-02
   1.0295876e-02
   1.0273385e-02
   1.0267253e-02
   1.0218748e-02
   1.0198386e-02
   1.0159131e-02
   1.0084610e-02
   1.0008289e-02
   9.9283170e-03
   9.8773456e-03
   9.7741604e-03
   9.7021061e-03
   9.6315971e-03
   9.6188636e-03
   9.5008508e-03
   9.3690148e-03
   9.2411237e-03
   9.1794433e-03
   9.1449747e-03
   9.0611592e-03
   9.0197286e-03
   8.8964357e-03
   8.8317887e-03
   8.7743165e-03
   8.6940330e-03
   8.5974416e-03
   8.5198964e-03
   8.4352520e-03
   8.3911468e-03
   8.3253172e-03
   8.2944543e-03
   8.2784776e-03
   8.2765814e-03
   8.2445110e-03
   8.2296682e-03
   8.1984959e-03
   8.1860952e-03
   8.1648516e-03
   8.1176080e-03
   8.0986131e-03
   8.0479601e-03
   7.9927185e-03
   7.9271003e-03
   7.8764947e-03
   7.8104798e-03
   7.7674985e-03
   7.7266831e-03
   7.6991054e-03
   7.6730444e-03
   7.6254168e-03
   7.4956533e-03
   7.3709825e-03
   7.2925332e-03
   7.2074452e-03
   7.1074627e-03
   6.9920833e-03
   6.8661048e-03
   6.7357264e-03
   6.6126471e-03
   6.4637763e-03
   6.3077675e-03
   6.1406098e-03
   5.9869134e-03
   5.8123447e-03
   5.6203163e-03
   5.4274613e-03
   5.2466749e-03
   5.0901066e-03
   4.9881479e-03
   4.9212671e-03
   4.8687147e-03
   4.8117906e-03
   4.7626509e-03
   4.7162245e-03
   4.6638799e-03
   4.6138051e-03
   4.5633908e-03
   4.5020005e-03
   4.4322363e-03
   4.3743704e-03
   4.3100798e-03
   4.2528332e-03
   4.1820548e-03
   4.1196135e-03
   4.0594774e-03
   3.9878301e-03
   3.9128299e-03
   3.8376572e-03
   3.7669454e-03
   3.6957842e-03
   3.6165875e-03
   3.5382260e-03
   3.4691705e-03
   3.4063093e-03
   3.3506100e-03
   3.3012865e-03
   3.2538551e-03
   3.2096740e-03
   3.1562020e-03
   3.1025235e-03
   3.0534774e-03
   2.9953895e-03
   2.9345504e-03
   2.8698323e-03
   2.7937563e-03
   2.7289715e-03
   2.6591327e-03
   2.5845055e-03
   2.5136154e-03
   2.4468085e-03
   2.3708881e-03
   2.3001634e-03
   2.2273323e-03
   2.1516238e-03
   2.0680102e-03
   1.9727847e-03
   1.8727455e-03
   1.7801681e-03
   1.7122342e-03
   1.6524773e-03
   1.6021360e-03
   1.5525652e-03
   1.5092595e-03
   1.4680305e-03
   1.4377657e-03
   1.4067573e-03
   1.3869782e-03
   1.3635809e-03
   1.3443518e-03
   1.3266708e-03
   1.3105461e-03
   1.2934996e-03
   1.2786565e-03
   1.2702335e-03
   1.2644075e-03
   1.2435679e-03
   1.2213784e-03
   1.2088181e-03
   1.2072623e-03
   1.2044860e-03
   1.1961627e-03
   1.1705821e-03
   1.1433808e-03
   1.1134313e-03
   1.0885854e-03
   1.0698266e-03
   1.0591418e-03
   1.0422981e-03
   1.0303254e-03
   1.0113659e-03
   1.0008575e-03
   9.8159487e-04
   9.7482944e-04
   9.6616211e-04
   9.4029973e-04
   9.0912977e-04
   8.8043099e-04
   8.6899390e-04
   8.5899318e-04
   8.5182511e-04
   8.3969765e-04
   8.3344196e-04
   8.2898660e-04
   8.1799656e-04
   8.1997200e-04
   8.1111633e-04
   8.1182459e-04
   8.0640470e-04
   7.9094193e-04
   7.7227730e-04
   7.6138847e-04
   7.5742319e-04
   7.5853118e-04
   7.4999952e-04
   7.4516945e-04
   7.4057568e-04
   7.2539059e-04
   7.2232275e-04
   7.1597069e-04
   6.9939670e-04
   6.9036123e-04
   6.7176353e-04
   6.2003782e-04
   5.8447496e-04
   5.5821355e-04
   5.4424377e-04
   5.2639128e-04
   5.0687816e-04
   5.0097187e-04
   5.1087879e-04
   5.0138247e-04
   4.7248357e-04
   4.5008770e-04
   4.3756739e-04
   4.2903744e-04
   4.1450291e-04
   4.0570288e-04
   3.9644097e-04
   3.8817704e-04
   3.7587606e-04
   3.6210304e-04
   3.2688996e-04
   2.7144730e-04
   2.0599944e-04
   1.6057008e-04
   1.6438663e-04
   1.7608838e-04
   1.6990037e-04
   1.4670639e-04
   1.3287010e-04
   1.2655692e-04
   1.3071357e-04
   1.4231252e-04
   1.6994661e-04
   1.9894437e-04
   2.0055453e-04
   2.1140724e-04
   2.1937337e-04
   2.2554105e-04
   2.3939534e-04
   2.4724282e-04
   2.3721615e-04
   2.4190449e-04
   2.4345980e-04
   2.4549095e-04
   2.3479084e-04
   2.2433618e-04
   2.2530861e-04
   2.2971924e-04
   2.1918548e-04
   2.1321053e-04
   1.7958295e-04
   9.4466996e-05
   5.8367120e-06
  -1.4443944e-05
   1.8148080e-05
   6.2753808e-05
   1.0800389e-04
   1.2575260e-04
   1.3821227e-04
   1.3345928e-04
   1.2728666e-04
   1.3019127e-04
   1.2125067e-04
   1.1807162e-04
   1.1152091e-04
   9.3704541e-05
   9.6089866e-05
   8.6486922e-05
   7.4264923e-05
   6.9892029e-05
   4.6352121e-05
   3.7097842e-05
   3.0139149e-05
   3.0719483e-05
   2.8592586e-05
   2.8732875e-05
   2.7255211e-05
   1.5872854e-05
   1.5488173e-05
  -5.2563935e-06
  -6.9710966e-06
   8.4701401e-06
   1.1414208e-05
   1.0152879e-05
   1.4443957e-05
  -5.2330611e-06
  -5.8709045e-05
  -8.7017770e-05
  -1.2226440e-04
  -1.4038220e-04
  -1.5769426e-04
  -1.5038862e-04
  -1.4428708e-04
  -1.2209868e-04
  -1.2590265e-04
  -1.2228143e-04
  -1.2033563e-04
  -1.1781163e-04
  -1.3417525e-04
  -1.3195343e-04
  -1.3300342e-04
  -1.2417921e-04
  -1.0441772e-04
  -9.8033110e-05
  -1.0356177e-04
  -8.1360002e-05
  -9.6378661e-05
  -9.1469414e-05
  -8.8206818e-05
  -7.8771135e-05
  -7.8244054e-05
  -8.7775679e-05
  -9.6521137e-05
  -9.1224457e-05
  -9.8587347e-05
  -9.2526982e-05
  -9.5351213e-05
  -8.3528936e-05
  -8.9118858e-05
  -9.0876411e-05
  -9.4416973e-05
  -1.0757127e-04
  -9.8454918e-05
  -8.0906232e-05
  -7.9343798e-05
  -1.0502433e-04
  -1.0209913e-04
  -1.0969401e-04
  -1.1912866e-04
  -1.0609721e-04
  -1.2575541e-04
  -1.2951711e-04
  -1.2228280e-04
  -1.5780695e-04
  -1.3755474e-04
  -1.5165422e-04
  -1.9761948e-04
  -1.5737330e-04
  -1.5572897e-04
  -1.9145166e-04
  -1.8189408e-04
  -2.0046311e-04
  -2.1557900e-04
  -2.5052394e-04
  -2.5852965e-04
  -2.7559387e-04
  -2.7930256e-04
  -3.2323836e-04
  -3.4360386e-04
  -3.7821595e-04
  -3.5281201e-04
  -3.3488199e-04
  -3.2489646e-04
  -3.0146622e-04
  -3.4446123e-04
  -3.4347086e-04
  -3.2951276e-04
  -3.4701680e-04
  -4.0611407e-04
  -3.5921394e-04
  -3.5781322e-04
  -3.5765054e-04
  -3.3840209e-04
  -3.5444978e-04
  -3.1662735e-04
  -3.0568091e-04
  -3.2604562e-04
  -3.3040347e-04
  -3.3560470e-04
  -3.5057492e-04
  -3.7193628e-04
  -5.1685217e-04
  -4.4695701e-04
  -4.7730609e-04
  -3.7723675e-04
  -4.6319684e-04
  -4.4761710e-04
  -4.8298455e-04
  -4.4097466e-04
  -5.4694076e-04
  -4.4813561e-04
  -5.3570069e-04
  -5.4409058e-04
  -4.1901722e-04
  -6.2634354e-04
  -5.2671968e-04
  -4.8951714e-04
  -5.1688529e-04
  -5.1712926e-04
  -5.0275307e-04
  -4.5339768e-04
  -4.7105315e-04
  -4.5116554e-04
  -4.0435004e-04
  -4.4404066e-04
  -4.2465673e-04
  -3.9062768e-04
  -4.2721726e-04
  -3.9143363e-04
  -4.4373611e-04
  -3.7715635e-04
  -3.7715635e-04
  -3.4997270e-04
  -4.0693271e-04
  -3.8464301e-04
  -3.8274810e-04
  -3.7537827e-04
  -1.8177688e-04
  -3.2216235e-04
  -3.4725981e-04
  -3.8668157e-04
  -3.3476882e-04
  -2.8606507e-04
  -2.7746641e-04
  -3.1679241e-04
  -3.7046919e-04
  -2.6059043e-04
  -2.2821408e-04
  -2.8001689e-04
  -2.4289020e-04
  -2.8291111e-04
  -3.0064699e-04
  -2.9477943e-04
  -2.6107723e-04
  -2.2123016e-04
  -2.0349490e-04
  -1.8903325e-04
  -3.4325468e-04
  -2.3952017e-04
  -1.9278705e-04
  -3.3232403e-04
  -3.2938109e-04
  -4.2630074e-04
  -4.6086060e-04
  -4.1945994e-04
  -4.6275915e-04
  -4.6819975e-04
  -4.6720913e-04
  -4.5459538e-04
  -4.2149130e-04
  -4.0121943e-04
  -4.0213380e-04
  -4.0450504e-04
  -4.0686744e-04
  -4.0831690e-04
  -4.0000936e-04
  -3.8200263e-04
  -3.6398627e-04
  -3.5428115e-04
  -3.4361264e-04
  -3.2048142e-04
  -2.9732830e-04
  -2.8485202e-04
  -2.8605960e-04
  -2.8867593e-04
  -2.9129239e-04
  -2.9270121e-04
  -2.9645501e-04
  -3.0343241e-04
  -3.1041775e-04
  -3.1418246e-04
  -3.2270189e-04
  -3.4118945e-04
  -3.5971646e-04
  -3.6970895e-04
  -3.7751552e-04
  -4.2054548e-04
  -3.8139493e-04
  -3.2330627e-04
  -3.4014658e-04
  -3.3151684e-04
  -3.0583967e-04
  -3.2193936e-04
  -3.7350051e-04
  -4.0389804e-04
  -3.6829275e-04
  -3.9471508e-04
  -4.3679213e-04
  -4.2516044e-04
  -3.8364356e-04
  -3.6379788e-04
  -3.5835878e-04
  -3.6297903e-04
  -4.1849038e-04
  -4.1104391e-04
  -3.7719592e-04
  -4.5406641e-04
  -4.8577765e-04
  -5.5726999e-04
  -6.5992247e-04
  -6.6238231e-04
  -6.3550032e-04
  -6.3375391e-04
  -7.2766301e-04
  -7.6176395e-04
  -7.6232454e-04
  -7.2416383e-04
  -7.0885193e-04
  -6.5650189e-04
  -6.3594628e-04
  -6.5343020e-04
  -5.7378612e-04
  -5.4043031e-04
  -5.8619935e-04
  -6.0220813e-04
  -5.8551360e-04
  -5.4935634e-04
  -5.4093852e-04
  -5.2315543e-04
  -4.9752107e-04
  -4.9445013e-04
  -5.4853560e-04
  -5.3037869e-04
  -5.0657295e-04
  -4.9857050e-04
  -4.6576439e-04
  -4.7799510e-04
  -5.0960826e-04
  -5.4430254e-04
  -5.2782321e-04
  -5.0690967e-04
  -5.4336852e-04
  -5.7471038e-04
  -5.5223910e-04
  -5.5541053e-04
  -5.6675225e-04
  -5.6859057e-04
  -5.8597966e-04
  -5.6176220e-04
  -5.5057292e-04
  -5.4512878e-04
  -5.7137872e-04
  -5.9033051e-04
  -5.7696911e-04
  -5.6786361e-04
  -5.6717782e-04
  -5.7195400e-04
  -5.7209380e-04
  -6.2123217e-04
  -6.4285558e-04
  -6.4614245e-04
  -6.6129336e-04
  -6.8620246e-04
  -6.8681040e-04
  -7.1441753e-04
  -7.4609043e-04
  -7.2719580e-04
  -7.5210828e-04
  -8.0966870e-04
  -8.1264907e-04
  -6.9431525e-04
  -8.5009904e-04
  -7.7721125e-04
  -6.6965884e-04
  -1.1815234e-03
  -9.4883444e-04
  -8.3925561e-04
  -7.0197602e-04
  -5.6195775e-04
  -6.2214868e-04
  -7.9537691e-04
  -6.4920447e-04
  -6.6748982e-04
  -2.5445216e-04
  -3.6008909e-04
  -5.7835837e-04
  -1.0843830e-03
  -1.2664501e-03
  -1.0003260e-03
  -7.2627261e-04
  -7.2241305e-04
  -9.3873477e-04
  -8.6920348e-04
  -7.5864413e-04
  -8.8166704e-04
  -8.8787208e-04
  -7.3691207e-04
  -7.4643502e-04
  -7.2874001e-04
  -7.6887098e-04
  -7.8884524e-04
  -8.5164852e-04
  -7.5479667e-04
  -7.9852749e-04
  -8.1382200e-04
  -7.6429532e-04
  -7.8631355e-04
  -7.6649334e-04
  -7.5377791e-04
  -7.3973493e-04
  -7.6236401e-04
  -7.4642523e-04
  -6.9226828e-04
  -6.8086538e-04
  -7.0241977e-04
  -7.4373945e-04
  -7.2975054e-04
  -7.3755575e-04
  -7.1066512e-04
  -6.9477938e-04
  -6.8012027e-04
  -6.8242990e-04
  -6.9856704e-04
  -6.9025667e-04
  -6.9105244e-04
  -7.1254513e-04
  -6.8173877e-04
  -6.8853505e-04
  -6.7848914e-04
  -6.9570997e-04
  -7.1525498e-04
  -7.1644522e-04
  -6.8362615e-04
  -6.9654491e-04
  -7.3762953e-04
  -7.2716801e-04
  -7.3274105e-04
  -7.2691341e-04
  -7.3143609e-04
  -7.0347860e-04
  -7.1048737e-04
  -7.3349383e-04
  -7.2840790e-04
  -7.1251238e-04
  -7.4109614e-04
  -7.2327885e-04
  -7.2557534e-04
  -7.3575574e-04
  -6.9829296e-04
  -7.0430216e-04
  -7.0926983e-04
  -7.2191252e-04
  -7.0413285e-04
  -6.9357501e-04
  -7.1624172e-04
  -7.0991142e-04
  -7.4140142e-04
  -7.2869120e-04
  -7.0455318e-04
  -7.2696259e-04
  -7.2546794e-04
  -7.3393290e-04
  -7.7009480e-04
  -7.5659277e-04
  -7.2174694e-04
  -6.9685540e-04
  -7.8340242e-04
  -8.0985929e-04
  -8.1854352e-04
  -8.0797842e-04
  -7.8873447e-04
  -8.1596797e-04
  -8.3345296e-04
  -8.2877517e-04
  -7.8777172e-04
  -8.3318838e-04
  -8.2901352e-04
  -8.4307183e-04
  -8.9853152e-04
  -7.7701417e-04
  -7.2348204e-04
  -8.8327014e-04
  -8.9192770e-04
  -8.3545526e-04
  -8.4754790e-04
  -8.3528837e-04
  -8.4134950e-04
  -8.5016221e-04
  -8.3241104e-04
  -8.4429935e-04
  -1.0234640e-03
  -1.0403446e-03
  -8.7693263e-04
  -8.6649861e-04
  -9.2042052e-04
  -8.4915981e-04
  -7.0701885e-04
  -1.5122707e-03
  -2.0369857e-03
  -1.3722616e-03
  -1.9560305e-03
  -1.8281352e-03
  -1.9013381e-03
  -1.3214045e-03
  -1.0432407e-03
  -9.5280462e-04
  -1.8153773e-03
  -3.7677518e-03
  -5.4853277e-03
  -2.5131719e-03
  -9.9753585e-04
  -1.6076493e-03
  -9.4583878e-04
  -1.6376737e-03
  -2.2370172e-03
  -4.0053051e-03
  -4.7514895e-03
  -5.4192280e-03
  -2.1597977e-03
  -1.4838270e-03
  -4.5145385e-03
  -2.7032403e-03
  -1.4746949e-03
  -2.1262972e-03
  -4.6461388e-03
